   0.345159  -0.0659159    0.727154     2.77275     1.69407    -2.83265   0.0208293    -1.77879  -0.0364217     0.99962   -0.668932   0.0467975 -0.00478575    -1.70346  -0.0622767    0.890602   -0.634987   0.0427115  -0.0236055   0.0327607   -0.707632    0.659625   0.0465484   -0.996233    0.676377    0.443535   -0.279072    -0.69928   -0.614039   -0.100137   -0.940449   -0.642097     0.31942    0.179788
   0.287537  -0.0471593    0.732606      2.7418     1.65924    -2.82515 -0.00908722    -1.90006  -0.0399119     1.01067     -0.5976   0.0692237  -0.0166032    -1.81217  -0.0464681    0.875267   -0.550094   0.0710512   -0.208345   -0.111727   -0.832697    0.356387    0.263875    -1.25237   -0.606743    0.786045    0.340426   -0.997845   -0.334504   -0.466559   -0.734654   -0.195812    0.281548   0.0933815
  0.315733  0.0316414   0.712669    2.69517    1.63083   -2.89582   0.026513   -1.91986  0.0129384    1.08164   -0.67437   0.204652 -0.0334267   -1.73292 -0.0491467   0.755606   -0.53544   0.192278  0.0162668  0.0191947  -0.730085   0.222523   0.344929   -1.36854  -0.662281    0.72413   0.516056   -1.25227  -0.652275  -0.374699  -0.746301   -0.33801    0.65083   0.342904
   0.111547   -0.138416    0.758616      2.7976     1.47344    -2.80215   -0.318769    -1.91986    -0.29397    0.334173  -0.0911541  -0.0966141   -0.306093    -1.91986   -0.281038    0.313071  -0.0688124  -0.0923467    -0.26224 -0.00647756    -1.57708    0.337029    0.173227   -0.884195   -0.464361     0.87717   0.0443266    -1.89062    -0.85487   -0.241668    -0.56394     -0.0571    0.856815   0.0900021
  0.349228   0.116932   0.739749    2.66816    1.63353   -2.68722  -0.508963   -1.18672  -0.558505          0  -0.272679     0.2185   -1.26088   -1.31706   -1.28342   0.222453  -0.237755   0.261799   0.406371 -0.0508691  -0.962461 0.00772003   0.822201   -1.03198  -0.683651   0.283642   0.474007   -1.59476   -0.63907  -0.058951  -0.450522  0.0133146   0.609959   0.280334
   0.341455   -0.323493    0.745657     2.72671     1.73785    -2.63216    0.538144    -1.23161     0.45713    0.120007    -0.27933   -0.249527   -0.352018    -1.91986   -0.482812    0.883584   -0.424156   -0.261799   -0.427617  -0.0134058    -1.34892     0.53258    0.562249   -0.160847   -0.691712    0.200353   -0.118364    -1.39109    -0.67982   -0.275659    0.109124   -0.544612 -0.00373286     0.07957
   0.228017   -0.264178    0.755145     2.68171      1.5291    -2.66156    0.763911    -1.44742    0.790236 1.69407e-21   -0.124189   -0.108101   -0.391654    -1.91986   -0.388921     0.29848  -0.0108313   -0.150681   -0.438787   -0.250996    -2.12202    0.653097     0.43734   -0.218416   -0.825759     0.73451   -0.277531    -1.81205   -0.611267  -0.0820895   0.0647113   -0.440508    0.223225   0.0290467
    0.19886   -0.242074    0.752383      2.7004     1.49875    -2.65906    0.788895    -1.52815    0.824828 1.71739e-16  -0.0927726  -0.0738134   -0.195258    -1.85289   -0.165285   0.0910846     0.12354  -0.0884134   -0.399565   -0.278978    -2.17479    0.645659    0.433911   -0.233416   -0.826842    0.768143     -0.2618    -1.89312    -0.62103 -0.00944392   0.0443554   -0.390307    0.295044  -0.0119501
  0.305442  -0.101518   0.758328     2.6497    1.55927    -2.7064   0.743118   -1.65578   0.749145   0.480723  -0.428884   0.114513  -0.810605   -1.63174  -0.806218   0.090823 -0.0591135  0.0126448  -0.215483   0.194891    -1.7422   0.311635   0.528789  -0.304382  -0.752796   0.472934  0.0880287   -2.09134   -1.08735  0.0534489  -0.172961  -0.255459   0.670649   0.229103
  0.305933  -0.108163   0.759085    2.64954    1.55945   -2.70429     0.7484    -1.6454   0.754028   0.469043  -0.424916   0.105777  -0.818107   -1.64233  -0.814038   0.105788 -0.0669422  0.0026981  -0.223261    0.18838   -1.74795   0.321647   0.530262  -0.296887  -0.750228   0.471998  0.0745162   -2.08376   -1.08151  0.0499119  -0.168987  -0.257991   0.663068   0.219479
    0.327201    -0.189297     0.764311      2.67017      1.57206       -2.684      1.01564     -1.42801      1.01952 -6.07153e-18    -0.074107    -0.107652     -0.78539     -1.73968    -0.793209     0.293123    -0.172887    -0.106201    -0.327869    0.0851388     -1.78974     0.445568     0.536543    -0.205083    -0.736366     0.453467     -0.07394     -1.95717     -1.00674   -0.0128579    -0.086477    -0.329928     0.529187     0.130798
  0.328561  -0.193175   0.764123    2.67075    1.57399   -2.68325    1.03027   -1.42605    1.03315  0.0100057 -0.0817093  -0.111688  -0.783496   -1.74531  -0.792881   0.306284  -0.180279  -0.111489  -0.331454   0.081615   -1.79044   0.451658   0.539912  -0.200833  -0.736331   0.451987 -0.0823191   -1.94958   -1.00213 -0.0150403 -0.0840136  -0.332642   0.523442   0.125009
  0.328212  -0.122695   0.757954    2.63796     1.4877   -2.63758     1.3782   -1.58501    1.41736   0.127923  -0.198524  0.0122478   -1.00966    -1.6118  -0.967374  0.0330586 -0.0825995 -0.0357206  -0.201276 -0.0443001   -2.09122   0.530693   0.531531  -0.227266  -0.772527   0.668695 -0.0597864   -2.10848  -0.813862   0.182313  -0.088385  -0.275575   0.567521  0.0674755
  0.351214 -0.0992479   0.760784    2.65151    1.53362   -2.66469    1.42517   -1.60267    1.44123   0.250962  -0.279901  0.0445203   -1.04316   -1.59802   -1.02546   0.153883  -0.172826 -0.0104139  -0.129706  0.0120497   -1.97035   0.536241    0.58821  -0.220024  -0.736768   0.584155 -0.0252021   -2.01315  -0.837818    0.19055  -0.116221  -0.292184   0.548457  0.0850942
  0.468114  -0.182539   0.761204     2.6273     1.6902   -2.71023    1.20904   -1.38325    1.14681   0.537723  -0.505654 -0.0915572  -0.904635    -1.8056  -0.989141   0.402838  -0.161622  -0.116594  -0.173054  0.0678839   -1.69474   0.652664   0.670704  -0.106291  -0.698126   0.368009  -0.122202   -1.58931  -0.739158  0.0771068 -0.0263271  -0.485273    0.22995  0.0358496
  0.466383  -0.159992   0.762999    2.62429    1.68553   -2.71024    1.20449   -1.41452    1.14598   0.548577  -0.508183 -0.0596213  -0.939109   -1.77299   -1.01454   0.357223  -0.143636  -0.088854  -0.136195  0.0793183   -1.66548   0.631542   0.688563  -0.127459  -0.687639   0.355983 -0.0958548   -1.59027  -0.758523  0.0861361 -0.0471932  -0.475338   0.252565  0.0568666
  0.516563 -0.0383783   0.775034    2.66745    1.67299   -2.68777    1.37228   -1.67196    1.33757   0.363003  -0.247287   0.117081    -1.0352   -1.52082   -1.07658   0.241571   -0.17342   0.062419   0.091158  0.0488429   -1.42686   0.534093   0.815016  -0.192087  -0.604357   0.179977  0.0476643   -1.54886  -0.799546   0.126408 -0.0881117  -0.426469   0.263983   0.185592
  0.497412  -0.143351   0.777344    2.67976    1.65707   -2.68541    1.42076   -1.54419     1.3807   0.259569  -0.187183 -0.0220287   -1.00295   -1.66215   -1.04896   0.283447  -0.160146 -0.0752335  -0.119226 0.00736566   -1.59061   0.627318    0.75124  -0.133855  -0.654609   0.279618  -0.118026   -1.53862  -0.750588  0.0968094 -0.0646999  -0.463012   0.210549  0.0413101
  0.522693  -0.194675   0.765314    2.69228    1.59855   -2.69292    1.44144   -1.48149    1.42773    0.23826   -0.22595 -0.0879226   -1.00424    -1.7363   -1.02596   0.314563  -0.202944  -0.140919  -0.243637  -0.166274   -1.95438   0.711557   0.615786  -0.239339  -0.758797   0.624906  -0.244771   -1.60592  -0.552304  0.0984657  0.0325276  -0.521579  0.0923033  0.0176237
  0.497538  -0.167518   0.769299    2.93284    1.57141   -2.94007     1.3346   -1.50775     1.3349   0.112931  -0.127124 -0.0540565  -0.652037   -1.68091  -0.655114   0.145456 -0.0574714 -0.0598541  -0.209319  -0.174467   -2.01539   0.710028   0.600608  -0.240895  -0.780964   0.649849  -0.205846   -1.66174  -0.573843   0.115374 -0.0228849  -0.440609   0.175125  -0.015065
   0.486963     -0.1611    0.757951     2.88918      1.5014    -2.88329     1.33893    -1.53236     1.35935 8.67362e-19  -0.0751989   -0.044152   -0.911037    -1.66675   -0.890464           0 -0.00689122  -0.0812724   -0.238405   -0.093474    -2.09434    0.550071    0.558168   -0.261934   -0.800751    0.697948   -0.149371    -2.03666   -0.785503    0.192925  -0.0966131    -0.35309    0.529383   0.0146701
  0.489659  -0.182553   0.757248    2.88687    1.50204   -2.88423     1.3506   -1.50034    1.37319          0 -0.0805986 -0.0724338  -0.911093   -1.70769   -0.89097  0.0523266 -0.0328679  -0.109829  -0.265334  -0.110525   -2.11679   0.570502   0.550463  -0.252818  -0.806841   0.708446  -0.184025   -2.02413  -0.761382    0.19033  -0.086438  -0.358601   0.510268 -0.0199117
  0.581349 -0.0885975   0.769812     2.9194    1.61667   -2.92382    1.57825   -1.62595     1.5708          0   0.044888  0.0594048  -0.898768   -1.55882  -0.908292   0.297611  -0.260209  0.0136365 -0.0834475  0.0186784   -1.69301   0.540421   0.705056  -0.235304  -0.697155   0.414649 -0.0225729   -1.72628  -0.836009   0.120067 -0.0936424  -0.422921   0.376741    0.14731
  0.657421  -0.287228   0.734522     2.8711    1.67984      -2.75    1.34801   -1.46145    1.29714   0.141498 -0.0698143  -0.229008  -0.676963   -1.76629  -0.741657   0.829208  -0.582571  -0.255467  -0.447693  -0.173673   -1.69427   0.660404   0.674216  -0.173404  -0.749747   0.485126  -0.336863   -1.36833  -0.649069   0.118234  -0.112338  -0.687593   0.162811  -0.152579
  0.710677  -0.154994   0.752568    2.88896    1.62176   -2.79097    1.23428   -1.61971    1.21934   0.242084  -0.177353 -0.0524179  -0.753693   -1.52661  -0.770189   0.552936    -0.5368 -0.0676328  -0.206434  -0.270871   -1.85615   0.683338   0.686707  -0.321478  -0.761167   0.643741   -0.22918   -1.42949  -0.549608   0.155649 -0.0879294  -0.650538  0.0882337  0.0631104
  0.677013  0.0275718   0.752742    2.89564    1.64718   -2.85072    1.32805   -1.82645    1.33235   0.309279  -0.172045   0.203201  -0.902324   -1.29829  -0.926281   0.305324  -0.396853   0.171649   0.121983  -0.145989   -1.77827   0.624059   0.782565  -0.348793  -0.694394   0.586516 0.00159096   -1.55708  -0.742038    0.20593  -0.206214  -0.540758   0.347292   0.264133
  0.720454  0.0172798   0.766153    2.60816    1.65902   -2.62972    1.30434   -1.74734    1.27856   0.380521  -0.251133    0.18939   -1.12391   -1.45026   -1.16128   0.204083  -0.174835   0.130784   0.173825 -0.0527287   -1.68134   0.627419   0.896693  -0.303196  -0.678589   0.467776  -0.029997    -1.4659  -0.736199   0.211383  -0.200104  -0.526461   0.268389   0.231751
  0.722325  -0.139375   0.772065     2.6157    1.61618   -2.61555    1.29612   -1.54877    1.27254    0.22739  -0.194619 -0.0216614   -1.07655   -1.65359   -1.10361   0.273131  -0.196446 -0.0745716  -0.139048  -0.145782   -1.85728   0.681916   0.771833   -0.29757  -0.781753   0.581185  -0.225068   -1.45669  -0.576774   0.185575 -0.0797628  -0.561233   0.078533 0.00841898
    0.788091    -0.154552     0.764041      2.28959      1.72038     -2.25113      1.43661     -1.56541      1.31952 -7.77156e-16    0.0926288   -0.0491878     -1.02309     -1.64124     -1.14667     0.544167    -0.420973    -0.108428   -0.0551912    -0.112574     -1.65357      0.65592     0.877815    -0.273562    -0.682488     0.450738    -0.288521     -1.27756    -0.556029    0.0805557    -0.048921    -0.707702   -0.0585794     0.183141
    0.752851   -0.0113104      0.76286      2.23151      1.74335     -2.23434      1.65801     -1.72811      1.53878 -9.02056e-16      0.11234     0.153707     -1.20215     -1.48834     -1.33087     0.449822    -0.363204    0.0761202     0.184077   -0.0773359     -1.60132     0.580104     0.904912    -0.332939     -0.70562     0.441429   -0.0485816     -1.31862    -0.723745      0.15252    -0.190784    -0.748961     0.168038     0.366672
  0.791884 -0.0193788   0.755259    1.93372    1.85389   -1.86041    1.25202   -1.77752    1.00397  0.0672208    0.12601   0.090346   -1.19109   -1.43271   -1.45305   0.585322  -0.521043  0.0533218   0.175095  -0.117884   -1.52463   0.372608     0.7882   -0.53899  -0.747351   0.513458 -0.0263765   -1.43914  -0.882064  0.0905231  -0.209002  -0.839022   0.345572   0.422345
   0.83222  -0.144913   0.756475    2.08039     1.8181   -1.97354     1.3609   -1.63044    1.13857  0.0804642  0.0407144 -0.0634308  -0.976995   -1.56267   -1.20448   0.652806  -0.559708  -0.110278 -0.0375049  -0.149826   -1.53457   0.537134   0.734854  -0.331778  -0.681423   0.432432  -0.166451   -1.30495   -0.73223  0.0528938  -0.167268  -0.824944   0.172682   0.233357
  0.719635  0.0453354   0.731102    1.31979    1.82313   -1.39033   0.119848   -1.91986  -0.134518          0    0.30119  0.0302263   -1.31919    -1.4997    -1.5708   0.248595  -0.293632   0.147322   0.366065 -0.0751197   -2.21434   0.667735   0.556859  -0.256025  -0.804428   0.792324  0.0667672   -1.93213  -0.709695    0.34163  -0.231502  -0.454166   0.584238   0.203081
  0.795514 -0.0989988   0.742347    1.75126    1.88599    -1.6851  -0.154552   -1.91986  -0.499399   0.276505  0.0685656   -0.23637   -1.25781   -1.56253    -1.5708   0.592679  -0.557359 -0.0634563   0.192653  -0.280529   -2.05437   0.749957   0.557691  -0.167836  -0.817849   0.671437 -0.0589225   -1.58704  -0.593964   0.240933  -0.144071  -0.573957   0.265574  0.0493449
   0.865911  -0.0543597    0.717266     2.23554     1.99492    -2.00107    0.798864    -1.74306     0.42746           0    0.329975    -0.19637    -1.14694    -1.30447    -1.49183     1.02999   -0.872665  0.00100754    0.289718   -0.370627    -1.64631    0.686619    0.737266   -0.191688   -0.700813    0.497916 0.000546574    -1.30867   -0.638974    0.134135   -0.125428    -0.71367    0.164292    0.262165
  0.869545  -0.050391   0.719282    2.23777     1.9991   -1.99611   0.929466   -1.76503   0.561845  0.0367174   0.301458  -0.171562   -1.12392   -1.28934   -1.47202    1.02344  -0.872665 0.00824695   0.299156  -0.375264   -1.62316   0.667236   0.765187   -0.23325  -0.689074   0.505047 -0.0242139   -1.28797  -0.650477   0.167134  -0.157237  -0.703282   0.172834   0.213739
     0.95137   -0.0490223     0.713134      1.96476      1.97437     -1.68941      1.33999      -1.7673      0.95565 -5.55112e-17     0.161487    -0.124481    -0.888242      -1.2524      -1.2887     0.829867    -0.872665    0.0209257     0.203173    -0.552993     -1.77124      0.54612     0.665747    -0.660335    -0.795225     0.866266    -0.193184     -1.04979    -0.490295     -0.10221    -0.427111     -1.03617     0.129531     0.633136
  0.902963  0.0853192   0.732748    2.38346    1.74055   -2.24077    1.65806   -1.85799    1.55623 0.00459729   0.109277    0.13907   -1.11949   -1.17321   -1.23749   0.608808  -0.632436   0.227029    0.36949  -0.360184   -1.89938   0.723668   0.927129  -0.570506  -0.676909   0.795666  -0.189901   -1.68642  -0.575601   0.198552   0.102161  -0.817803   0.162444   0.754677
 0.943646  0.132065  0.747122    1.8982   1.89978  -1.81344   1.40768  -1.86069    1.1253  0.112089   0.09626  0.164496   -1.2196  -1.21222  -1.51427  0.496531 -0.434645  0.261799  0.523599 -0.280434  -1.81342  0.570624  0.850193 -0.567585 -0.758417  0.725637 0.0108246   -1.3759 -0.756066 0.0997959 -0.288481 -0.890894  0.302942  0.729827
 0.934543   0.10983  0.749664   1.91854   1.73355  -1.87825   1.50179  -1.79127   1.36233         0 0.0965765  0.171835  -1.37667  -1.29299  -1.51994  0.381346 -0.344767  0.233683  0.362551 -0.247946  -1.84384  0.576609  0.916974 -0.678079 -0.740474  0.778365 -0.133914  -1.39223 -0.745893  0.306963  -0.36348 -0.811032  0.302924  0.442474
   0.973734    0.123737    0.747123     1.91978       1.683    -1.86308     1.47776    -1.82725     1.38472   0.0864272 -0.00462339    0.193639    -1.24803    -1.24302    -1.35645    0.282784   -0.320947    0.261799    0.251008   -0.163537    -1.78956    0.394796    0.844162   -0.626323   -0.837716    0.705974   0.0512161    -1.57018    -0.91306    0.267259   -0.365603   -0.768575    0.497704    0.438705
  0.96611  0.130471   0.74316   1.83348   1.86682   -1.7442   1.60429  -1.85505   1.33618 0.0753952 0.0447692  0.179946  -1.22521  -1.21193  -1.50279  0.480055 -0.451764  0.261799  0.523599 -0.191998  -1.76818  0.419716  0.938108 -0.756494 -0.693732  0.754393 -0.104122  -1.69111 -0.864032  0.442573  -0.35357 -0.655476  0.536113  0.309914
    1.0112   0.031978   0.759721     1.8381    1.72163   -1.77852    1.49755   -1.70017    1.35559   0.119269 -0.0602913  0.0645922   -1.32264   -1.24545   -1.46569   0.121161  -0.123898   0.261799   0.232983  -0.235261   -1.65051   0.421321   0.982839  -0.962893  -0.595225   0.789627  -0.377753   -1.59197  -0.684512   0.336569  -0.101563  -0.920563   0.240365   0.513028
   1.01284  -0.078332   0.767289    1.75458    1.67275   -1.74781    1.49317   -1.50325    1.39198  0.0547953 -0.0489116 -0.0741398   -1.33332   -1.44534   -1.43253   0.109246    -0.1086   0.116603  0.0428564  -0.192179   -1.71769   0.528086     0.9227  -0.833896  -0.600766   0.787327  -0.478336   -1.57125  -0.576554    0.30852 -0.0114931  -0.971635   0.110667   0.443058
   1.05135  -0.236172   0.755193    1.46913    1.20975    -1.5576    1.21147   -1.21968     1.5708   0.321588   -0.31665  -0.261799   -1.44387   -1.70295   -1.08701   0.114263 -0.0478401  -0.027609  -0.523599  -0.118714   -1.93858   0.745657   0.812327  -0.693186  -0.546906   0.888746  -0.670803   -1.69757  -0.299454   0.307715      0.292   -1.05169  -0.150309   0.420117
    1.04523   -0.145079    0.764347     1.67151     1.69562    -1.69523     1.47944    -1.37673     1.35658   0.0594932   -0.085609   -0.166816    -1.19684    -1.56081    -1.32058    0.183113   -0.170219   0.0324448 -0.00113551   -0.194008    -1.83608    0.643596    0.845584   -0.714913   -0.626713    0.817156   -0.517778    -1.54102    -0.45502    0.304177   0.0434214    -1.01725 -0.00715357    0.411847
  1.08771 -0.195318  0.756307   1.76379   1.66489  -1.80439   1.50805  -1.29744   1.41634  0.192523 -0.213072 -0.230489  -1.20603  -1.64441  -1.29982  0.317929 -0.276347 -0.031336 -0.189687 -0.162039  -1.78334  0.532977  0.776148 -0.785271 -0.662661  0.839469 -0.551162   -1.6929 -0.571445  0.274974 0.0668413 -0.974563  0.151997   0.30102
   1.05758  -0.235693   0.753102    1.53011    1.24164   -1.61465    1.23685   -1.22685     1.5708   0.291916  -0.306971  -0.261799    -1.4099   -1.69867   -1.08283   0.101255 -0.0553115 -0.0307071  -0.523599 -0.0791562   -1.94846   0.648857   0.800062  -0.702395  -0.584559   0.880681  -0.640522   -1.96137  -0.433413   0.644746      0.292  -0.883597   0.167991  0.0225214
    1.08922   -0.237964    0.759338     1.48447     1.23256    -1.55093     1.23488    -1.24142      1.5708    0.171184    -0.16423   -0.261799    -1.39508    -1.68497    -1.06034    0.194767    -0.13218  -0.0319872   -0.523599  -0.0556358     -1.8404    0.650231    0.875186   -0.688665   -0.513332    0.813879   -0.677655    -1.87403   -0.438998    0.657681       0.292   -0.894008    0.113335 -0.00137224
  1.14461 0.0205969  0.748109   1.36007   1.54748  -1.26832   1.35601  -1.72638   1.38161  0.211341 -0.174918 0.0610971  -1.47282  -1.21485  -1.45562   0.33155 -0.366939  0.261799  0.140526 -0.326879  -1.49707  0.322347   1.22534  -1.50609 -0.301367  0.972558 -0.764698  -1.79648 -0.511486  0.596034 0.0484031 -0.895261  0.228017  0.369536
   1.14451 0.00749346   0.757753     1.4009    1.44164    -1.3567    1.34196   -1.67055    1.47137   0.263489   -0.22605  0.0568197   -1.57871   -1.27849   -1.44963   0.113873  -0.121722   0.247737  0.0253771  -0.194026   -1.48865   0.319898    1.22999   -1.26168  -0.310461   0.819345  -0.710737   -1.75268  -0.585109   0.590908  0.0562415  -0.881586   0.216179   0.356456
