4
0
   0.679839   0.0618939 0.000146338
-70.9352 -43.5417  261.312
-0 -0  1
1
   0.694943   -0.205986 0.000454325
-3.56685  25.3071  158.896
0 0 1
4
-0.00205337  0.00526895  0.00653293
32.1828 6.50954 98.0139
0 0 1
5
-0.00603244   -0.203508  0.00778003
42.3192 11.7251 112.076
-0 -0  1
3
0
   0.679839   0.0618939 0.000146338
 1.72486 0.242691  384.025
-0 -0  1
4
-0.00205337  0.00526895  0.00653293
 -1.45096 -0.623452    37.166
0 0 1
5
-0.00603244   -0.203508  0.00778003
-0.274329  0.380143   209.108
-0 -0  1
4
0
   0.679839   0.0618939 0.000146338
 1.45764 0.843839  324.947
-0 -0  1
4
-0.00205337  0.00526895  0.00653293
0.311713 0.071303  195.696
0 0 1
5
-0.00603244   -0.203508  0.00778003
 -1.09032 -0.853884   37.1336
-0 -0  1
1
0.85 -0.3    0
 -0.679265 -0.0608791    72.5225
0 0 1
3
0
   0.679839   0.0618939 0.000146338
 -1.95306 -0.665238   4.38187
-0 -0  1
4
-0.00205337  0.00526895  0.00653293
 1.65836 0.375337  399.824
0 0 1
1
0.85 -0.3    0
0.294171 0.290336  226.093
0 0 1
4
0
   0.679839   0.0618939 0.000146338
0.681965 0.182432  297.794
-0 -0  1
4
-0.00205337  0.00526895  0.00653293
-0.111416  -1.69876   196.315
0 0 1
1
0.85 -0.3    0
-0.285633 -0.193548   103.181
0 0 1
5
0.15 -0.3    0
-0.285033    1.7099   33.0078
0 0 1
3
4
-0.00205337  0.00526895  0.00653293
-0.758684  -1.38144    216.35
0 0 1
1
0.85 -0.3    0
 0.380875 -0.626933   329.718
0 0 1
5
0.15 -0.3    0
0.377795  2.00833  84.2297
0 0 1
4
4
-0.00205337  0.00526895  0.00653293
0.132927  0.49108  158.494
0 0 1
1
0.85 -0.3    0
  0.0598833 -0.00177731     172.001
0 0 1
5
0.15 -0.3    0
0.0601298 -0.487725   202.585
0 0 1
0
0.85 0.15    0
   -0.25305 -0.00161267     97.2182
-0 -0  1
3
4
-0.00205337  0.00526895  0.00653293
-5.52003e-13 -5.86198e-14  1.08032e-13
0 0 1
5
0.15 -0.3    0
 0.401951 -0.625693   412.393
0 0 1
0
0.85 0.15    0
-0.399274    0.6206   217.905
-0 -0  1
4
4
-0.00205337  0.00526895  0.00653293
 0.146177 -0.435399   183.233
0 0 1
5
0.15 -0.3    0
-0.126391  0.421462   136.952
0 0 1
0
0.85 0.15    0
 0.106162 0.0585832   188.957
-0 -0  1
1
1.05 -0.3    0
 -0.126278 -0.0440022    121.157
-0 -0  1
3
5
0.15 -0.3    0
-2.87089  4.46441  321.743
0 0 1
0
0.85 0.15    0
 2.86909 -4.46324  308.557
-0 -0  1
1
1.05 -0.3    0
-1.15948e-12 -2.47321e-13  1.13451e-12
-0 -0  1
4
5
0.15 -0.3    0
-0.837947   1.57981   189.228
0 0 1
0
0.85 0.15    0
0.936801 -1.18405  127.686
-0 -0  1
1
1.05 -0.3    0
-0.839042  -1.97359   155.641
-0 -0  1
4
0.15  0.1    0
0.739599  1.57794  157.743
0 0 1
3
5
0.15 -0.3    0
0.662335 -1.50158  79.9275
0 0 1
1
1.05 -0.3    0
0.667112  2.99735  251.973
-0 -0  1
4
0.15  0.1    0
-1.32959  -1.4964  298.398
0 0 1
4
5
0.15 -0.3    0
-5.65163e-05  0.000490349      175.836
0 0 1
1
1.05 -0.3    0
-0.000911747 -0.000369427      137.567
-0 -0  1
4
0.15  0.1    0
0.000369299 0.000489244     176.479
0 0 1
0
   1 0.15    0
-0.000322885  -0.00032524      140.417
0 0 1
3
1
1.05 -0.3    0
-0.0198439  -0.023871    282.223
-0 -0  1
4
0.15  0.1    0
0.0113544 0.0426065    347.38
0 0 1
0
   1 0.15    0
0.00716708 -0.0185425   0.695715
0 0 1
4
1
1.05 -0.3    0
-0.000190624 -0.000687797      179.191
-0 -0  1
4
0.15  0.1    0
-0.000582109 -8.41695e-05      138.262
0 0 1
0
   1 0.15    0
-0.000631061  0.000863397      135.022
0 0 1
5
0.35 -0.3    0
-0.000226431  0.000471603      177.824
-0 -0  1
3
1
1.05 -0.3    0
 -0.0135178 -0.00308441     13.2395
-0 -0  1
0
   1 0.15    0
  0.0050647 -0.00144514     270.875
0 0 1
5
0.35 -0.3    0
0.00545423 0.00454237    346.185
-0 -0  1
4
1
1.05 -0.3    0
-0.000577141  0.000417205      141.472
-0 -0  1
0
   1 0.15    0
-0.000178186   0.00055575      181.834
0 0 1
5
0.35 -0.3    0
-0.000714283  -0.00040141      135.365
-0 -0  1
4
0.35  0.1    0
-0.000369379 -0.000417418      171.627
0 0 1
3
1
1.05 -0.3    0
0.0063388 0.0141843   298.307
-0 -0  1
5
0.35 -0.3    0
-0.00340523 -0.00746943     19.9598
-0 -0  1
4
0.35  0.1    0
-0.00483558 -0.00614825     312.032
0 0 1
4
1
1.05 -0.3    0
-0.000826747  -0.00159389      181.023
-0 -0  1
5
0.35 -0.3    0
-0.000771911   0.00140625      185.869
-0 -0  1
4
0.35  0.1    0
0.000380256  0.00115444     137.497
0 0 1
0
1.15 0.15    0
 0.000561301 -0.000565024      125.909
0 0 1
3
5
0.35 -0.3    0
 14.9933 -21.6161  362.454
-0 -0  1
4
0.35  0.1    0
-3.62376 -3.62376  7.24751
0 0 1
0
1.15 0.15    0
-11.3693   25.239  260.596
0 0 1
4
5
0.35 -0.3    0
-0.000152309  0.000384234      195.122
-0 -0  1
4
0.35  0.1    0
0.000414729 0.000563241     171.808
0 0 1
0
1.15 0.15    0
 6.46757e-05 -0.000575917      120.094
0 0 1
1
 1.2 -0.3    0
-0.000314002  -0.00057706      143.273
0 0 1
3
5
0.35 -0.3    0
0.00751519 0.00892835    357.455
-0 -0  1
0
1.15 0.15    0
 0.00645758 -0.00245656      258.44
0 0 1
1
 1.2 -0.3    0
 -0.0154959 -0.00667413     14.4032
0 0 1
4
5
0.35 -0.3    0
-0.000499123   0.00101608      165.665
-0 -0  1
0
1.15 0.15    0
 0.000420754 -0.000717021      156.298
0 0 1
1
 1.2 -0.3    0
 -0.00067576 -0.000876603      128.873
0 0 1
4
0.55  0.1    0
 0.00047838 0.000544106     179.462
-0 -0  1
3
5
0.35 -0.3    0
-0.000355021   -0.0026745      112.036
-0 -0  1
1
 1.2 -0.3    0
0.000506816  0.00223194     292.493
0 0 1
4
0.55  0.1    0
-0.000521593 -0.000177882      225.769
-0 -0  1
4
5
0.35 -0.3    0
-5.92893e-05 -0.000259616      160.354
-0 -0  1
1
 1.2 -0.3    0
0.000138721 0.000113986     181.153
0 0 1
4
0.55  0.1    0
-0.000338883 -0.000537544      136.411
-0 -0  1
0
1.35 0.15    0
-0.000382446  0.000325606      152.381
-0 -0  1
3
1
 1.2 -0.3    0
-0.00351205  -0.0018101     211.895
0 0 1
4
0.55  0.1    0
0.00517822 0.00702819    348.052
-0 -0  1
0
1.35 0.15    0
-0.00350021 -0.00550638     70.3515
-0 -0  1
4
1
 1.2 -0.3    0
-0.000704142  0.000182251      112.069
0 0 1
4
0.55  0.1    0
0.000484926 0.000143456      200.65
-0 -0  1
0
1.35 0.15    0
0.000312973 0.000166886     188.042
-0 -0  1
5
0.55 -0.3    0
-0.000401919 -0.000273624      129.536
0 0 1
3
1
 1.2 -0.3    0
-0.0205465 -0.0146103    2.21265
0 0 1
0
1.35 0.15    0
 0.0290662 -0.0295551    278.719
-0 -0  1
5
0.55 -0.3    0
-0.0104617   0.044079    349.367
0 0 1
4
1
 1.2 -0.3    0
 0.00057253 1.42732e-05     183.597
0 0 1
0
1.35 0.15    0
 -0.00057485 -0.000103374      144.379
-0 -0  1
5
0.55 -0.3    0
 3.5206e-05 0.000258596     167.779
0 0 1
4
0.75  0.1    0
-0.000901664  1.97158e-05      134.541
0 0 1
3
0
1.35 0.15    0
0.00174141 0.00052383    294.689
-0 -0  1
5
0.55 -0.3    0
 0.00335724 -0.00345039     270.119
0 0 1
4
0.75  0.1    0
-0.00700347  0.00285517      65.491
0 0 1
4
0
1.35 0.15    0
-0.000180696  0.000647543      184.357
-0 -0  1
5
0.55 -0.3    0
-0.000370098  4.39366e-05      139.403
0 0 1
4
0.75  0.1    0
 0.000194603 -0.000392346      200.988
0 0 1
1
1.35 -0.3    0
-0.000471585 -0.000580924       105.55
0 0 1
3
5
0.55 -0.3    0
0.000984875  0.00214968     33.9303
0 0 1
4
0.75  0.1    0
-0.00198124 -0.00363587     317.717
0 0 1
1
1.35 -0.3    0
0.000680097  0.00125884     278.651
0 0 1
4
5
0.55 -0.3    0
-0.000351798  0.000841898      164.866
0 0 1
4
0.75  0.1    0
-0.00360973 0.000712596      244.57
0 0 1
1
1.35 -0.3    0
 0.00437282 6.18825e-05     60.7147
0 0 1
0
 1.5 0.15    0
0.000849304 -0.00119767     160.148
-0 -0  1
3
5
0.55 -0.3    0
-0.00229302 0.000859975     327.024
0 0 1
1
1.35 -0.3    0
  0.00337152 -0.000574504      21.4267
0 0 1
0
 1.5 0.15    0
-0.000737623  -0.00067928      281.849
-0 -0  1
4
5
0.55 -0.3    0
-0.000180586  1.93762e-05      168.716
0 0 1
1
1.35 -0.3    0
-9.73659e-05 -0.000244269      152.454
0 0 1
0
 1.5 0.15    0
  -6.709e-05 -0.000307146      148.515
-0 -0  1
4
0.9 0.2   0
-0.000104074 -0.000108585      160.613
0 0 1
3
5
0.55 -0.3    0
0.000434895 0.000260128     62.0415
0 0 1
1
1.35 -0.3    0
0.000221986  0.00035094     271.298
0 0 1
4
0.9 0.2   0
-0.000548002 -0.000453349      296.958
0 0 1
4
5
0.55 -0.3    0
-0.000208888  0.000141255      147.421
0 0 1
1
1.35 -0.3    0
-0.000218835 -0.000370976        148.5
0 0 1
4
0.9 0.2   0
-8.74385e-05 -0.000438397      167.672
0 0 1
0
1.65 0.15    0
-6.07525e-05  0.000541606      166.705
0 0 1
3
1
1.35 -0.3    0
-0.000971488 -2.99102e-05      262.044
0 0 1
4
0.9 0.2   0
0.00797716 0.00470948    362.928
0 0 1
0
1.65 0.15    0
 -0.0085462 -0.00463576      5.3265
0 0 1
4
1
1.35 -0.3    0
-8.92745e-05 -0.000738947      77.4559
0 0 1
4
0.9 0.2   0
0.00015685 0.00061037    250.573
0 0 1
0
1.65 0.15    0
-6.43664e-05  0.000428711      176.572
0 0 1
5
0.75 -0.3    0
-6.8427e-05 -0.00020035     125.697
0 0 1
3
4
0.9 0.2   0
 -0.00128696 -7.54333e-05       183.21
0 0 1
0
1.65 0.15    0
0.000678808 0.000362659     234.897
0 0 1
5
0.75 -0.3    0
-5.20913e-05  9.76229e-06      212.189
0 0 1
4
4
0.9 0.2   0
0.000196781   0.0011672     247.578
0 0 1
0
1.65 0.15    0
 0.000179326 -6.03272e-05      189.545
0 0 1
5
0.75 -0.3    0
    -9.7e-05 -0.000368219      118.722
0 0 1
1
 1.5 -0.3    0
-0.000291677 -0.000458242      74.4525
-0 -0  1
3
4
0.9 0.2   0
-0.00108211 0.000468778     364.482
0 0 1
0
1.65 0.15    0
  0.00166432 -0.000220781      43.7153
0 0 1
1
 1.5 -0.3    0
-0.000676277 -0.000291909        222.1
-0 -0  1
4
4
0.9 0.2   0
-0.00202867   0.0010138     216.111
0 0 1
0
1.65 0.15    0
0.000800594 -0.00214434     166.714
0 0 1
1
 1.5 -0.3    0
 0.00118303 0.000885941     113.568
-0 -0  1
5
 0.9 -0.4    0
0.000718753 0.000494222     133.905
-0 -0  1
3
4
0.9 0.2   0
-0.00214493 -0.00255201     281.985
0 0 1
1
 1.5 -0.3    0
0.00625119 0.00535738    324.634
-0 -0  1
5
 0.9 -0.4    0
-0.00525008  -0.0026405     23.6786
-0 -0  1
4
4
0.9 0.2   0
 0.000174243 -9.16964e-05       108.37
0 0 1
1
 1.5 -0.3    0
-0.000131712 -0.000364584      193.853
-0 -0  1
5
 0.9 -0.4    0
 -0.00018877 -5.01469e-05      203.497
-0 -0  1
0
 1.7 0.15    0
7.21728e-05 0.000531444     124.578
-0 -0  1
3
4
0.9 0.2   0
-0.00199405 -0.00163947      60.191
0 0 1
5
 0.9 -0.4    0
0.000994772  0.00168206     306.602
-0 -0  1
0
 1.7 0.15    0
 0.00101526 0.000124677     263.504
-0 -0  1
4
4
0.9 0.2   0
-0.000267845  0.000214328      138.091
0 0 1
5
 0.9 -0.4    0
0.000218913  0.00023168     186.456
-0 -0  1
0
 1.7 0.15    0
-0.000371592 -0.000358838      134.499
-0 -0  1
1
1.65 -0.3    0
 4.15145e-06 -0.000295965       171.25
-0 -0  1
3
5
 0.9 -0.4    0
-0.00066022 0.000901115     347.275
-0 -0  1
0
 1.7 0.15    0
-0.00598978  0.00878813     283.022
-0 -0  1
1
1.65 -0.3    0
-8.49754e-13  9.14446e-13 -2.38564e-13
-0 -0  1
4
5
 0.9 -0.4    0
-5.22705e-05 -9.46323e-05      209.634
-0 -0  1
0
 1.7 0.15    0
5.61627e-05 0.000209197     117.021
-0 -0  1
1
1.65 -0.3    0
-2.57976e-05 -4.29291e-05      184.728
-0 -0  1
4
  1 0.2   0
 3.54282e-05 -3.76631e-06      118.914
-0 -0  1
3
0
 1.7 0.15    0
 -8.271e-13 3.68827e-13  5.4157e-15
-0 -0  1
1
1.65 -0.3    0
0.322731 0.418668  314.724
-0 -0  1
4
  1 0.2   0
-0.321744 -0.419117   315.575
-0 -0  1
4
0
 1.7 0.15    0
-0.000211429  0.000730472      170.745
-0 -0  1
1
1.65 -0.3    0
-0.00106429 0.000439369     135.727
-0 -0  1
4
  1 0.2   0
 0.000417721 -0.000468153      185.783
-0 -0  1
5
   1 -0.4    0
-0.000816977 -0.000502616      138.043
0 0 1
