0.0300119 -0.10315 0.962093 -0 -0.059999 -0  0 -0.363826 0 0.731245 -0.30742 0  0 -0.363826 0 0.731245 -0.30742 0 0 0  0.959931 0.007266 0 -1.91986 0 -0.523599 0  0.959931 -0.007266 0 -1.91986 0 -0.523599 0   
 -0.15369    -0.103148     0.764013  3.48449e-05      1.00358 -3.78584e-05 -3.95378e-05     -1.91986 -2.13634e-05     0.792206     0.124074  1.37951e-06 -3.95377e-05     -1.91986 -2.13631e-05     0.792195     0.124086  1.37961e-06 -1.86603e-05  8.48901e-06    -0.194453     0.468572     0.146537     -1.22472    0.0277109    -0.263255  3.76263e-05    -0.194443    -0.468598    -0.146574     -1.22471    -0.027655    -0.263253  4.14047e-05
 -0.0944164    -0.10477    0.767347  -0.0238761     1.26324   0.0231208 -0.00227841    -1.91986  -0.0115773    0.496707     0.15981 -0.00453686 -0.00224183    -1.91986  -0.0115334    0.499985    0.156533  -0.0045211  -0.0982719    0.461291   -0.531393    0.197571   -0.201164    -1.24263  -0.0767364   -0.246201  -0.0445966   -0.625197   -0.868616   -0.530703   -0.661209  0.00521918    0.429151   -0.396577
  -0.0573928    -0.102903      0.75043 -0.000737986      1.48654  0.000670591   0.00138862     -1.91986   0.00146241     0.212496     0.220828  0.000566858   0.00138902     -1.91986   0.00146283     0.212605     0.220719  0.000567013   -0.0056352    0.0015455     -1.12702     0.368165     0.275209    -0.799594    -0.465044     0.542385     0.420799     -1.12306    -0.364898    -0.281992    -0.804853     0.471465     0.542747    -0.431642
   -0.057307    -0.102895     0.750453 -0.000753506      1.48656  0.000709965   0.00156041     -1.91986   0.00164739     0.212658     0.220641  0.000606459   0.00156019     -1.91986   0.00164714     0.212775     0.220524  0.000606375  -0.00537797   0.00162429     -1.12731     0.368642      0.27426    -0.799088    -0.464356     0.543195     0.421322     -1.12297     -0.36504    -0.281556    -0.804862     0.471403     0.542893    -0.431864
-0.0117658  -0.142459   0.751657  0.0751142    1.54555 -0.0704665   -0.24715   -1.91986  -0.262809   0.221832   0.141441 -0.0936258    -0.2529   -1.91986  -0.268933    0.20693   0.155826 -0.0956556  -0.198994 -0.0955772   -1.06109    0.17133   0.577446   -1.14561  -0.594442   0.608521 -0.0321161   -1.82674  -0.533488 -0.0981375  0.0450097   0.386742    0.29682  -0.552659
 -0.011441  -0.142342   0.751712  0.0751649    1.54579 -0.0705562  -0.246503   -1.91986  -0.262113   0.222247   0.140842 -0.0933557  -0.252218   -1.91986  -0.268199   0.207396   0.155181 -0.0953733  -0.196849 -0.0944112   -1.06069   0.171255   0.577451   -1.14554  -0.593728   0.608358 -0.0314284   -1.82903  -0.533296 -0.0969974  0.0472616   0.385836   0.298009  -0.549835
  0.0230933   -0.117389    0.757895  0.00606909     1.56647 -0.00606928  -0.0958494    -1.91986   -0.102092    0.275407   0.0763117  -0.0348639    -0.10762    -1.90166   -0.113881    0.237996   0.0952081  -0.0369243  -0.0671789   -0.107491    -1.27835    0.728331    0.222467    -1.06992  -0.0512549    0.926182   0.0457486    -1.81717   -0.359979    -1.02297  -0.0403891    -1.55527   -0.380132     2.42381
  0.0231762   -0.117349    0.757913  0.00604323     1.56647 -0.00607683  -0.0957344    -1.91986    -0.10197    0.275611   0.0761179   -0.034789   -0.107574    -1.90153   -0.113828    0.237967   0.0951079  -0.0368589  -0.0670967   -0.107453    -1.27869    0.728693    0.222214    -1.06946  -0.0503569    0.926859   0.0452618    -1.81705   -0.359913    -1.02303  -0.0404907    -1.55532   -0.380154     2.42397
 0.0539624 -0.0955448    0.75738   0.694779    1.58502  -0.702527   0.290677   -1.74201   0.284917          0   0.153571  0.0557083   0.307602   -1.73677   0.301785  0.0116396   0.136096  0.0569258  0.0822757   0.172712   -1.91842   0.941892   -1.90104  -0.725538   0.775298   0.339315    1.24782   -2.11893  -0.623627  -0.713705      0.292   -1.43965   -0.58389    2.29711
  0.0541886  -0.0955709    0.757413    0.694919     1.58506   -0.702698    0.291567    -1.74174    0.285773 2.23779e-16    0.153241   0.0558054     0.30799    -1.73653    0.302133   0.0117407    0.135715   0.0569419   0.0823603    0.172947    -1.91802    0.941629    -1.90103   -0.725232    0.775661    0.338946      1.2477    -2.11899    -0.62386   -0.714881       0.292    -1.44016   -0.584772     2.29893
0.34515884431887384 -0.06591591904073339 0.7271543349204505 2.772752261057329 1.694067260637883 -2.8326452668824484 0.02082929860422072 -1.7787860844940504 -0.036421660785962574 0.9996204693896318 -0.6689316045377748 0.04679752671173139 -0.0047857492997280225 -1.7034599738559666 -0.06227672563131584 0.890601586605412 -0.6349870611535411 0.04271151312504321 -0.02360545515374067 0.032760740733259075 -0.707631719076811 0.659625032411939 0.04654837196558426 -0.9962331912723077 0.6763772547285989 0.44353465292278027 -0.2790720832627141 -0.6992796605078045 -0.6140390267081726 -0.10013692237630738 -0.9404489978405196 -0.6420967750257626 0.3194200132256253 0.17978778269015258
