2
4
-1.20091e-07 -4.63633e-08 -8.50046e-07
-1.18712e-06 -4.90371e-06      315.159     0.095796     -4.97778 -7.11712e-08
0 0 1
5
-4.51478e-07      -0.2063 -9.07495e-07
-9.15829e-07  -4.8982e-06      315.139     0.095796     -4.97778 -7.11712e-08
-0 -0  1
2
4
-1.20091e-07 -4.63633e-08 -8.50046e-07
-1.18712e-06 -4.90371e-06      315.159     0.095796     -4.97778 -7.11712e-08
0 0 1
5
-4.51478e-07      -0.2063 -9.07495e-07
-9.15829e-07  -4.8982e-06      315.139     0.095796     -4.97778 -7.11712e-08
-0 -0  1
3
4
 -2.3979e-06 -3.11109e-06  1.79502e-06
-0.000527814 -2.68471e-05      438.267      1.19364      2.63883  5.51011e-06
0 0 1
5
-4.91056e-06    -0.206303  1.74762e-06
0.000483819 2.97159e-05     192.031     1.19364     2.63883 5.51011e-06
-0 -0  1
1
       0.45   -0.200025 1.10603e-05
  7.292e-14 5.73695e-14 5.96856e-13           0           0           0
0 0 1
4
4
-2.76891e-06 -2.77737e-06  2.73916e-06
-0.000904971  0.000352711      253.869     0.151492     0.364587  1.23388e-07
0 0 1
5
-5.2968e-06   -0.206303  2.7176e-06
-0.000887375  0.000355976      222.618     0.151492     0.364587  1.23388e-07
-0 -0  1
1
      0.45  -0.200024 1.2532e-05
 0.00268999 -0.00107527     59.5069           0           0           0
0 0 1
0
        0.5    0.150003 2.71387e-06
-0.000932699  0.000418234      94.3031            0            0            0
-0 -0  1
3
4
-8.43505e-06  7.32453e-06  2.43562e-05
  0.00180015 -4.88357e-05      39.0035     -1.62877    -0.843121 -1.76127e-05
0 0 1
5
-9.35719e-06    -0.206311  2.40839e-05
 -0.00160402 -0.000492305       375.04     -1.62877    -0.843121 -1.76127e-05
-0 -0  1
0
  0.499986   0.149998 2.9944e-05
-0.000269243  0.000246113      216.256            0            0            0
-0 -0  1
4
4
-8.94613e-06  7.12162e-06  2.48432e-05
0.000346224  -0.0023345     222.498  -0.0484871    0.230816 8.57193e-06
0 0 1
5
-9.77026e-06     -0.20631  2.43819e-05
 0.00200826 -0.00235687     232.502  -0.0484871    0.230816 8.57193e-06
-0 -0  1
0
 0.499986  0.149999 3.061e-05
0.000391581  0.00223094     99.8217           0           0           0
-0 -0  1
1
  0.699999       -0.3 1.5888e-07
-0.00277959  0.00246895     75.4752           0           0           0
-0 -0  1
3
4
-2.43811e-05  4.19068e-05  4.02487e-05
  0.00772573  7.75616e-05      365.941          -10           10 -3.25229e-16
0 0 1
5
-1.87677e-05    -0.206291  4.20358e-05
 -0.00635423  -0.00253842      61.7298     -3.08656      6.17295 -4.51624e-18
-0 -0  1
1
   0.699986        -0.3 9.17467e-06
 -0.00137205   0.00246114      202.627  1.50821e-15  6.88476e-16 -5.17269e-16
-0 -0  1
4
0
    0.699984     0.100015 -5.36576e-08
 2.98257e-05  -0.00200131      114.788  7.68055e-16  4.03718e-16 -5.29166e-16
0 0 1
1
    0.699995    -0.299988 -4.54467e-06
  -0.0035709   0.00289593      152.472  2.35404e-15  6.39609e-15 -6.69779e-17
-0 -0  1
4
-1.16295e-05 -9.20368e-06  4.82732e-06
  0.00136214 -0.000547132      172.073     -8.60431           10 -3.93613e-16
0 0 1
5
-5.55721e-06    -0.200009  5.16095e-06
  0.00215731 -0.000373593      190.965     -9.54889           10 -2.02586e-17
-0 -0  1
