   0.375431  -0.0968118    0.736999    0.160123      1.4966   -0.167712  -0.0275845    -1.59199  -0.0151363    0.664783   -0.570418  0.00772875   0.0327892    -1.59046   0.0453382    0.655796    -0.56298  0.00893742  -0.0528316 -0.00699379   -0.687385    0.391496    0.412926    -1.13812   -0.204272    0.438762    0.205728   -0.677028   -0.420759    -0.41611      -1.062   0.0754917    0.356733   -0.189807
 0.0809481  -0.220141   0.755209   0.253422     1.5541  -0.188331    1.10549   -1.63195    1.11033          0  0.0436769 -0.0102758  -0.579319   -1.91986   -0.60824   0.358639 -0.0516299  -0.261799  -0.155989  -0.115464   -1.71886   0.725196   0.291185  -0.461828  -0.154061    0.69457  -0.243424   -1.58918  -0.508457  -0.269795  -0.497873   0.274755     0.5995  -0.272537
   0.133065   -0.160052    0.755156    0.104307     1.63088  -0.0838918    0.885883    -1.66226    0.878745           0 -0.00159193   0.0503184   -0.479546    -1.87426    -0.49519    0.308795    -0.10031   -0.162918   -0.133359    0.152674    -1.64818    0.391639    0.247528    -0.59356   -0.241728    0.649208   -0.047355    -2.08595   -0.839461   -0.206193   -0.451431    0.265463    0.879631    0.050362
   0.133259   -0.164363    0.754913    0.106325      1.6296  -0.0827712    0.896116    -1.65926    0.889201           0 -0.00296908   0.0454703    -0.48952    -1.87781   -0.505629    0.315286   -0.103818   -0.170458   -0.139412    0.146221    -1.65044    0.397613    0.245637   -0.588859   -0.238351    0.649434  -0.0549186    -2.07914   -0.837758   -0.209956   -0.450735    0.263658    0.876174   0.0434174
   0.224639  -0.0777056    0.755062    0.126494     1.60508   -0.161468     1.01689    -1.74225     1.01306    0.342358   -0.285165    0.180519   -0.494552    -1.74904   -0.503801    0.372613   -0.249949  -0.0505695   0.0524358   0.0557651    -1.78876    0.597966     0.30287   -0.520376    -0.23932    0.740594 -0.00282854    -1.87328   -0.628658   -0.214787   -0.425357    0.264716    0.730744   0.0319637
  0.247805 -0.0225403   0.748758   0.118276    1.57409   -0.20648    1.00427   -1.77575    1.01256   0.481426  -0.375022   0.261799  -0.523387   -1.69805  -0.527295   0.398309  -0.291275  0.0244105   0.161394   0.159998   -1.65129   0.553095   0.382352  -0.517183  -0.204013   0.650114  0.0772049   -1.83361  -0.662534  -0.196025  -0.406333   0.282622   0.724823  0.0998867
  0.310899  -0.029976   0.749587  0.0741568    1.51163  -0.244668    0.99101   -1.67766     1.0131   0.652656  -0.538291   0.261799  -0.545134   -1.73508  -0.541599   0.228067 -0.0293348  0.0863954   0.170655   0.212078   -1.43287   0.554049   0.447504  -0.493343  -0.155594   0.506984  0.0813734   -1.61164  -0.648257  -0.241185  -0.376706   0.248269   0.580854  0.0566019
  0.312097   -0.02973   0.749518  0.0729309    1.51097  -0.244801   0.986053   -1.67637    1.00824   0.655294  -0.540543   0.261799  -0.544976   -1.73685  -0.541507   0.234559 -0.0336429   0.086867    0.17278   0.213604   -1.42851   0.553825   0.449827  -0.492775  -0.152914   0.503712  0.0806508   -1.60845  -0.647465  -0.240674  -0.376717   0.249373   0.579476  0.0553712
 0.403328 0.0225275  0.762356  0.120562   1.48089 -0.204188   1.07231  -1.76792   1.11412  0.516428 -0.339122  0.261799 -0.677785  -1.49216 -0.656655  0.156239 -0.130406  0.132676   0.28482  0.106312  -1.21199  0.487739  0.543779 -0.489391 -0.134862  0.306236  0.181202  -1.47062 -0.634993  -0.23346 -0.353722  0.243771  0.460574 0.0983095
 0.402325  0.022667  0.762406  0.120042   1.48151 -0.202955   1.07177  -1.76881   1.11339  0.513733 -0.336466  0.261799 -0.686856  -1.49376 -0.665969  0.157349 -0.130383  0.131551  0.285561  0.106479  -1.21462  0.488208  0.544044 -0.489148 -0.133459  0.307755   0.17909  -1.47367 -0.635302 -0.232321 -0.353924  0.245105  0.462908 0.0981495
 0.462935 0.0159125  0.753727 0.0789796   1.44703 -0.202414   1.07577  -1.72171    1.1219  0.685402 -0.497103  0.261799 -0.776176  -1.58514 -0.752377 0.0218056  0.109955  0.115149  0.298955  0.104511  -1.05267  0.455231  0.602365 -0.481085 -0.117097  0.188108  0.187789  -1.31629 -0.592416 -0.243596 -0.344092  0.247459  0.353685 0.0418069
    0.456511    0.0158906     0.753882    0.0828933      1.44558    -0.198268      1.08442     -1.72983      1.13195     0.678053    -0.485863     0.261799    -0.790034     -1.57638    -0.765685 -2.77556e-17     0.126749     0.112984     0.293845     0.100098     -1.06947     0.459435     0.597396    -0.476537    -0.123007     0.198688     0.187257     -1.32925    -0.597601    -0.244659    -0.340742     0.244805     0.361152    0.0466389
   0.500298   -0.242376    0.756928   0.0823061     1.43664  -0.0903626    0.990212    -1.42244    0.990651    0.506919   -0.453866   -0.116305   -0.802103    -1.91377   -0.854937    0.531676   -0.163346   -0.250043   -0.348677   0.0799094    -1.26052    0.558195    0.232766   -0.457451   -0.163109    0.372471   -0.130257    -1.38427    -0.64978   -0.707473   -0.448567    0.137461    0.466401 -0.00245001
   0.497471   -0.242013    0.757299   0.0834419     1.43963  -0.0908346    0.997118    -1.42545     0.99775    0.500669     -0.4481   -0.115001   -0.799751    -1.91276   -0.851625    0.519688   -0.154366   -0.249119   -0.347379   0.0789764    -1.26826    0.557632    0.231526   -0.457449      -0.165    0.376789   -0.129527    -1.39282   -0.653418   -0.704552   -0.448193    0.140142    0.471639 -0.00218835
   0.476017   -0.171717    0.772976    0.105337      1.5014  -0.0915439     1.09964    -1.57607     1.10633   0.0325272   0.0389314 -0.00883898    -0.82318    -1.76164   -0.835701    0.190477  0.00815187   -0.155105   -0.192822   0.0621009    -1.27699    0.505628    0.286943   -0.472393   -0.222119    0.334057   0.0091617    -1.53326   -0.702289   -0.592127   -0.430782    0.211178    0.531168   0.0482797
   0.473575   -0.169917    0.772702    0.104409     1.50233  -0.0913413     1.09697    -1.57775     1.10366    0.025872   0.0454263 -0.00662499   -0.824978    -1.75941   -0.837147    0.180494   0.0154566   -0.152916   -0.188763   0.0643068    -1.28108    0.503127    0.286963   -0.473493    -0.22413    0.337207   0.0127122    -1.54097   -0.705555   -0.588045   -0.430426    0.213829    0.536742   0.0502255
  0.519403  -0.099492   0.774332  0.0925429    1.53365 -0.0954526    1.03784   -1.66318     1.0462   0.142588  -0.059156  0.0829788  -0.875196   -1.65681  -0.875824   0.120006 -0.0278455 -0.0631472  -0.036653 -0.0121707   -1.54476   0.601807   0.295115  -0.470084  -0.237978   0.553549  0.0486105   -1.54666  -0.588148  -0.509964    -0.4428   0.247668   0.503998  0.0867668
  0.519181 -0.0971604    0.77428  0.0920484    1.53367  -0.095424    1.03604   -1.66618    1.04461   0.144508 -0.0594467  0.0859656  -0.880025   -1.65369  -0.880439   0.116357 -0.0265259 -0.0605465 -0.0323194 -0.0105682   -1.54355   0.600482   0.295703  -0.470321  -0.237753   0.552449  0.0528192   -1.54889  -0.590017   -0.50813  -0.442136   0.248005   0.505749  0.0900789
  0.592388  -0.138053   0.766884  0.0965985    1.56891 -0.0875894    1.02022   -1.61469    1.02088    0.20901  -0.184213  0.0284246  -0.861546   -1.71008  -0.866284   0.293788  -0.201408  -0.115055   -0.13615    0.11907   -1.48144    0.42632    0.23268  -0.525503  -0.276167   0.497366  0.0670421   -1.83186  -0.801061  -0.483973  -0.453651   0.284308   0.732933   0.125451
  0.592897  -0.137852   0.766908     0.0965    1.56836 -0.0875096    1.01994   -1.61497    1.02067   0.211341  -0.185841  0.0286797  -0.862121   -1.70977  -0.866847   0.295521  -0.202856   -0.11485  -0.135892   0.118774   -1.47953   0.426434   0.233403  -0.525826  -0.276366   0.496415  0.0674948   -1.82989  -0.800782  -0.484434  -0.453345   0.283538   0.731738   0.125452
  0.644307 -0.0683251   0.757511  0.0802213    1.58152  -0.101818   0.998719   -1.69195   0.999875   0.381154   -0.32622   0.123496  -0.876695   -1.62655  -0.877989   0.303169  -0.278291 -0.0213594 0.00442953  0.0136824   -1.74509   0.574773   0.247292  -0.497439  -0.291263   0.708928  0.0753317   -1.77915  -0.624768  -0.439506  -0.459807   0.283012   0.681549   0.145472
  0.644768 -0.0672303   0.757413  0.0798579    1.58067  -0.102085   0.999201   -1.69309    1.00058   0.384791   -0.32846   0.125125  -0.878239   -1.62554  -0.879465   0.304681  -0.279669 -0.0200009 0.00605199  0.0151029   -1.74241    0.57413   0.247523  -0.497319  -0.290619   0.707311  0.0778328   -1.77817  -0.625761  -0.439724  -0.459093    0.28281   0.680974    0.14719
  0.685789 -0.0887935   0.761327   0.060283      1.534  -0.122056   0.997695   -1.61536    1.00394   0.489984  -0.429551  0.0994895  -0.899289   -1.71063   -0.90351   0.100518  0.0231948 -0.0478551 -0.0239567   0.046306   -1.61347   0.592677   0.272751  -0.478668  -0.260918   0.621196  0.0670415   -1.62481  -0.607878  -0.488741  -0.443719   0.251072   0.575684   0.114039
  0.686033 -0.0882468   0.761299  0.0598675    1.53371  -0.122349   0.998641   -1.61556    1.00496   0.491466  -0.430664   0.100399    -0.8975   -1.71048  -0.901689   0.101381  0.0227287 -0.0468653 -0.0228747  0.0473795   -1.61201   0.592353   0.273092   -0.47891  -0.260447    0.62043   0.068143   -1.62445  -0.608234  -0.488638  -0.443363    0.25117   0.575441   0.114769
 0.751685 -0.145434   0.74972 0.0484133   1.56699 -0.133393  0.954859  -1.48797  0.956663  0.459301 -0.503368 0.0173288 -0.853683  -1.83672 -0.871538  0.345135 -0.167655 -0.117473 -0.159555  0.234079  -1.58334  0.389079  0.193873 -0.546429 -0.295427  0.601877 0.0593156  -1.96117 -0.840219 -0.449721 -0.459412   0.31041   0.82244  0.145297
 0.752177 -0.145819  0.749702 0.0483087   1.56602  -0.13349  0.953656  -1.48685  0.955566  0.460684 -0.504506 0.0166725 -0.851538  -1.83778 -0.869615   0.34936   -0.1698 -0.117735 -0.160024  0.233665  -1.58145  0.389939  0.194728 -0.546654 -0.295015  0.601177    0.0583  -1.95815  -0.83971 -0.450816 -0.458972  0.309478  0.820798  0.144361
   0.699178   -0.308703    0.726434    -1.20803     2.03708     1.27922     1.11331    -1.50718      1.5708 5.55112e-17   -0.129881   -0.164992    -0.92852    -1.91986   -0.483411   0.0859051   0.0946514   -0.261799   -0.523599    0.230109    -1.96561    0.552442     0.66372   -0.240822   -0.100389    0.580975   -0.591347    -2.37021   -0.566616 -0.00495062   -0.267812    0.704765    0.987942   -0.310801
  0.759194  -0.111824   0.758859   -1.32497    1.76026    1.31733    1.26879   -1.67173    1.44819   0.190724  -0.225832    0.10358   -0.87713   -1.64372  -0.692584          0 0.00886362 -0.0433418 -0.0685884    0.31949   -1.64971   0.388273   0.679269  -0.241891  -0.158603   0.295436  -0.257205   -2.23607   -0.72182 -0.0866915  -0.156705   0.642924   0.778992  -0.090366
 0.907013 -0.250732  0.756643 -0.720363   1.38786  0.738295   1.04097  -1.41751  0.906351  0.446574 -0.405582 -0.147955 -0.584337  -1.90944 -0.769685  0.601462 -0.214975 -0.261799 -0.174855 0.0498524  -1.32414  0.557862  0.560129 -0.269615 -0.227722  0.236111 -0.371122  -1.48603 -0.681826 -0.546124 -0.193034  0.291658   0.32989 -0.230903
  0.868602  -0.259549   0.758913   -0.70078    1.43853   0.737239   0.947199   -1.40988   0.852491   0.266474  -0.274358  -0.162374  -0.549873   -1.91986  -0.691388   0.471486 -0.0979068  -0.261799  -0.211417  0.0374246   -1.43274   0.564464   0.507103  -0.278769  -0.254913   0.313104  -0.341338   -1.58926  -0.702729  -0.527885  -0.230658   0.311378   0.423557  -0.208981
 0.849646 -0.263294  0.731193 -0.805572   1.70286  0.840549   0.91704  -1.45367   1.02754 0.0770391 -0.226204 -0.139949  -0.78576  -1.91986 -0.697745 0.0692779  0.112508 -0.261799 -0.386158  0.394206  -1.69711  0.187276  0.430666 -0.317829 -0.248537  0.360199 -0.320803  -2.62841 -0.951138 -0.144108 -0.366739  0.646116   1.02317 0.0783604
 0.848582 -0.263882  0.730624 -0.811313   1.70734  0.847567   0.91785  -1.45554   1.03232 0.0755529 -0.225536  -0.14022 -0.784203  -1.91986 -0.691771 0.0633918  0.117388 -0.261799 -0.390241  0.396256  -1.70123  0.184276  0.430366 -0.318432 -0.246668  0.362665  -0.32248  -2.63945 -0.948691 -0.139055 -0.366023  0.652435   1.02683 0.0788393
   0.86114  -0.266667   0.721353  -0.841859    1.78663   0.870731   0.892286   -1.46013    1.07451   0.065344  -0.257326  -0.138655  -0.855767   -1.91986  -0.688985          0   0.131979  -0.261799  -0.388754   0.180978   -2.08374   0.390026    0.36539  -0.316272  -0.360023   0.708118  -0.238082    -2.4792  -0.719274  -0.182573  -0.336271   0.594536   0.999458 -0.0816554
  0.873133  -0.230749   0.731658  -0.859577    1.75345   0.870275   0.881396   -1.48681    1.03162   0.129121  -0.290081 -0.0914732    -0.8375     -1.873  -0.697064  0.0030022    0.11196  -0.212595  -0.325578   0.218443   -2.00052   0.371778   0.378081  -0.330724  -0.357525   0.654703  -0.182701   -2.43879  -0.751446  -0.195876  -0.325469   0.581431   0.961766  -0.038118
  0.937076   0.013995   0.747165  -0.936309     1.7104   0.885849    1.10841   -1.80139    1.20651   0.109902  -0.116681   0.261799   -1.65806   -1.56258   -1.55049          0 -0.0883988  0.0538785 -0.0304054   0.378031   -1.70188   0.117525   0.434659   -0.44628  -0.621489   0.486187   0.361545   -2.50911  -0.887072  -0.176817  -0.210081   0.595364   0.878865   0.291818
   0.918159   -0.133983    0.752631   -0.747519     1.70747    0.765579     1.48498    -1.66377      1.5708           0  -0.0988206   0.0707409    0.369921    -1.82767    0.466748    0.140361 -0.00899892   0.0922542   -0.033657    0.346464    -1.78697    0.299684    0.777785   -0.359635   -0.320624    0.445705    -0.28366    -2.36539   -0.704548   -0.114968   -0.281628    0.698095    0.921159 -0.00891479
  1.07207 -0.154161  0.759649 -0.868035   1.53395  0.769814    1.5423  -1.51467   1.51527  0.520986 -0.497618 0.0418824  0.429113  -1.46431  0.404291  0.155606 -0.227055 0.0558214 0.0436042  0.112658  -1.73238  0.658033  0.645468 -0.336012 -0.337969  0.549515 -0.245053  -1.77559 -0.536581 -0.354305 -0.236766  0.563982  0.524879 -0.232624
  1.07369 -0.153911  0.759574  -0.86957    1.5303  0.768814   1.54525  -1.51246   1.51551  0.528878 -0.502963 0.0421474   0.42753   -1.4563  0.400298  0.150817  -0.22715 0.0555415 0.0442679  0.113779  -1.72616  0.656363  0.644357 -0.337009  -0.33882  0.547236 -0.242192  -1.76901 -0.538073  -0.35907 -0.235948   0.56143  0.519697 -0.231147
   1.08953 -0.0997642    0.75865  -0.885128    1.51077   0.761386    1.46967   -1.56345    1.42794    0.56761  -0.525236   0.115639   0.523599   -1.60892   0.483209          0  0.0772567   0.140495   0.134754   0.156209   -1.62622   0.600743   0.678745  -0.350358  -0.331631   0.487094  -0.152619   -1.74731   -0.58481  -0.372238  -0.203977    0.54625   0.492734   -0.13782
    1.08944  -0.0997094    0.758641   -0.885123      1.5107    0.761349     1.47062    -1.56353     1.42885    0.567746   -0.525301    0.115751    0.523599    -1.60901    0.483166 1.75236e-18   0.0773836    0.140563    0.134148    0.155927    -1.62649    0.600221    0.678184   -0.351141   -0.332925     0.48783   -0.151712    -1.74726   -0.585096   -0.373364   -0.204219    0.545492    0.492628   -0.136614
   1.37916 -0.0452019   0.741769    2.77419    1.73201   -2.80766   0.199848   -1.59846   0.147274   0.806989  -0.627383  0.0335152  -0.362771   -1.46298  -0.411544   0.620283  -0.566775  0.0729728   0.238731  0.0357891   -0.89306   0.403775   0.511243  -0.411215   0.566071  -0.042367  -0.485923  -0.794039  -0.437168  -0.477672  -0.848047   0.157772   0.335566  0.0409536
