   0.375431  -0.0968118    0.736999    0.160123      1.4966   -0.167712  -0.0275845    -1.59199  -0.0151363    0.664783   -0.570418  0.00772875   0.0327892    -1.59046   0.0453382    0.655796    -0.56298  0.00893742  -0.0528316 -0.00699379   -0.687385    0.391496    0.412926    -1.13812   -0.204272    0.438762    0.205728   -0.677028   -0.420759    -0.41611      -1.062   0.0754917    0.356733   -0.189807
 0.240063 0.0112935  0.744838 0.0952442   1.51852 -0.254134 0.0415313  -1.91986 0.0593281  0.869334 -0.470212  0.179476 0.0758287  -1.71289 0.0906216  0.500353 -0.308227  0.172151  0.153472  0.129661   -0.9708  0.382581  0.438934  -1.06615  -0.24967  0.609515  0.285107  -1.05655 -0.674896 -0.248211 -0.938031 -0.113919  0.652944 0.0890449
    0.284272   -0.0713519     0.769385     0.169391      1.51119    -0.184247    -0.194012     -1.91986    -0.198744     0.508837    -0.107362   -0.0525228    -0.145343     -1.57712    -0.134377     0.376959    -0.312072    0.0145209    0.0144298 -0.000671684    -0.955136     0.479394     0.383916     -0.92222    -0.170387     0.475493     0.191798    -0.969225    -0.567397    -0.318026    -0.865448   0.00771927     0.457528   -0.0840788
  0.274728  -0.041181   0.771987   0.176756    1.50492  -0.202011 -0.0479569   -1.91986 -0.0378344    0.49877 -0.0853125  0.0127105  -0.241784   -1.50473  -0.227979   0.241677  -0.241488  0.0407845  0.0857112  0.0103623  -0.991272   0.457358    0.43116  -0.845472  -0.191115   0.425407   0.220803   -1.04579  -0.604686  -0.272433  -0.788451 -0.0017663   0.466907 -0.0224053
  0.266487 -0.0427875   0.765965   0.181861    1.55481  -0.195023  0.0057487   -1.91986 0.00947017   0.395921 -0.0311073  0.0164177  -0.296108   -1.52278  -0.293021    0.17884  -0.209114    0.02723  0.0223058   0.103297   -1.13887   0.328872   0.362597  -0.835648  -0.337619   0.467458   0.232507   -1.55615  -0.821108  -0.226474  -0.668349  -0.025936   0.779616   0.121472
  0.262905 -0.0417495   0.765733   0.180793    1.55686   -0.19609 0.00310701   -1.91986 0.00622933   0.384226 -0.0214139  0.0174376  -0.298211   -1.52674  -0.295498   0.173988  -0.202448  0.0283296  0.0225828   0.108564   -1.14968   0.325867   0.359918  -0.834434  -0.340648   0.473894   0.232344    -1.5696   -0.82658  -0.224197  -0.664411 -0.0248414   0.785271   0.126503
  0.306816  -0.069168   0.769128   0.155311    1.51792  -0.185123  -0.248562   -1.91986  -0.258343   0.547806  -0.157164 -0.0575924  -0.580376   -1.59263  -0.571349          0  0.0703684   0.018323 -0.0164963  0.0840828   -1.05182    0.37717   0.387473  -0.756905  -0.335865   0.357806   0.238413   -1.42044  -0.761729  -0.262705  -0.623065 -0.0418105   0.649651  0.0604577
   0.30657 -0.0693577   0.769141   0.154241    1.51771  -0.184096  -0.249995   -1.91986  -0.259922   0.547493  -0.156762 -0.0580734  -0.579019   -1.59288  -0.570017          0  0.0708079   0.018259 -0.0169858  0.0843814   -1.05324   0.377258   0.387504  -0.754924   -0.33648   0.357359   0.238073   -1.42119  -0.762223  -0.262802  -0.621455 -0.0419627   0.648979  0.0605944
   0.346314  -0.0914861    0.755794    0.176987        1.62   -0.204904    -0.39664    -1.91986   -0.422657    0.458826   -0.186803   -0.112833   -0.517179    -1.63961   -0.526547           0   0.0113545 -0.00635489   -0.127107     0.23284    -1.09936    0.179136    0.282174   -0.912427   -0.445852    0.418844    0.189531    -1.97121    -1.01796   -0.187763    -0.60829   0.0243111    0.967842    0.196186
    0.34435  -0.0930771    0.755627    0.176972     1.62109   -0.204731    -0.40755    -1.91986   -0.433922    0.451209   -0.181805    -0.11654   -0.517744    -1.64376   -0.527312           0   0.0138428 -0.00863036   -0.131016    0.235556    -1.10631    0.178301    0.278098   -0.911633   -0.443342     0.42395    0.184371    -1.98019    -1.02231   -0.186359   -0.606943   0.0261384    0.970918    0.197381
   0.353997  -0.0927189    0.753746    0.174191     1.63338   -0.202528   -0.409305    -1.91986    -0.43635    0.453476   -0.196588    -0.11669   -0.500606     -1.6418    -0.51214           0 0.000618015  -0.0060198  -0.0993904    0.176404    -1.51557    0.277648    0.287595   -0.810336    -0.37767    0.716302   0.0525207    -1.95051   -0.930226   -0.167509   -0.623354   0.0353359    0.960439     0.15014
   0.353248  -0.0934189    0.753641    0.174074     1.63414   -0.202324   -0.414101    -1.91986   -0.441279    0.449919   -0.194482   -0.118321   -0.501132     -1.6437    -0.51278 6.93889e-18  0.00150832 -0.00707111   -0.100461    0.176397    -1.51886     0.27604    0.290574   -0.810295   -0.379721    0.717708   0.0487409    -1.95383   -0.930281   -0.166673   -0.622919   0.0363051    0.961584      0.1497
    0.435153   -0.0376643     0.744654    0.0690202      1.50508    -0.197041    -0.523599     -1.91986    -0.549804     0.850767    -0.484122   -0.0517113    -0.740397     -1.69286    -0.736518  6.93889e-18     0.155322    0.0464105 -0.000553271     0.231998     -1.22048      0.27546     0.406343    -0.736503    -0.444881      0.47912     0.237163     -1.64811    -0.878871    -0.230205    -0.486355   -0.0416973      0.73018     0.180764
   0.434908  -0.0379332    0.744726   0.0631507     1.50492    -0.19084   -0.523599    -1.91986   -0.550238    0.850368   -0.483564  -0.0521841   -0.739582    -1.69295   -0.736099 6.93889e-18    0.155654   0.0460454 -0.00212431    0.231351     -1.2223    0.275618    0.405341   -0.734543   -0.447461     0.47941    0.238192      -1.649   -0.879993   -0.231585   -0.483529  -0.0430828    0.728397    0.182063
   0.418002   -0.114341    0.759657 -0.00482023     1.50734  -0.0165908   -0.520286    -1.91986   -0.558505    0.325835    0.038076   -0.161179    -1.50719    -1.72135    -1.51639 6.93889e-18   0.0724901   -0.129184   -0.135114     0.13705    -1.51295    0.382951    0.466021   -0.245683   -0.740162    0.305264    0.304016    -1.77107   -0.912777   -0.233067   -0.218251  -0.0245238    0.555127    0.114449
   0.417938   -0.114347    0.759641 -0.00773494     1.50736  -0.0136574   -0.520103    -1.91986   -0.558505    0.325602   0.0382888   -0.161204    -1.51515    -1.72147    -1.52445 6.93889e-18   0.0712568   -0.129402   -0.134942    0.137072     -1.5141    0.381731    0.474544   -0.244936   -0.748179     0.30462      0.3031    -1.77124   -0.912973    -0.23219   -0.218233  -0.0252082    0.555245    0.114345
   0.451731   -0.113672     0.75807   0.0510597     1.55607  -0.0722991   -0.523599    -1.91986   -0.552612    0.325904  -0.0105488   -0.159283    -1.51764    -1.72037    -1.51937 6.93889e-18   0.0226673   -0.128144   -0.056653 -0.00861414    -1.86393    0.565843    0.622751   -0.269348    -0.69432      0.5719  -0.0109766    -1.79355   -0.679271   -0.118969    -0.23019   0.0698143    0.521053  -0.0494995
   0.451736   -0.113673    0.758072    0.057744     1.55606  -0.0789705   -0.523599    -1.91986   -0.552511    0.325956  -0.0105826   -0.159265     -1.5186    -1.72036    -1.52022 6.93889e-18   0.0225396    -0.12816  -0.0568089 -0.00865363    -1.86432    0.565494    0.625135   -0.269117   -0.696848    0.571669  -0.0111068    -1.79349   -0.679369   -0.118593     -0.2302   0.0693314    0.521026  -0.0494944
   0.533942  -0.0966345    0.763264    -1.41819     1.00325     1.40811   0.0467204    -1.91986   -0.558505    0.515297   -0.127162   -0.198048   -0.999961    -1.67672     -1.5708 6.93889e-18   0.0877596   -0.121417    0.523599  -0.0264865    -1.60356    0.554372    0.676841   -0.236478   -0.669049    0.388141   0.0770493    -1.53357   -0.680554   -0.201505   -0.219435   0.0238718    0.359262  -0.0291767
   0.533939  -0.0966264    0.763264    -1.41823     1.00318     1.40814   0.0467829    -1.91986   -0.558505    0.515268   -0.127141   -0.198046   -0.999899    -1.67671     -1.5708 6.93889e-18   0.0877526   -0.121405    0.523599   -0.026504    -1.60368    0.554371    0.676812   -0.236299   -0.669414      0.3881   0.0773392    -1.53355   -0.680659   -0.201187   -0.219401   0.0233741    0.359223  -0.0290833
   0.526101  -0.0338449    0.742615    -1.39672     1.12803     1.28143  -0.0816775    -1.91986   -0.558505   0.0991246    0.324946   -0.094948    -1.12957    -1.68939     -1.5708 6.93889e-18    0.123567  -0.0308148    0.454116   0.0795982    -1.56454    0.478687    0.626128   -0.249555    -0.76687    0.410182     0.29964    -1.52672   -0.747755   -0.269338   -0.213943  -0.0926917    0.402393    0.205928
    0.52596  -0.0335014    0.742532    -1.39793     1.12681     1.28224  -0.0804085    -1.91986   -0.558505   0.0984639    0.325586   -0.094628    -1.12832    -1.68921     -1.5708 6.93889e-18    0.123543  -0.0303178    0.455646   0.0799156    -1.56491    0.478243    0.626307    -0.24949   -0.768077    0.410483    0.300727    -1.52712   -0.748205   -0.269567   -0.213917  -0.0931742    0.402851    0.207076
   0.616286   -0.112704    0.759285   -0.299089     1.50594    0.276252   -0.501702    -1.91986   -0.558505    0.315144   0.0478245   -0.160347    -1.53735    -1.72193    -1.56466 6.93889e-18   0.0642723   -0.129183   -0.114054    0.139565    -1.52854    0.368753    0.554826   -0.236022   -0.830919     0.29946    0.303335    -1.77858   -0.916846   -0.221744   -0.217936  -0.0299196    0.559653    0.116313
   0.616427    -0.11288    0.759315   -0.272053     1.50634    0.249378   -0.503473    -1.91986   -0.558505    0.316097   0.0469644   -0.160455    -1.53869    -1.72195    -1.56423 6.93889e-18   0.0644309   -0.129306   -0.116109    0.139311    -1.52824    0.369031    0.554845   -0.236012   -0.830655    0.299269    0.302905     -1.7779   -0.916626   -0.221975   -0.217939  -0.0301824    0.559249    0.116039
   0.709847   -0.102631    0.764179    -1.38619    0.936355     1.38292    0.115607    -1.91986   -0.558505     0.48876  -0.0763069   -0.216091   -0.934119    -1.66648     -1.5708 6.93889e-18    0.111539   -0.128957    0.523599   0.0328541    -1.25705    0.432517    0.485186    -0.23536    -1.03958    0.133741     0.72546    -1.50046   -0.802003   -0.288226   -0.212168   -0.092762     0.37806   0.0973055
   0.709844   -0.102628    0.764179     -1.3862    0.936325     1.38293    0.115637    -1.91986   -0.558505    0.488747  -0.0762953   -0.216091   -0.934089    -1.66648     -1.5708 6.93889e-18    0.111538   -0.128951    0.523599    0.032856    -1.25701    0.433066     0.48196   -0.234894    -1.03889    0.133847     0.72803    -1.50049   -0.801912   -0.289061   -0.212167  -0.0921381    0.378062   0.0975197
   0.733929  -0.0965609    0.763265     -1.4185     1.00274     1.40838   0.0472478    -1.91986   -0.558505    0.515142   -0.126926   -0.198036   -0.999453    -1.67663     -1.5708 6.93889e-18   0.0876863   -0.121301    0.523599  -0.0264961    -1.61313    0.547855    0.734671   -0.230589   -0.729894    0.383045    0.074986    -1.53341   -0.681528    -0.19906   -0.219248   0.0199374    0.359128   -0.028167
   0.733933  -0.0965682    0.763265    -1.41847     1.00279     1.40836   0.0471886    -1.91986   -0.558505    0.515169   -0.126947   -0.198038   -0.999511    -1.67664     -1.5708 6.93889e-18   0.0876923   -0.121313    0.523599  -0.0264814    -1.61222    0.548401    0.729369   -0.231187     -0.7242    0.383515    0.075073    -1.53342   -0.681508   -0.198858   -0.219253   0.0199852     0.35915  -0.0283475
   0.788854  -0.0733094    0.757612    -1.54955     1.11288     1.51202  -0.0689094    -1.91986   -0.558505    0.561269   -0.235231   -0.150861    -1.11045     -1.6904     -1.5708 6.93889e-18   0.0262389  -0.0881729    0.379007    0.183678    -1.59973    0.302501    0.548182   -0.251955   -0.873748    0.343891    0.379549    -1.95087   -0.959172   -0.160944   -0.221323   0.0336364    0.648509    0.177527
   0.788858  -0.0733473    0.757612    -1.54938     1.11321     1.51186  -0.0692287    -1.91986   -0.558505    0.561427   -0.235333   -0.150872    -1.11077    -1.69044     -1.5708 6.93889e-18   0.0262933  -0.0882269    0.379854    0.184199    -1.59974    0.303529    0.547509   -0.250528   -0.871956    0.342641    0.379923    -1.95038   -0.958384   -0.158924   -0.222918   0.0339786    0.649624    0.175986
   0.816313   -0.112742    0.759291   -0.293363     1.50602     0.27056   -0.502091    -1.91986   -0.558505    0.315337   0.0475959    -0.16035    -1.53795    -1.72194    -1.56487 6.93889e-18   0.0641965   -0.129185   -0.114464    0.139545    -1.52875    0.368526    0.556894    -0.23575   -0.833409    0.299135    0.303614    -1.77845    -0.91709   -0.220033   -0.217893  -0.0315253    0.559634    0.115882
   0.816451   -0.112913    0.759319   -0.266912      1.5064    0.244267   -0.503819    -1.91986   -0.558505    0.316267   0.0467566   -0.160455    -1.53927    -1.72195    -1.56446 6.93889e-18   0.0643499   -0.129304   -0.116468    0.139298    -1.52843    0.368821    0.556704   -0.235766   -0.832934    0.298968    0.303195    -1.77779   -0.916848   -0.220422   -0.217899  -0.0316264    0.559243    0.115634
   0.896582   -0.112369    0.752834    0.291771     1.62666   -0.314089   -0.523496    -1.91986   -0.558505    0.314961  -0.0695486   -0.159735     -1.4675    -1.72059    -1.47781 6.93889e-18  -0.0395843   -0.126591   -0.158989    0.379226    -1.51008   0.0984676    0.392851   -0.307044   -0.969084    0.228088    0.543856    -2.52967    -1.10823   0.0536485   -0.246074    0.250849    0.882918    0.227977
     0.8966   -0.112348    0.752842    0.292978     1.62665   -0.315321   -0.523428    -1.91986   -0.558505     0.31504  -0.0695942   -0.159708    -1.46138    -1.72049    -1.47182 6.93889e-18  -0.0386596   -0.126381   -0.159057    0.379232    -1.51079   0.0991207    0.390706   -0.304958   -0.971927    0.227734    0.548901    -2.52969     -1.1084   0.0531975   -0.246027    0.251036    0.882836    0.228191
      1.005   -0.073684    0.751235   -0.413738     1.48907    0.337387   -0.489619    -1.91986   -0.558505    0.784552   -0.406668   -0.107494    -1.53214    -1.71905     -1.5708 6.93889e-18   0.0780074  -0.0733929   -0.155819    0.217494    -1.11647    0.258542    0.213608   -0.382932    -1.47846    0.226356     1.31924    -1.75462    -1.07816   -0.299274   -0.212098   -0.223818    0.596282    0.332444
    0.989462   -0.0692925     0.757606     -1.56447      1.08796      1.52648   -0.0395421     -1.91986    -0.553141     0.550053    -0.228641    -0.147808     -1.08597     -1.68612      -1.5708 -3.29597e-17    0.0208306   -0.0824508      0.37653     0.199172     -1.10958     0.151233     0.539759     -0.59346     -1.02058     0.157568      0.58951     -2.15692     -1.02687    -0.109776    0.0657946    0.0768481     0.497127     0.219335
   1.27232  -0.180451    0.72589   -1.05171    1.02874    1.24852   0.530801   -1.28663  0.0117225   0.390802  -0.510637  -0.243932   -0.84141   -1.59225   -1.36397    0.90457  -0.735818  -0.261799   0.251851  -0.193604  -0.819688   0.436486   0.677019   -0.38381  -0.901963 -0.0729886   0.471161    -1.2844  -0.613123  -0.284424   0.227584  -0.176638  -0.191725 -0.0594037
   1.16933 -0.0905292   0.765493   -1.25649    1.08518    1.32804   0.492485    -1.5062   0.018957   0.443174  -0.395169  -0.100017   -1.03797   -1.59191   -1.51382   0.563883  -0.450062  -0.119943   0.414346 -0.0660218   -1.09559    0.35435   0.847397  -0.388625   -0.80544  0.0281538   0.243778   -1.55507   -0.74814  -0.226528   0.064911 -0.0300205   0.134858  0.0532323
    1.02648 -0.00707265    0.760083    -1.52398     1.24524     1.47596    0.287979    -1.91986   -0.038971    0.246989    0.132093   0.0297566    -1.16125    -1.60958    -1.48668   0.0399896   -0.006299  0.00439722    0.360513    0.187993    -1.44768    0.193414    0.729248    -0.44045   -0.920217    0.306807    0.375436    -1.95947   -0.942208   -0.136297   -0.140642   0.0491448     0.58141    0.252565
    1.02358 -0.00695686    0.759417    -1.52631     1.25274      1.4776    0.281005    -1.91986  -0.0384672    0.239642     0.13825   0.0309219    -1.15912    -1.60998    -1.47711   0.0271437  0.00575475  0.00501634    0.351456    0.191718    -1.45576     0.19129    0.726189    -0.43825   -0.922052    0.312224    0.375968    -1.96808    -0.94583   -0.134288   -0.143383   0.0512191    0.588842    0.254152
   1.37916 -0.0452019   0.741769    2.77419    1.73201   -2.80766   0.199848   -1.59846   0.147274   0.806989  -0.627383  0.0335152  -0.362771   -1.46298  -0.411544   0.620283  -0.566775  0.0729728   0.238731  0.0357891   -0.89306   0.403775   0.511243  -0.411215   0.566071  -0.042367  -0.485923  -0.794039  -0.437168  -0.477672  -0.848047   0.157772   0.335566  0.0409536
