   0.375431  -0.0968118    0.736999    0.160123      1.4966   -0.167712  -0.0275845    -1.59199  -0.0151363    0.664783   -0.570418  0.00772875   0.0327892    -1.59046   0.0453382    0.655796    -0.56298  0.00893742  -0.0528316 -0.00699379   -0.687385    0.391496    0.412926    -1.13812   -0.204272    0.438762    0.205728   -0.677028   -0.420759    -0.41611      -1.062   0.0754917    0.356733   -0.189807
   0.160857  -0.0728159     0.76167    0.155452     1.55396   -0.178576   0.0943197    -1.91986    0.104212    0.615013   -0.251088   0.0587426   0.0658848    -1.87894   0.0727471    0.547789   -0.223813   0.0452846 0.000121966  0.00661784    -1.24441    0.537402    0.321573   -0.969954   -0.156217    0.753183    0.084373    -1.23922   -0.632917   -0.294884   -0.916583  -0.0166262    0.720855  0.00138594
     0.423  -0.135846   0.745628   0.217473    1.51555  -0.113291  -0.184715   -1.81048  -0.186066   0.643748  -0.353087  -0.147966  -0.130543   -1.38228  -0.125109   0.370505  -0.502651 -0.0805177  -0.144791 -0.0740676  -0.718963    0.40319   0.391338  -0.971652  -0.197923   0.296444   0.125727  -0.670908  -0.302839  -0.603491  -0.937216  0.0876237    0.15907 -0.0947279
   0.226184  -0.0403895    0.770292    0.157506      1.5174   -0.215518   -0.190799    -1.91986   -0.194257    0.362276   0.0330246 -0.00780976   -0.200051    -1.61759   -0.189174    0.298884    -0.20074   0.0496493    0.063189   0.0429827     -1.1029    0.468399     0.41494   -0.867346   -0.207674    0.538827    0.171419    -1.16478    -0.58138   -0.403842   -0.782765  0.00641792    0.545599    0.133366
  0.249595 -0.0619491   0.763985   0.159787    1.56814  -0.188325  -0.191852   -1.91986   -0.20349   0.333127  0.0119345 -0.0405972  -0.193204   -1.62643  -0.192906   0.289946  -0.232702  0.0180492 -0.0423916   0.102464    -1.1663   0.341004   0.325137   -0.91941  -0.328725   0.571536   0.170578   -1.58886  -0.776119  -0.410475  -0.695178  0.0501208   0.804801   0.197558
  0.246196 -0.0606879   0.763674   0.158397    1.57003  -0.189726  -0.196443   -1.91986   -0.20859   0.321821  0.0210536 -0.0395199  -0.194341   -1.63211  -0.194437   0.288732   -0.22778   0.019668 -0.0414837   0.107799   -1.17657   0.337812   0.322424  -0.918044  -0.332254   0.577391   0.171573   -1.60245  -0.781945  -0.406754  -0.690457  0.0520437   0.809991   0.201152
   0.244773   -0.110091    0.762728   0.0931144      1.5157   -0.120611   -0.523599    -1.91986   -0.554407    0.376531  -0.0207783   -0.153598   -0.560053    -1.68933       -0.56 3.46945e-18    0.155454  -0.0352256   -0.121393    0.112118    -1.25333    0.405556    0.293439   -0.664322   -0.323149    0.468095    0.139497    -1.58519   -0.794975   -0.438912   -0.505382   0.0644146    0.665879     0.13384
  0.243283  -0.110307   0.762649  0.0868183    1.51488   -0.11406  -0.523599   -1.91986  -0.554844   0.374298 -0.0177577  -0.153995  -0.573548   -1.69059  -0.574034          0   0.156501 -0.0375642  -0.121163   0.113902   -1.26263   0.405757   0.292207  -0.648988    -0.3274   0.462614   0.142705   -1.59359  -0.799097  -0.436298  -0.492952  0.0674459   0.661643   0.133502
  0.271524  -0.109566   0.760372    0.11108    1.55577  -0.138395  -0.523599   -1.91986  -0.551572   0.373116 -0.0573485  -0.152854   -0.57975   -1.68979  -0.581869          0   0.114576 -0.0379114 -0.0692239 -0.0102618   -1.66314   0.593048   0.276736  -0.541867  -0.287982     0.7034 0.00313427   -1.61833  -0.619557  -0.366725  -0.508793   0.137146   0.628571  0.0478772
   0.271425   -0.109581    0.760372    0.112462     1.55571   -0.139754   -0.523599    -1.91986   -0.551553    0.372989  -0.0571587   -0.152871   -0.580966    -1.68988   -0.583071 1.38778e-17     0.11463  -0.0381011   -0.068121 -0.00966526    -1.66335    0.593421    0.278244   -0.540824   -0.287233    0.702409  0.00223369    -1.61944   -0.619282   -0.365635   -0.507898    0.139146    0.628649   0.0467015
  0.424695 -0.0436049   0.763686   0.180197    1.56437  -0.195327  -0.522993   -1.72875  -0.527641   0.432815  -0.289687 -0.0641045  -0.535105   -1.48902  -0.535011  0.0443993  -0.108376  0.0568501 0.00706299   0.135115    -1.2749   0.329432   0.311994  -0.752676  -0.354758   0.510932   0.236838   -1.77512  -0.822136  -0.338524  -0.499505   0.146501   0.760382   0.210775
  0.427655 -0.0416932   0.763737   0.180467    1.56236  -0.195152  -0.522523   -1.72281  -0.526504   0.434194  -0.294159 -0.0614316  -0.535485   -1.48306  -0.535115  0.0455605   -0.11269  0.0594455  0.0119061   0.132962   -1.26457   0.328921   0.317015  -0.754972  -0.355352    0.50471   0.241297   -1.76717  -0.818465  -0.338662  -0.499474   0.145969   0.756071   0.210824
   0.4771 0.0062084  0.743492 0.0948974   1.50769 -0.237067 -0.523599  -1.83075 -0.531575  0.816014 -0.528736 0.0117657 -0.726064  -1.62191 -0.713901         0  0.100057  0.109169  0.126378  0.218115  -1.06048  0.265996  0.434341 -0.810426 -0.422757  0.408861   0.36796  -1.64543 -0.761186 -0.328483 -0.449878  0.140531  0.679295   0.23631
    0.47867  0.00774559    0.743403   0.0937422     1.50791   -0.236168   -0.523599    -1.82707   -0.531105    0.813934   -0.530042     0.01395   -0.726883    -1.61924   -0.714647 5.20417e-18   0.0978204    0.111137    0.130549     0.21698    -1.05601    0.263359    0.439785   -0.813099   -0.424442    0.405886     0.36932    -1.64433   -0.758804   -0.326679   -0.449088    0.141427    0.677776    0.236754
  0.518254 -0.0716615   0.769858   0.140768    1.49747  -0.210609  -0.462301   -1.91986   -0.48366   0.588537  -0.204193 -0.0897547  -0.679574   -1.67679   -0.67167   0.185273 -0.0302944 0.00439081 -0.0195563   0.104407   -1.02691    0.39961   0.390797  -0.701424  -0.369868   0.309644    0.29238   -1.48627  -0.702094  -0.409973  -0.439397  0.0838685    0.52075   0.132244
  0.799113  -0.313875   0.721482 -0.0386675    1.51947 -0.0344375   0.682688   -1.05873   0.734211          0  -0.341005  -0.261799   0.506914   -1.11828   0.542503          0  -0.341859  -0.154783  -0.364922  -0.166614   0.258979   0.806809   0.659889   -1.39894 -0.0643762   0.207641   0.486789   -1.34698  -0.146101  -0.687664   0.128175  -0.298392  -0.448253   0.406477
    0.653154     -0.16982     0.765513   0.00410588      1.54293   0.00769349     0.574456     -1.46561     0.575172     0.120617      -0.1811   -0.0689466     0.523599     -1.68679     0.527926 -5.89806e-17     0.128229    0.0465523    -0.235255    -0.199161    -0.371533     0.668987      0.41351      -1.3061    -0.177569     0.469476     0.333562     -1.45247    -0.466469     -0.56775    0.0160746    -0.151657    -0.053521     0.281393
    0.650084    -0.170284     0.765299    0.0047901      1.54283    0.0101829     0.570541     -1.46831     0.571094     0.116578    -0.174924   -0.0702945     0.523599      -1.6915     0.528167 -5.89806e-17     0.132398    0.0457643    -0.237605    -0.201062    -0.377238     0.672795      0.40861      -1.3089    -0.172789     0.478694      0.32877      -1.4572    -0.471061    -0.568815    0.0194417    -0.157286   -0.0502238      0.28705
  0.547767  -0.166509   0.743401  0.0666806    1.59395  0.0672688    0.54873   -1.67944   0.551603   0.102709 -0.0332635 -0.0770677   0.523599   -1.91986   0.548211  0.0133738   0.264326  0.0452853  -0.283063  -0.396063   -1.18317   0.877553  0.0946013   -1.27449 -0.0642906    1.12816  0.0362814   -1.66677  -0.529619  -0.442464  0.0877594  -0.223218  0.0937929   0.247399
   0.484789    -0.21285    0.735593    0.108342     1.51492   0.0766031    0.437634    -1.62867    0.435352           0    0.108184   -0.160596    0.421382    -1.91986    0.449322 -2.8276e-16    0.373148  -0.0357191   -0.186593   -0.253549    -1.60792    0.747482    0.210218    -0.50872  -0.0923726    0.720517   -0.185764    -1.63904   -0.554316   -0.143351    -0.19373    0.192973    0.416283    -0.35674
  0.589217 -0.0903741   0.762353   0.199143    1.44753  -0.170686    0.64185   -1.69811   0.676563          0   0.221409   0.052943   0.487429   -1.91986   0.558505   0.348113  0.0748149   0.156441 -0.0122483 -0.0370416    -1.2714    0.60253   0.310066  -0.479794  -0.120348    0.40915   0.106418    -1.4377  -0.639113  -0.191332  -0.161383   0.132473   0.246408  -0.145077
   0.58932 -0.0904489    0.76237   0.204246    1.44747  -0.175691   0.637833   -1.69791   0.673084          0   0.221468  0.0524077   0.486819   -1.91986   0.558505   0.348103  0.0747688    0.15638 -0.0144903 -0.0373941   -1.27175   0.601981   0.308969  -0.480341  -0.123085   0.409985   0.108229   -1.43647  -0.639467  -0.194071  -0.161827    0.12933   0.245642  -0.141389
  0.600214  -0.290001   0.741853    1.52617    1.27648    -1.4399    1.28105   -1.51422     1.5708          0   0.038006  -0.137374   -0.81169   -1.91986  -0.554157   0.142072   0.196612  -0.261799  -0.523599  0.0239382   -1.79868   0.720514    1.28824    0.14422   -1.38835   0.295952 -0.0620134    -1.7756  -0.636294  -0.380869  -0.394385   0.433227   0.687612  -0.273845
    0.600134    -0.290057     0.741825       1.5264      1.27596     -1.44004      1.28052     -1.51422       1.5708 -1.38778e-17    0.0380288    -0.137445    -0.811978     -1.91986    -0.553915     0.141843     0.196907    -0.261799    -0.523599    0.0243797     -1.79811      0.71968      1.29547     0.142163     -1.39028     0.296818   -0.0665441     -1.77617    -0.635753    -0.382207    -0.394412     0.435682     0.687925    -0.273834
  0.676046  -0.135943   0.764305   0.791433    1.56551  -0.778657    1.29644   -1.63903    1.30096          0  0.0220795  0.0529431  -0.694333   -1.69398  -0.694702          0  0.0986613 -0.0915055 -0.0476731 -0.0668539   -2.05425    0.80619   0.893635    0.27043   -1.47709   0.398356   0.458094   -1.80925  -0.574776  -0.300499  -0.150714   0.389552   0.440944   -0.17836
    0.676305    -0.135618     0.764309     0.772382      1.56587    -0.759742      1.29457     -1.63924      1.29876 -5.20417e-18    0.0220973    0.0532423    -0.696198     -1.69366    -0.696856            0    0.0980541   -0.0913658   -0.0467961   -0.0672112     -2.05617     0.808334     0.886494     0.275506     -1.47804      0.39646     0.465703     -1.81082    -0.574854     -0.29869    -0.147161     0.390132     0.438897    -0.179909
    0.73503   0.0720834    0.736438    0.773912     1.76035   -0.826525     0.74646     -1.9157    0.609031    0.209461  -0.0532782     0.25788    -1.42335    -1.51476     -1.5708 1.20398e-17   -0.128133    0.118123    0.249727    0.482881    -1.90687  0.00571617    0.717837   -0.149522    -1.26093    0.404456    0.796969    -2.76532   -0.903985  -0.0214646   -0.181314    0.625849     0.95848    0.401675
  0.753639  0.0553129   0.744696   0.794197    1.69625  -0.836725   0.736458   -1.89611    0.65223   0.298819  -0.122378   0.242366   -1.43701    -1.5208   -1.53465  0.0899667  -0.175746  0.0965896   0.237894   0.413852   -1.80875   0.102751   0.742706  -0.137629   -1.25078   0.330304   0.788663   -2.59106  -0.906031 -0.0567011 -0.0964948   0.592678    0.83901    0.29851
  0.856069  -0.198116   0.744008  -0.801559    1.51837   0.914721   0.342391   -1.41911   0.302627          0  -0.112754  -0.158913   -1.43726   -1.71924   -1.48456   0.527288  -0.481982  -0.261799 -0.0121377  -0.119715   -1.92116   0.654824    1.14919  -0.268047  -0.892805   0.555606  -0.381537   -1.82994  -0.393468  -0.923301  -0.292964    1.09262   0.529606   -0.22635
   0.758109  -0.0406551    0.747037  -0.0775191      1.7106   0.0539276    0.212961    -1.71584     0.21837 2.77556e-17  0.00205584   0.0546462    -1.58579    -1.62339     -1.5708           0   -0.139775  -0.0300628   0.0632445   0.0962299    -2.27053    0.423906    0.973644   -0.241289    -1.14342    0.698518   0.0591005    -2.37824   -0.548873   -0.830522   -0.195811     1.11959    0.769283    0.109069
  0.917071  -0.145597   0.764363   -1.33402    1.34153     1.3386   0.592703   -1.36192   0.372811  0.0505147  -0.192785 -0.0862002   -1.11131   -1.74177   -1.34665   0.282057   -0.19056  -0.177343  0.0199838 -0.0805197   -1.79789   0.415873    1.18914  -0.383194   -1.26097   0.478869   -0.14224   -1.67939  -0.507533    -1.4362  -0.337115   0.746003   0.354375   0.403106
  0.917383  -0.145922   0.764278   -1.33822    1.33634    1.34327   0.598527   -1.36135   0.373354  0.0494238   -0.19206 -0.0871268   -1.10715   -1.74184   -1.34781   0.284505  -0.193051  -0.178078  0.0235747 -0.0816086   -1.79743   0.414917     1.1893  -0.384182   -1.26235   0.479069  -0.142673   -1.67837  -0.507676   -1.43945   -0.33686   0.744112   0.353467   0.405922
  0.988902  -0.195961   0.741133   -1.33595    1.27844    1.36659   0.689886   -1.26314   0.413481  0.0678286  -0.291874  -0.161303   -1.08275   -1.79279   -1.38688   0.498416  -0.397142  -0.257659 -0.0384945  0.0421396   -1.71638   0.264268     1.1783   -0.35874   -1.28911   0.411993  -0.139959   -1.88707  -0.747213   -1.36119  -0.389574   0.820955   0.600294   0.329138
   1.09427  0.0880043   0.719921   -1.23972    1.37527    1.08874  0.0959218   -1.05525 -0.0849791          0   -0.42356   0.185112  -0.218972    -1.2653  -0.398689  0.0131056  -0.204999   0.260714   0.504375   0.282195   -1.39634  0.0344781    1.58394  -0.474647  -0.749951  0.0250776  -0.293678    -1.9647  -0.808496  -0.943578  0.0351074    1.24003   0.543906   0.115291
   1.06754  -0.190123   0.752092    1.09617    1.51339    -1.0293   0.561825   -1.52606   0.610764    0.26582  -0.272877 -0.0918985   -1.06216   -1.73569   -1.02323   0.533276  -0.416851   -0.20674  0.0430255  0.0925344   -1.44557   0.798365    1.62115      0.298  -0.653445 -0.0319333  -0.665035   -1.80354  -0.248605    -1.0753  -0.658973    1.22633   0.609371  0.0498886
  0.914916  -0.261349   0.745321   0.739342    1.65788  -0.687322    1.62183   -1.50744     1.5708          0 -0.0674054  -0.113757  -0.588944   -1.91986  -0.659708   0.305659 -0.0943098  -0.261799  -0.168394   0.106693   -2.01477   0.397575    1.17922  -0.239729   -1.09169   0.513826  -0.335088   -2.30709  -0.649117   -1.00232  -0.252826    1.24794   0.748797 -0.0944305
  0.967778  -0.258149   0.735298   0.602515    1.73326  -0.547557    1.64709   -1.50765     1.5708          0   -0.13881  -0.112901  -0.572838   -1.91986  -0.657984   0.322524  -0.183705  -0.261799 -0.0190426  -0.139718   -2.47098    0.63697    1.02808  -0.242928   -1.20361   0.806304  -0.372519   -2.22541  -0.268495   -0.95728  -0.279115    1.26316   0.713938  -0.279604
   0.963885   -0.120767    0.749666    0.725874     1.73655   -0.712966     1.62931    -1.65122     1.51042  0.00311337   -0.123881   0.0747501   -0.496922    -1.67524   -0.600953           0  -0.0390472  -0.0654773    0.111086 -0.00135245      -2.293     0.47915     1.07775    -0.31864    -1.17383    0.723137   -0.168671    -2.29696   -0.469083   -0.975083   -0.183721     1.25804    0.704796  -0.0584112
  0.980784  -0.209467   0.741199    1.33299    1.87275   -1.26561    1.64743   -1.55226    1.36035          0  -0.093531 -0.0726362 -0.0645153   -1.87709  -0.359121          0   0.197872  -0.160914     0.2225 -0.0981051   -2.30465   0.614806    1.10511  -0.250882   -1.17703   0.720615  -0.305254   -2.17075  -0.374612   -0.99993  -0.205178    1.29906   0.657132  -0.246001
    1.37604  -0.0695521    0.730861    -1.33883    0.898881     1.23838     0.80083   -0.896742    0.170933   0.0388926   -0.500234   -0.076838    0.523599    -1.15959   -0.121025    0.310088   -0.513817   0.0812264    0.523599   0.0603126    -1.22726    0.377771      1.8169 -0.00387273   -0.342591   -0.256343    -1.29235   -0.986242     -0.6124    -1.19922  0.00360236     1.00481   -0.242147   -0.357144
   1.37916 -0.0452019   0.741769    2.77419    1.73201   -2.80766   0.199848   -1.59846   0.147274   0.806989  -0.627383  0.0335152  -0.362771   -1.46298  -0.411544   0.620283  -0.566775  0.0729728   0.238731  0.0357891   -0.89306   0.403775   0.511243  -0.411215   0.566071  -0.042367  -0.485923  -0.794039  -0.437168  -0.477672  -0.848047   0.157772   0.335566  0.0409536
