   0.375431  -0.0968118    0.736999    0.160123      1.4966   -0.167712  -0.0275845    -1.59199  -0.0151363    0.664783   -0.570418  0.00772875   0.0327892    -1.59046   0.0453382    0.655796    -0.56298  0.00893742  -0.0528316 -0.00699379   -0.687385    0.391496    0.412926    -1.13812   -0.204272    0.438762    0.205728   -0.677028   -0.420759    -0.41611      -1.062   0.0754917    0.356733   -0.189807
  0.219315 -0.0146775   0.752225   0.113361    1.52548   -0.22953  0.0567411   -1.91986  0.0725798   0.805342  -0.412963   0.141213   0.079005   -1.75869  0.0917676   0.520972  -0.289705   0.133608   0.102305  0.0948693   -1.03728   0.436195   0.397763   -1.04272  -0.212389   0.648711   0.229564   -1.09797  -0.661074  -0.269235  -0.934854 -0.0853444   0.664512  0.0597191
  0.472956  -0.172082     0.7214  0.0746981    1.45031 -0.0559908     0.1654    -1.2606   0.173995   0.404738  -0.590055 -0.0715645   -0.10001   -1.91986  -0.103721    1.06603  -0.598319 -0.0539747  -0.248086  0.0605834  -0.666289     0.3845   0.352554  -0.901436  -0.251714    0.22538   0.113415   -0.59947  -0.238228  -0.684447  -0.770248 -0.0414616 -0.0567397 -0.0204569
  0.454934  -0.129077   0.728464  0.0518811    1.47086 -0.0565961  0.0970501   -1.33286   0.103251   0.444866  -0.581751 -0.0194162  0.0979222   -1.91986    0.11437   0.988786  -0.541956  0.0442368  -0.159673  0.0396755  -0.679821   0.296689   0.490556  -0.960918  -0.265715   0.229978  0.0520984  -0.591835  -0.304915  -0.592539  -0.860502 -0.0481144  0.0479454 -0.0305193
 0.670436  0.114647  0.671202 -0.278724   1.64147  0.324815  -0.49585  -1.13059 -0.530724         0 -0.454466  0.171056  -0.80744   -1.1557 -0.850368  0.181023 -0.534232  0.261799 0.0500251 -0.148467 -0.734752         0  0.658064 -0.340461  0.270639 -0.768982 -0.527294 -0.478469 -0.616712  -0.45278 -0.336734  0.303779 -0.655496 -0.476115
    0.47835   0.0427166    0.761532   -0.286878     1.53678    0.314477   -0.448299    -1.37686   -0.463527   0.0468778   -0.188319   0.0585459   -0.855143    -1.36614   -0.870945    0.161214   -0.261352    0.128431 -0.00408563  -0.0515194    -1.06726    0.212842    0.766893   -0.203359    0.340004   -0.404743   -0.806317   -0.784471   -0.722233   -0.298562   -0.245086    0.395694   -0.337157   -0.675134
   0.527632   0.0906235    0.741921   -0.286173     1.55438    0.325245   -0.523599     -1.2685    -0.54676           0   -0.244603    0.116316   -0.899964    -1.27802   -0.922528    0.176233   -0.340255    0.193087   -0.120107   -0.156616   -0.994643    0.148466    0.797127   -0.209126    0.355902   -0.563748   -0.934095    -1.11573   -0.901381 -0.00318558  0.00179525    0.725977   -0.450352    -1.24012
   0.318719 -0.00845735    0.768381   -0.312493     1.56226    0.312844   -0.523599    -1.60613   -0.526596           0   0.0386595   -0.018121    -1.11405    -1.53237    -1.11663           0  -0.0086184   0.0342555   -0.219551   0.0333568    -1.53896    0.274876    0.941418    0.111886    0.633376   -0.472171    -1.59983     -1.7361    -1.09979    0.395776    0.232634     1.27469    -0.44259    -1.85902
  0.431702  0.0675065   0.766496  -0.345834    1.52928   0.353444  -0.523599   -1.39564  -0.541119          0  -0.111475  0.0820094   -1.56118   -1.45028    -1.5708          0  0.0392618   0.112731 -0.0165194 -0.0483039   -1.17014   0.194802   0.866617  -0.193231   0.448427  -0.396003   -1.06159   -1.49722  -0.951591   0.292514   0.117333    1.12318  -0.347807   -1.60839
 0.358978 -0.109027   0.75797 -0.533054   1.41435  0.505163 -0.429617  -1.91986 -0.558505  0.759672 -0.321225 -0.161309   -1.3727  -1.71908  -1.47039         0  0.153222 -0.126312 -0.105717 0.0824762  -1.25484  0.384157  0.813951 -0.122048  0.812236 -0.153217  -1.53163  -1.51623 -0.855396  0.432186  0.162734   1.27077 -0.221409  -2.03839
    0.425334    -0.262873     0.755433     -0.25077      1.48947     0.295717     0.701689     -1.34932     0.679353 -8.67362e-18   -0.0948353     -0.18483    -0.603517     -1.91986    -0.674349      0.32283    0.0337691    -0.261799    -0.499094     0.123695     -1.41809     0.429596     0.647074  -0.00645396      1.09453    -0.116564     -2.04296     -1.75115     -1.12631     0.571444     0.170182      1.51505     -0.42291        -2.55
 0.771176 -0.226471  0.661069 -0.322472   1.38698  0.413729  0.301912 -0.953994  0.247449  0.205206 -0.637549 -0.241814 -0.533755  -1.82668   -0.6505   1.24809 -0.872665 -0.253692 -0.516229 -0.222709  -0.28167  0.230837   1.33738 -0.919992     1.614  0.459838     -2.55 -0.702545 -0.492636  0.348612 -0.632488   1.26425  0.185988     -2.55
   0.474882   -0.229662    0.740751    -0.38413     1.45252    0.551268    0.274806    -1.33471    0.213624 3.46945e-18   -0.129961   -0.220199    0.257939    -1.91986    0.215885     0.08576    0.356861  -0.0965684   -0.374762  -0.0374269    -1.11326    0.368039     1.02494   -0.288466     1.40086   0.0476465    -2.51404     -1.5544   -0.960431    0.588748    0.134073     1.43263    -0.31901       -2.55
   0.474575   -0.229779    0.740583    -0.36816     1.45363    0.536359    0.270579    -1.33499    0.211471 1.00797e-18    -0.12981   -0.220596    0.260067    -1.91986    0.220511   0.0841514     0.35815  -0.0959672    -0.37471  -0.0380587     -1.1134    0.368899     1.02787   -0.287289     1.40113   0.0491737    -2.51488    -1.55949   -0.958129     0.58716    0.137979        1.44   -0.317922       -2.55
  0.520747  -0.189997   0.756785  -0.330131    1.44961   0.419236    0.35094   -1.38793   0.300384   0.229644  -0.293532  -0.146172   0.164481   -1.91986   0.127437   0.217546   0.239766 -0.0480853  -0.282812 -0.0194193   -1.41473   0.445468    1.02821 -0.0937302    1.41505  -0.160386   -2.54049   -1.50748  -0.870421   0.595405  0.0701505    1.46963  -0.239534      -2.55
  0.520538  -0.190411   0.756692  -0.325543    1.44989   0.414786    0.35519   -1.39197   0.305142   0.236734  -0.296537  -0.145918   0.161735   -1.91986   0.125071   0.216834   0.240533 -0.0489995  -0.285111 -0.0195541   -1.41598   0.445115    1.02905 -0.0937033    1.41612   -0.16168   -2.54455   -1.50643  -0.871245   0.593203  0.0693469    1.46954  -0.239938      -2.55
    0.604695    -0.105622      0.75333    -0.421356      1.49919     0.363316     0.352134     -1.33428     0.330364     0.281668    -0.438585   -0.0192429    -0.286477      -1.7306    -0.319084 -2.77556e-17     0.219018   0.00704623    -0.309346     0.202435     -1.24547    0.0525561     0.950229     -0.50291      1.36192    -0.128399     -2.44881     -1.82577     -1.26837     0.681921 -0.000306531      1.62483    -0.539056        -2.55
    0.525502    -0.217884     0.727801    -0.386446      1.58071      0.45513     0.412705     -1.33731     0.428455            0    -0.221832    -0.165161    -0.196538     -1.91986     -0.20353 -2.77556e-17     0.333639    -0.138014    -0.520552     0.197804     -1.64991     0.139945     0.842792   -0.0488426      1.34877      -0.3103     -2.54426     -2.55767     -1.36255      1.02131     0.242345       1.8664    -0.633661        -2.55
  0.615588  -0.251942   0.711483  -0.371972     1.4087   0.525654   0.296434   -1.09908   0.224253          0  -0.320564  -0.261799  0.0316366   -1.91986 -0.0563454          0    0.48864  -0.178883  -0.381519   0.069645   -1.28585   0.373899   0.890258 -0.0910905    1.36633 -0.0681609   -2.44434   -1.73644   -1.07311   0.547098   0.258218    1.62579  -0.397904      -2.55
   0.615584   -0.251967    0.711477    -0.37068     1.40877    0.524357    0.296235    -1.09901     0.22427 4.98774e-20   -0.320591   -0.261799   0.0311927    -1.91986  -0.0566016           0    0.488684   -0.178955   -0.379416    0.069797     -1.2849    0.375157     0.88902  -0.0907152     1.36539    -0.06623    -2.43958    -1.74126    -1.07031    0.551211    0.261546     1.62738   -0.396666       -2.55
   0.632085   -0.222202     0.71456    -0.38794     1.43685    0.491448    0.285746    -1.09291    0.235208 4.33681e-19    -0.34771   -0.215534 -0.00582757    -1.91986  -0.0770979           0    0.466177     -0.1338   -0.315444 -0.00846876    -1.68188    0.511366    0.900387    0.161181      1.4369   -0.332183       -2.55    -1.80382    -0.90477    0.594522    0.273244     1.64918   -0.353134       -2.55
   0.632096   -0.222527    0.714517   -0.388437     1.43675    0.491817    0.286684    -1.09273    0.236106 4.33681e-19   -0.347728   -0.215853 -0.00880209    -1.91986  -0.0805059 1.38778e-17    0.466157   -0.134852   -0.315142 -0.00820268    -1.68228    0.512291    0.899368    0.162116     1.43793   -0.331635       -2.55     -1.8049   -0.903841    0.595561    0.274476     1.64899    -0.35278       -2.55
   0.663031   -0.266738    0.724199   -0.346735     1.48768    0.540434    0.355414    -1.36914    0.314092 1.57368e-19   -0.120639   -0.257405   0.0832271    -1.91986   0.0441132           0    0.420024   -0.180113   -0.388113   -0.124603    -1.68762    0.621563    0.856015     0.23566     1.42082   -0.275056       -2.55    -1.75418   -0.814261    0.547658       0.292     1.59257   -0.273155       -2.55
   0.683214   -0.283847    0.727748   -0.369676     1.46728    0.515519    0.483812    -1.30495    0.436061 2.68407e-18   -0.151386    -0.25986    -0.25609    -1.91986   -0.336456   0.0612178    0.360389   -0.261799   -0.387282  -0.0864237    -1.69069    0.680365    0.766006       0.298     1.35506   -0.230211    -2.41602    -1.71233   -0.756116    0.710801       0.292     1.38245   -0.273099       -2.55
 0.744041 -0.153006  0.759546  -1.46782  0.911679    1.4795   1.11051  -1.32428   0.45938         0 -0.165696 -0.139349 -0.904371  -1.73577   -1.5708         0 0.0567129 -0.195991  0.459627  -0.10521  -1.90819  0.718915  0.701159     0.298   1.51733 -0.355737  -2.39721  -1.66675 -0.667303  0.948268  0.138404   1.30849  -0.22356     -2.55
  0.855306  -0.215436   0.748357   -1.15158    1.21704     1.0978     0.8395   -1.15981   0.526029   0.274597  -0.473283  -0.176237  -0.825316   -1.87794   -1.20628   0.432173  -0.154258  -0.261799   0.136926  0.0258261   -1.56472    0.76217    0.42245   0.255973    1.19748 -0.0421558   -1.65391   -1.38236  -0.541434   0.809835  0.0995903    1.30788  0.0131988      -2.55
 0.901298 -0.215176  0.735975  -1.16262   1.18835   1.08155  0.860744  -1.09792  0.526624  0.321641 -0.556947 -0.184077 -0.776631  -1.90221  -1.19395  0.598088 -0.287022 -0.261799 0.0588393   0.13319  -1.53288  0.592274  0.358523  0.225822   1.12389 -0.115263    -1.586  -1.63951 -0.786357  0.808595  0.217802   1.37151 -0.274481     -2.55
   0.734494   -0.153326    0.717909    -1.43597     1.57291     1.35452     1.56876    -1.53767      1.5708    0.671464   -0.671942   0.0482987   -0.466403    -1.91986   -0.489663 2.77556e-17     0.31046  -0.0802209   -0.364242    0.133041    -2.09219    0.329456    0.416486       0.298     1.69551   -0.523505    -2.39459    -2.36051     -1.0533     1.02511    0.272837     1.66838   -0.626052       -2.55
   0.78606  -0.126967   0.685917  -0.952719    1.29496   0.836535    1.65806   -1.54248    1.44574    1.05275  -0.872665  0.0684356  -0.164023   -1.91986  -0.419948          0   0.506269 -0.0452611 -0.0511791   0.199198   -1.78255   0.394056   0.366006      0.298    1.64437  -0.363605    -2.1178   -1.89643   -1.03872   0.845463   0.193043    1.58661  -0.532099      -2.55
 0.912303 -0.164543  0.741369  -1.35688  0.995201   1.20945   1.18112  -1.20553  0.625567  0.567331 -0.669767 -0.121823 -0.115406  -1.91209 -0.735625  0.371462 0.0849018 -0.137829  0.259871  0.165366  -1.43419  0.482548  0.244241 0.0856683   1.53618 -0.176578  -1.85033  -1.46459   -0.9161  0.661677  0.026417    1.3977 -0.287315     -2.55
  0.977801  -0.210055   0.762598   -1.29465    1.05522     1.2744    1.23865   -1.36441   0.732457   0.415615  -0.424103   -0.15545  -0.135756   -1.86259  -0.680221   0.373792 0.00263666  -0.200322   0.185999  0.0450375   -1.24882   0.579802   0.165697 -0.0652984     1.4607 -0.0500305   -1.63864   -1.40415  -0.774031   0.644604  0.0347127    1.36515  -0.134247      -2.55
   0.89165    -0.2595   0.743693   -1.28777    1.12356    1.38579    1.30535   -1.45636   0.861036   0.268145  -0.262907  -0.202951  0.0266389   -1.88217    -0.4433   0.106491   0.256921  -0.248041  0.0757033 -0.0535855   -1.68071   0.636934  0.0509035      0.298    1.44524 -0.0366149   -1.73878   -1.74867  -0.743441   0.698674      0.292    1.47703  -0.240362      -2.55
  0.908694  -0.193868   0.749638   -1.39594    1.20223     1.4584   0.814629   -1.36594   0.452783 0.00455761  -0.148624  -0.159223   0.296836   -1.91986  -0.075136   0.159831   0.228893  -0.095614   0.147018  -0.117842   -1.93713   0.679832  -0.843758   0.104903   0.731509   0.386366  -0.157122   -1.82751  -0.621069   0.665279      0.292    1.65221   -0.19593      -2.55
  0.907819  -0.194477    0.74935    -1.3962    1.20234    1.45986   0.814889   -1.36666   0.453098 0.00283555  -0.146758  -0.160074   0.297542   -1.91986  -0.074305   0.156816    0.23139 -0.0964358   0.144504  -0.119826   -1.93841   0.680477  -0.845616  0.0995593   0.723476   0.391389  -0.150029   -1.82869  -0.621904   0.664069      0.292    1.65175  -0.197286      -2.55
  1.04199 -0.149091  0.753382  -1.52338   1.05228   1.42958   1.00855  -1.19271  0.512098 0.0925814 -0.354857 -0.106987 0.0722932  -1.91986 -0.477992  0.524458 -0.141064 -0.082901  0.330965  0.168546  -1.72319  0.447103 -0.643688     0.298    1.1005 0.0326372 -0.533282  -1.98768 -0.857239  0.806119     0.292   1.72408 -0.357867     -2.55
   1.04269  -0.148951   0.753342   -1.52288    1.04989     1.4288    1.00997   -1.19141   0.511219  0.0926276  -0.355536  -0.107294  0.0759589   -1.91986  -0.476689     0.5281   -0.14383 -0.0824897    0.33453   0.168566   -1.72107   0.448754  -0.631418      0.298    1.10495  0.0291701  -0.547782   -1.98531  -0.855994   0.804716      0.292    1.72463  -0.356346      -2.55
   1.15626  -0.241821   0.747564    -1.2556   0.954809    1.33831    1.03164   -1.23958   0.430862  0.0258107  -0.193896  -0.261799   0.425696   -1.87262  -0.193722   0.885328  -0.454941  -0.181988   0.244155 -0.0454571    -1.3341   0.637244  -0.398184  0.0114878   0.962681    0.03067  -0.646046   -1.46966  -0.741406   0.553221   0.129397    1.45125  -0.140898   -2.53941
   0.961171   -0.263348    0.730227    -1.80151     1.32929     1.90349     1.65806    -1.52366     1.43314           0  -0.0847535   -0.139843   -0.270539    -1.91986   -0.512074 5.55112e-17    0.228075   -0.261799    -0.32509    -0.12254    -1.97841    0.456254    -0.97989   -0.147953    0.321632    0.645594    0.111043    -2.14251    -1.04337    0.731293       0.292     1.58075   -0.533161       -2.55
     1.01327    -0.250071     0.729033      -2.0189      1.28115      2.08358      1.65806     -1.49474      1.41506            0    -0.152811    -0.122604    -0.412947     -1.91986    -0.666405 -3.54837e-16     0.134949    -0.261799    -0.200599    -0.416829     -2.35102      0.61534    -0.917871    -0.181861     0.118945     0.931767   -0.0262036     -2.09157    -0.613443     0.571006        0.292      1.56712    -0.382598        -2.55
     1.01327    -0.250071     0.729033      -2.0189      1.28115      2.08358      1.65806     -1.49474      1.41506            0     -0.15281    -0.122604    -0.412945     -1.91986    -0.666402 -3.54837e-16     0.134951    -0.261799    -0.200602    -0.416825     -2.35017     0.615099    -0.912187    -0.182453     0.113716     0.932112   -0.0264401     -2.09156    -0.613437     0.571214        0.292      1.56692    -0.382645        -2.55
   1.37916 -0.0452019   0.741769    2.77419    1.73201   -2.80766   0.199848   -1.59846   0.147274   0.806989  -0.627383  0.0335152  -0.362771   -1.46298  -0.411544   0.620283  -0.566775  0.0729728   0.238731  0.0357891   -0.89306   0.403775   0.511243  -0.411215   0.566071  -0.042367  -0.485923  -0.794039  -0.437168  -0.477672  -0.848047   0.157772   0.335566  0.0409536
