   0.375431  -0.0968118    0.736999    0.160123      1.4966   -0.167712  -0.0275845    -1.59199  -0.0151363    0.664783   -0.570418  0.00772875   0.0327892    -1.59046   0.0453382    0.655796    -0.56298  0.00893742  -0.0528316 -0.00699379   -0.687385    0.391496    0.412926    -1.13812   -0.204272    0.438762    0.205728   -0.677028   -0.420759    -0.41611      -1.062   0.0754917    0.356733   -0.189807
 0.0817812  -0.220176   0.755389   0.220309    1.55287  -0.155161    1.08515   -1.63059    1.08968          0  0.0455543  -0.012139   -0.57849   -1.91986  -0.608014   0.362885 -0.0544963  -0.261799  -0.152835  -0.114425   -1.70983   0.742029   0.242765  -0.460291  -0.106293   0.692306  -0.229419   -1.59463  -0.501154  -0.290021  -0.486245   0.299078   0.591575  -0.270258
   0.209202  -0.0106967    0.770755    0.120413     1.49002   -0.202428    0.958531    -1.71541    0.989248  2.1684e-19    0.159514    0.203764   -0.328305    -1.60799   -0.313033    0.289664   -0.175107   0.0712675    0.239496    0.101423    -1.21864    0.518379    0.559369   -0.464672  -0.0774607    0.286691   0.0671394    -1.43636   -0.620174   -0.198142   -0.360323    0.246244    0.426997 -0.00262313
    0.20903  -0.0087845    0.770533    0.119034     1.49065   -0.202359    0.954668    -1.71697     0.98538 1.87457e-05    0.160231    0.206056   -0.322486    -1.60149    -0.30709    0.277224   -0.169391   0.0747835    0.244146    0.103307    -1.21819    0.516183    0.563325   -0.466188    -0.07764    0.286832   0.0676349    -1.43929   -0.620813   -0.196249   -0.359912    0.246753    0.429494 0.000883743
   0.235975   -0.130168    0.774459    0.128936      1.4626   -0.120884    0.942469    -1.62082    0.960585   0.0159096     0.12025   0.0338979   -0.385488    -1.64995   -0.376583           0     0.18109   -0.036589  -0.0528923 -0.00793496    -1.23656    0.579265    0.459314   -0.450568   -0.122544     0.32209  -0.0755871    -1.22945   -0.559414   -0.312293   -0.407511    0.237563     0.27906   -0.260588
   0.235112   -0.130711     0.77429    0.128835     1.46249    -0.12087    0.942224    -1.61982    0.960243   0.0129838     0.12272   0.0331511    -0.38093    -1.65119   -0.372052 4.51028e-17     0.18248  -0.0366211  -0.0539017 -0.00791017    -1.23823     0.58007    0.458265    -0.45102   -0.122339     0.32438  -0.0764673    -1.23068   -0.559278   -0.312581     -0.4078     0.23713     0.28046    -0.26027
  0.290959  -0.129401   0.776135   0.135265    1.50739  -0.131956   0.934728   -1.61534   0.945836  0.0629766  0.0259727  0.0331653  -0.315909   -1.64332  -0.309693  0.0452286  0.0867345  -0.025171 -0.0308336   0.083638   -1.19176   0.474537   0.464569    -0.4728 -0.0820829   0.228403  -0.107508   -1.58259  -0.707712  -0.249695  -0.370593    0.19838    0.53126 -0.0953303
  0.289813  -0.129625   0.775929   0.134898    1.50757  -0.131373    0.93483   -1.61524   0.945863  0.0598617  0.0288486  0.0328599  -0.315495   -1.64356  -0.309343  0.0426191  0.0894061 -0.0254392 -0.0311876   0.084351   -1.19421   0.474124   0.463987   -0.47363 -0.0829648    0.23114  -0.107642   -1.58435  -0.708152  -0.252069  -0.372412   0.200027   0.534245 -0.0936463
   0.33282  -0.116936    0.77617   0.129839    1.52612  -0.126734   0.912844    -1.6334   0.921661   0.145314 -0.0630929  0.0469469  -0.330485   -1.59647  -0.325276  0.0364666  0.0321824 -0.0111891  0.0138044 0.00262773   -1.48314   0.631621   0.424478  -0.470413  -0.125992   0.504433   -0.09691   -1.53026  -0.596223   -0.22693  -0.408581    0.23693   0.493941  -0.143506
  0.332039   -0.11715   0.776058   0.129656    1.52646  -0.126332   0.913467   -1.63335   0.922204   0.142933 -0.0611014  0.0467083  -0.331101     -1.597  -0.325963  0.0350037  0.0338114 -0.0115979  0.0120331 0.00183635   -1.48562   0.631927   0.420705  -0.470951  -0.127751   0.506921 -0.0946358   -1.53139  -0.596579  -0.228754  -0.409033    0.23523   0.494757  -0.141362
   0.393911   -0.118069    0.768415    0.124389     1.57824   -0.126516    0.890954    -1.62239    0.890377    0.186095   -0.161039   0.0422462   -0.255924    -1.58785   -0.256845   0.0788495  -0.0697386 -0.00220052  -0.0138606    0.177599    -1.43724    0.409959    0.368129   -0.549153   -0.174678    0.446701  -0.0235743    -1.89916   -0.793587   -0.199193   -0.415033    0.267967    0.760245   0.0225607
    0.39365   -0.118071    0.768376    0.124078     1.57847   -0.126078    0.891036    -1.62254    0.890426    0.185272   -0.160353   0.0422387   -0.256597    -1.58779   -0.257543   0.0777936  -0.0689732 -0.00232384  -0.0148064    0.177127    -1.43759    0.409477    0.367334   -0.551082   -0.176157    0.448664  -0.0227263     -1.8996   -0.793989   -0.200678   -0.415575     0.26765    0.760702   0.0237154
  0.421807  -0.178865   0.763999   0.141699    1.52887   -0.10299   0.879812   -1.56608   0.884001   0.271083    -0.2324 -0.0422504  -0.267802   -1.75818  -0.270004  0.0394428   0.183083 -0.0883049  -0.132192   0.079919   -1.38298   0.497592   0.354472   -0.49785   -0.11684   0.420524  -0.144288   -1.71162  -0.758441  -0.286635   -0.40224   0.208694   0.650896 -0.0860702
  0.421835  -0.178873   0.764008   0.141458    1.52886  -0.102762   0.879294   -1.56597   0.883471    0.27093  -0.232309 -0.0423209  -0.268225   -1.75823   -0.27045  0.0395929   0.182967 -0.0883848  -0.132293  0.0799175   -1.38307   0.497593   0.354335  -0.497627  -0.117015   0.420397  -0.144122   -1.71135  -0.758402  -0.287146  -0.402575   0.208738   0.650972 -0.0858513
  0.475718  -0.134724   0.773407   0.133135    1.50923  -0.128178   0.952205   -1.61028   0.962421  0.0213017  0.0623991  0.0277224  -0.280325   -1.65304  -0.274614  0.0218326    0.11845  -0.026955 -0.0485176  0.0908759   -1.22395   0.473501   0.433785  -0.489949  -0.108483   0.273649 -0.0839748   -1.60311  -0.718826   -0.28327  -0.388425   0.204864   0.562472 -0.0714133
  0.475321  -0.134635    0.77333   0.132933    1.50934  -0.128048   0.951195   -1.61025   0.961381  0.0199661  0.0636332  0.0277407  -0.283368   -1.65374  -0.277728  0.0219205   0.118854 -0.0273209 -0.0479061  0.0914009   -1.22487   0.473096   0.434759  -0.489831  -0.108115   0.274063 -0.0851626   -1.60436  -0.719019  -0.282625  -0.388513   0.205626   0.563534 -0.0713934
   0.50173  -0.156652    0.75826  0.0933202     1.6234 -0.0717159    1.53034   -1.62533    1.52375          0 -0.0499615  0.0330615  -0.325544   -1.71335  -0.329941          0  0.0824574 -0.0675562  -0.160921   0.312083    -1.4234   0.178708   0.428296   -0.46099  -0.401679   0.256208 -0.0309728   -2.36645   -1.00317  -0.115382  -0.294695   0.376632   0.869797    0.12237
   0.595433   -0.155205    0.772072  -0.0556337     1.54624   0.0395609     1.21223    -1.57792     1.21143    0.263116   -0.236016   0.0227357    0.143887    -1.54298    0.142953   0.0624502  -0.0654411   0.0122136   -0.117661    0.185312     -1.1492    0.358167    0.509303   -0.398426  -0.0138366   0.0378918   -0.331756     -1.8827   -0.860514   -0.266552   -0.275541    0.232351    0.637555 -0.00049587
   0.643588   -0.155657    0.770707  -0.0814664     1.52687   0.0445549     1.14373    -1.54993     1.14102    0.372936   -0.337672   0.0178764    0.184452    -1.47026    0.182677   0.0861566   -0.141138   0.0187443 -0.00303457     0.17803    -1.36454     0.48608      0.5788   -0.359195  -0.0081467    0.256907    -0.34286    -1.75842   -0.715692   -0.183828   -0.304835    0.325762    0.603036   -0.160105
  0.667191 -0.0148919   0.749829  -0.110115     1.5243   0.017075    1.24586   -1.71094    1.25423   0.557213  -0.466362     0.2263  -0.271551   -1.39258  -0.274148  0.0130483  -0.138241   0.141127   0.283098   0.279444   -1.25747   0.321567   0.724251   -0.34267 -0.0200377   0.106322  -0.180321   -1.81861  -0.710257 -0.0946042  -0.267755   0.395989   0.664744 0.00854413
  0.703822  -0.106765   0.773029  -0.700887    1.47671   0.639323    0.81491   -1.54386   0.757444   0.455968  -0.399918  0.0408193   0.114587   -1.62289  0.0586653  0.0812109   0.046298  0.0624816   0.103624   0.148298   -1.23231   0.460838   0.639963  -0.276872 -0.0702664   0.072338  -0.242028   -1.61988  -0.720972  -0.109293  -0.252559   0.174219   0.470141   -0.13428
  0.703919  -0.107935   0.773294  -0.711968    1.47594   0.651502   0.807571   -1.54106   0.748627   0.450238  -0.396453  0.0379127   0.122242    -1.6244  0.0649825   0.084591  0.0443427  0.0617514   0.102069   0.146771   -1.23339    0.46235   0.638638  -0.276091 -0.0711163  0.0728258  -0.242865   -1.61878  -0.721447  -0.108116  -0.252458   0.171275   0.468769  -0.136119
   0.739677  -0.0845085    0.767222   -0.688475     1.49767       0.589    0.746634    -1.52417     0.70466    0.486399   -0.460937   0.0679034    0.127952    -1.59265   0.0874333   0.0852942 -0.00268449    0.100123    0.191132    0.137993    -1.46983    0.619912    0.619931   -0.309738   -0.116476    0.359193   -0.163977    -1.58298   -0.619657  -0.0519604   -0.289243    0.261005    0.476717    -0.19927
   0.738852  -0.0851736    0.767336   -0.685323     1.49816    0.586943    0.746216    -1.52436    0.704652     0.48415   -0.458861   0.0669524     0.12779    -1.59471   0.0876819   0.0863203 -0.00197842   0.0992314    0.187794    0.136455    -1.47245    0.620317    0.614857   -0.311541   -0.118973    0.362465    -0.16059    -1.58414   -0.619981  -0.0544607   -0.289837    0.259924    0.477104   -0.197905
  0.786763  -0.125547   0.781637  -0.459798    1.49058   0.442373    1.02775   -1.60077   0.995412    0.28635  -0.197438  0.0413458 -0.0293799   -1.55942  -0.063681   0.151203 -0.0899697  0.0168577  0.0568313  0.0258927   -1.41029   0.628336   0.530525  -0.323174   -0.11875   0.321365  -0.166413   -1.41491  -0.596826  -0.155697  -0.344759   0.255049   0.366509  -0.292249
  0.658603  -0.163036   0.762683    -0.4016    1.56612   0.424641    1.57248   -1.61918     1.5708          0 0.00439746   0.025296  0.0277543   -1.71463  0.0261629          0   0.148169 -0.0193756 -0.0534819 -0.0418388   -1.83825   0.683917    0.41193  -0.274371  -0.327793     0.5772  -0.148332   -1.78004  -0.587868  -0.152739  -0.270317   0.271266   0.542955  -0.218608
   0.77269  -0.121279   0.766794  -0.484077    1.59149   0.484996   0.961178   -1.62914    0.97079   0.138783  -0.123961  0.0471524  -0.318398   -1.61409   -0.30872  0.0543748 -0.0312858 -0.0142269 -0.0196844   0.211063   -1.59935     0.4021    0.45107  -0.323513  -0.294306   0.357822 -0.0232883   -2.06616  -0.823244 -0.0869507  -0.255388   0.307623   0.725886 -0.0138958
  0.774283  -0.119829   0.767101  -0.487516    1.59048   0.487803    0.93373   -1.62838    0.94299   0.139539  -0.122881  0.0462511  -0.333795   -1.61572  -0.324561  0.0630175 -0.0376581 -0.0147358 -0.0157109   0.211402   -1.59333   0.401818   0.454748  -0.324841   -0.29257   0.353991 -0.0232973   -2.06236  -0.822196 -0.0858107  -0.253882   0.307244   0.722892  -0.014345
 0.842169  -0.26159  0.756381 -0.702322   1.47769  0.746428  0.966715  -1.42887  0.900701  0.200824 -0.220326  -0.15767 -0.565296  -1.91986 -0.673654  0.357405 -0.010335 -0.261799 -0.234784 0.0534843  -1.53174  0.539405  0.491858 -0.257174 -0.321994  0.348954 -0.300364  -1.87266 -0.821026    -0.201  0.137767   0.25989  0.290176 -0.323151
  0.846867  -0.261027   0.756856  -0.703722    1.47312   0.745726   0.959331   -1.42452   0.890021   0.207893  -0.227881  -0.158263  -0.567945   -1.91986  -0.680357   0.373446 -0.0242799  -0.261799  -0.233077  0.0548381   -1.52033   0.539831   0.494012  -0.255648  -0.320303   0.340002  -0.300608   -1.86011  -0.820545  -0.204296   0.143759   0.257073   0.276949  -0.326201
  0.92243 -0.245138  0.752487  -0.73793    1.4736  0.745841  0.837424  -1.36757  0.771607  0.270211 -0.344431 -0.151976 -0.648301  -1.91986 -0.762737  0.530866 -0.200094 -0.249454 -0.205116 -0.072938  -1.71802  0.654455  0.429154 -0.323504 -0.430965   0.58489  -0.22946  -1.69281 -0.599642 -0.132796 0.0846361  0.249663  0.173196  -0.49881
   0.910366   -0.122713    0.769182   -0.688193      1.5151    0.635008     0.73941    -1.51153    0.705575    0.371878   -0.371795   0.0138583   -0.222768    -1.80204   -0.265204    0.339403  -0.0709585 -0.00762812  -0.0559832   0.0366499     -1.6996    0.575382     0.42443   -0.261705   -0.505264    0.479192   0.0600117    -1.80023   -0.721424   -0.268088    0.119875    0.278238    0.209023   -0.140631
   0.989242   -0.127947    0.781271   -0.638463     1.49075    0.632553    0.841738    -1.58491    0.795048    0.224533   -0.150111   0.0144728  -0.0520971    -1.54818  -0.0992857    0.127582   -0.085429  0.00681285   -0.079609 0.000304436     -1.5058    0.536834    0.468076    -0.30542   -0.520647    0.366924   0.0887579    -1.59471   -0.723062   -0.321275    0.151005     0.19105   0.0259052   -0.135733
    0.989977    -0.128518     0.781206    -0.637732      1.49043     0.632209     0.841689     -1.58432     0.794802     0.225917     -0.15163    0.0136514   -0.0464189     -1.54202   -0.0937557     0.119072   -0.0827889   0.00690073   -0.0814109 -6.47385e-05     -1.50424     0.535637     0.469448    -0.307156    -0.522196      0.36722    0.0874821     -1.59282    -0.723375    -0.323444     0.152818     0.187423    0.0228962    -0.132762
     1.02166     -0.16228     0.771517    -0.635746       1.5315     0.639197     0.818244     -1.53368     0.794311     0.189346    -0.183794   -0.0303187    0.0942093       -1.464    0.0710039 -3.46945e-18   -0.0748685    -0.011168    -0.138225     0.115212     -1.52044     0.428086     0.500879    -0.311221    -0.493243     0.326212  -0.00882935     -1.96537    -0.875403    -0.271345     0.048317      0.29858     0.401451   -0.0804446
     1.01727     -0.16216       0.7713    -0.635627      1.53585     0.639291     0.820816     -1.53543     0.799573     0.177252    -0.173829    -0.029336    0.0924708     -1.47362     0.071837 -1.73472e-17   -0.0687578   -0.0107083    -0.140226     0.117095     -1.53254     0.425869     0.498627    -0.311776    -0.494405     0.334329  -0.00962376     -1.97849    -0.876637    -0.267968    0.0412636     0.301599     0.414632   -0.0767861
    1.05309   -0.145598    0.762851   -0.639154     1.58039    0.636305    0.792745    -1.55981    0.798549    0.239218   -0.254572 -0.00505748 -0.00309622    -1.48362  0.00269812   0.0327707   -0.127544    0.002807   -0.115175  -0.0449008    -1.87506    0.589947    0.457018   -0.320384   -0.542873    0.628507  -0.0670127    -1.94414   -0.668818   -0.229977    0.045203     0.31167     0.35901   -0.172322
    1.05246   -0.145588    0.762778   -0.638797     1.58117    0.636289    0.793334    -1.56052    0.799599      0.2379    -0.25338 -0.00490381   -0.005045    -1.48379  0.00120609   0.0304286   -0.125655  0.00259276   -0.115047  -0.0452056    -1.87705    0.590209    0.457121   -0.320365   -0.542852    0.629535  -0.0676798    -1.94616   -0.668228   -0.228868   0.0444582    0.312419    0.360958   -0.172688
    1.06776   -0.143616    0.763518   -0.640134      1.5586    0.634718    0.788405    -1.55568    0.781136    0.291149   -0.292024 -0.00527362   0.0876985    -1.71509   0.0814248   0.0350245    0.118627   0.0170187   -0.102241   -0.035191    -1.82183    0.587684    0.470064   -0.315985   -0.534208    0.595014  -0.0561239    -1.89655   -0.677821   -0.238381   0.0581407    0.303139    0.321545   -0.176099
    1.06741   -0.144008    0.763426   -0.639894     1.55894    0.634994    0.789448    -1.55588     0.78238    0.290409   -0.291411 -0.00566562   0.0886281     -1.7149   0.0825608   0.0333831    0.119788   0.0166524   -0.102948  -0.0360539    -1.82316    0.588034    0.469803   -0.316004   -0.534379    0.595976  -0.0570541    -1.89725   -0.677316   -0.238022   0.0578057    0.303182    0.322271   -0.176807
   1.37916 -0.0452019   0.741769    2.77419    1.73201   -2.80766   0.199848   -1.59846   0.147274   0.806989  -0.627383  0.0335152  -0.362771   -1.46298  -0.411544   0.620283  -0.566775  0.0729728   0.238731  0.0357891   -0.89306   0.403775   0.511243  -0.411215   0.566071  -0.042367  -0.485923  -0.794039  -0.437168  -0.477672  -0.848047   0.157772   0.335566  0.0409536
