   0.375431  -0.0968118    0.736999    0.160123      1.4966   -0.167712  -0.0275845    -1.59199  -0.0151363    0.664783   -0.570418  0.00772875   0.0327892    -1.59046   0.0453382    0.655796    -0.56298  0.00893742  -0.0528316 -0.00699379   -0.687385    0.391496    0.412926    -1.13812   -0.204272    0.438762    0.205728   -0.677028   -0.420759    -0.41611      -1.062   0.0754917    0.356733   -0.189807
   0.070733  -0.0936026    0.758753    0.159357     1.60676   -0.160693   0.0620293    -1.91986   0.0591864     0.31852 -0.00549145   0.0216843    0.019125    -1.91986   0.0141364    0.323907  -0.0103411  0.00634481  -0.0162726  -0.0206613    -1.57559    0.581287    0.271733   -0.836409   -0.194313    0.866329  -0.0144656    -1.55946   -0.627869   -0.261271   -0.801678   0.0760866    0.828192   0.0278141
  0.183216  -0.128734    0.75542   0.182005    1.61931  -0.146306  -0.010153   -1.84267 -0.0175804   0.429815  -0.205933 -0.0402579 -0.0476792   -1.91986 -0.0571743   0.566105  -0.265527 -0.0550338    -0.1309  0.0556225   -1.35843   0.412758   0.223912  -0.962885  -0.217582   0.769985 0.00985872    -1.7599  -0.817155   -0.30128  -0.720649  0.0693982   0.927013  0.0848053
  0.184564  -0.129331   0.755342   0.182744    1.61736  -0.146467 -0.0124169   -1.84316 -0.0196268   0.437112  -0.210817 -0.0414073 -0.0492222   -1.91986 -0.0585373   0.572313   -0.26983 -0.0560894  -0.131755  0.0538103     -1.353   0.414564   0.225592  -0.963573  -0.215944   0.767805 0.00891185   -1.75223  -0.815392  -0.303402   -0.72148  0.0676551   0.923874  0.0825702
   0.214449  -0.0460037     0.74942    0.108772     1.64484   -0.174317   0.0958615    -1.91986   0.0860623    0.593508   -0.318541   0.0954896   -0.103342    -1.67337   -0.115887    0.168906   -0.139889    0.054296   0.0600419   0.0814081    -1.79418    0.492434    0.368628   -0.714429     -0.3548    0.872049 -0.00319288    -1.85665   -0.684883   -0.139911   -0.626091     0.10952    0.884427    0.105279
    0.107479    -0.153549     0.724059    -0.867646      1.98082     0.927793    0.0411628      -1.8343     0.364533            0   0.00448199  -0.00532066   -0.0999494     -1.91986     0.229046 -3.05311e-16    0.0985439   -0.0209256    -0.326637    -0.111236     -2.53808     0.541856     0.334241    -0.304306    -0.593938     0.965246    -0.151875     -2.47749    -0.474641     0.158019    -0.256455     0.256487     0.947967    -0.151393
    0.7164  -0.223905    0.64051   -1.99982     2.0079    2.29755  -0.309187   -1.08171  0.0261956   0.596233  -0.800028  -0.261799  -0.395858  -0.695505   -0.06916   0.284111  -0.872665   -0.19353  -0.523599 -0.0900975  -0.784495   0.511253    0.67041  0.0535344  -0.565612  -0.403242    0.20413  -0.860173   -0.30369   -0.25351      0.292  -0.555859  -0.671769   0.151162
    0.30074  -0.0854245    0.766803    -2.05207     1.63727     2.07508   -0.182593    -1.87179   -0.131481    0.436012   -0.105306  -0.0608289   -0.175902    -1.38766   -0.118984   0.0309992   -0.180727 -0.00020291   -0.157465  -0.0554365    -1.75663    0.523945     0.46445   -0.205449   -0.736122    0.483683    0.219464    -1.77824    -0.77487  -0.0234373   0.0548914    -0.36306    0.263968    0.249829
    0.301072   -0.0902198     0.765998     -2.15331      1.65041       2.1174    -0.469879     -1.91986    -0.430929     0.518419    -0.157208    -0.106026    -0.523002     -1.62918    -0.456684 -6.93889e-17    0.0937624    0.0116187    -0.166383   0.00322496     -1.75773     0.530091     0.465551    -0.195143    -0.738233     0.478805     0.219983     -1.76503      -0.7701   -0.0287268    0.0398089    -0.345815     0.269777     0.228213
    0.40334  -0.0363862    0.777512    -1.20427     1.37684     1.21206   -0.369658    -1.68416   -0.558505    0.372147   -0.208006   -0.073948   -0.344765    -1.43088   -0.526139   0.0563873   -0.109728   0.0563356    0.219449     0.01816    -1.42299    0.442101    0.559909   -0.338419   -0.634937    0.301515    0.307834    -1.70717   -0.815895   -0.293891    0.291941    -0.24485 -0.00503998    0.511827
    0.44416   -0.164987     0.77234    -1.92616     1.71952     1.90322    0.364696    -1.38706    0.508271   0.0374412   -0.149786  -0.0626735 -0.00634489    -1.44186    0.134638  0.00523709  -0.0846946  0.00911669   -0.340433    0.138103    -1.53578    0.422322     0.57192   -0.201578   -0.777998    0.254304    0.167646    -1.95291   -0.914417   0.0473331    0.177938   -0.258888    0.278636    0.127481
   0.441205   -0.165591    0.772102    -1.92174     1.71542     1.89989    0.372005    -1.38993    0.511859   0.0318322   -0.143136   -0.063163 -0.00198008      -1.444    0.135284 2.60209e-18  -0.0791169  0.00801865   -0.339618    0.136815    -1.54467    0.420999    0.569565   -0.201169   -0.779511    0.261094    0.165287    -1.95868   -0.917305   0.0489844    0.172912   -0.257977    0.286568      0.1265
   0.433001   -0.177496    0.764149    -1.90949     1.69912     1.94591    0.341338    -1.44372    0.461417   0.0795743   -0.146495  -0.0900269    0.048747     -1.7251    0.171448           0    0.199003 -0.00743545   -0.348865   0.0794402    -1.57043    0.431352     0.56199    -0.17376   -0.781013    0.276139    0.144049    -1.95991   -0.921222   0.0469774    0.183972   -0.264215    0.289818    0.113513
    0.430988     -0.17828     0.763733     -1.90643       1.6963      1.94478     0.344439     -1.44573     0.461945    0.0754565    -0.141709   -0.0912436    0.0462523     -1.72874     0.166375 -1.38778e-17     0.201557  -0.00964166    -0.348749    0.0772564     -1.57645      0.43073     0.560879    -0.173155    -0.781913     0.280885     0.141446      -1.9634    -0.922906    0.0480258     0.181149    -0.263785     0.294778      0.11231
     0.54961    -0.114082     0.761017     -1.92054      1.61803      1.83977     0.381923      -1.3582     0.435013      0.13816    -0.318895  -0.00788796     0.155993     -1.58523      0.20158 -1.38778e-17    0.0266672    0.0839009    -0.209139     0.315924     -1.28509     0.157369     0.566406    -0.474917    -0.852444     0.175091     0.304218      -2.2363     -1.09085     0.171883   -0.0573261    -0.129744     0.629758     0.182554
    0.550059    -0.114275     0.761063     -1.92311      1.61962      1.84151     0.380987     -1.35632     0.435696     0.137664     -0.31955  -0.00794893     0.159723     -1.58412      0.20682 -1.04083e-17    0.0260667    0.0845999    -0.210879     0.316015     -1.28403     0.157381     0.569413    -0.475665    -0.851762     0.174245     0.300691     -2.23539     -1.09019     0.170235   -0.0546018    -0.129528     0.627133     0.182729
   0.578743  -0.0982798    0.758423    -1.94847      1.6484     1.83324    0.322118    -1.30647    0.407729    0.139462   -0.362809   0.0122738    0.129915     -1.5421    0.204832           0 -0.00801184    0.110098   -0.197825    0.269832    -1.63342    0.286735    0.541455   -0.303765   -0.807946    0.397647    0.255171    -2.15315    -0.99535    0.136711   0.0219661   -0.164447    0.530595    0.182773
   0.578527  -0.0986517    0.758444    -1.94917     1.64742     1.83411     0.32367    -1.30611    0.408382    0.137954   -0.361754   0.0117861    0.133276     -1.5423     0.20723           0 -0.00798507    0.109879   -0.198099    0.269353    -1.63488     0.28691    0.540614   -0.302772   -0.809103    0.398262    0.255575    -2.15368    -0.99585    0.135988   0.0219989   -0.164823    0.530721    0.183097
  0.56865 -0.145295   0.74421  -1.94235   1.66363   1.94917  0.214492  -1.34169  0.306014  0.177213 -0.361739 -0.073752 0.0603192  -1.82297  0.152673         0  0.283665  0.032629 -0.286065  0.136982  -1.68412  0.339556  0.535993 -0.225343 -0.799659   0.41115   0.17298  -2.13281 -0.987913  0.122431 0.0848047  -0.18736  0.487219   0.12895
    0.567777    -0.146758     0.744025     -1.94034      1.66138      1.94866     0.218037     -1.34144     0.307576     0.172909    -0.358449   -0.0757351    0.0518488     -1.82476     0.141743 -1.73472e-18     0.284954    0.0286205    -0.287071     0.134585     -1.68837     0.340432     0.534852    -0.223507    -0.800553     0.413513     0.170674     -2.13366    -0.988277     0.121946    0.0833741    -0.188132     0.488951     0.127616
    0.713062    0.0298149      0.71094     -2.08302      1.41234      1.82844     0.414352     -1.25026     0.278061      0.19216    -0.541598     0.171096     0.200358     -1.65855    0.0470666 -2.60209e-17    0.0474759     0.261799     0.156849     0.607461     -1.19079 -1.55431e-15    0.0217196    -0.780597    -0.761205     0.489657     0.792652     -2.65734     -1.08766     0.331598    -0.187473    0.0994611     0.934326     0.373811
    0.713118    0.0298181     0.710948     -2.08135      1.41109      1.82683     0.415917     -1.25041     0.278356     0.192151    -0.541494     0.171024     0.201986     -1.65833    0.0474155 -2.77556e-17    0.0471843     0.261799     0.156305     0.605178     -1.18856 -1.54737e-15    0.0226434    -0.786643    -0.759933     0.492951     0.787331     -2.65638     -1.08845     0.328429    -0.187849    0.0982297     0.934064     0.374818
  0.677649   -0.13748   0.717988   -1.47219    1.37299    1.44659   0.498382   -1.21267   0.318397   0.141536  -0.458628 -0.0866801  0.0974142   -1.91986  -0.106145          0   0.371635 -0.0130426 0.00722323   0.406937   -1.46146  0.0805328   0.459368  -0.380703  -0.695674   0.280866   0.192965    -2.5528   -1.15691    0.31303  -0.135225  0.0693639   0.843233   0.162183
  0.677532  -0.138457   0.718009   -1.47077    1.37239    1.44541   0.501264   -1.21262   0.320788   0.142083  -0.458672 -0.0877797  0.0919342   -1.91986  -0.112641          0   0.371719 -0.0155363 0.00518693   0.406189   -1.46514  0.0807406   0.465024  -0.375548  -0.704955   0.279565   0.194218   -2.54989   -1.15919   0.309393  -0.138205   0.068081   0.844308   0.162486
   0.919417  -0.0788177    0.661931    -1.68936    0.694635     1.27618     1.25461   -0.602748    0.501503   0.0841112   -0.744159   -0.107855   -0.432409    -1.91986    -1.38045    0.824079   -0.516183  -0.0413129    0.446702    0.670336   -0.846185   0.0642968   -0.191207   -0.716806    -1.24065    0.432495      1.0503    -2.91173    -1.62333    0.183442  -0.0398299 -0.00903613    0.842146    0.618463
  0.902236 -0.0919339   0.668545   -1.72119   0.625047    1.32882     1.4045  -0.714111   0.556105   0.201458  -0.763269  -0.124883  -0.566941   -1.91986    -1.5708    0.68537  -0.477047 -0.0623244   0.523599   0.683599  -0.937906   0.144892  -0.428606  -0.706128  -0.997872   0.485131     1.0617   -2.92824   -1.57959   0.221794  -0.157542  0.0152753   0.927067   0.565436
 0.916082 0.0463964  0.647742  -1.95011  0.909586   1.42428   1.05574 -0.814241  0.488861  0.207391  -0.80736  0.165746 -0.855561  -1.91986  -1.54591         0    0.1046  0.144822  0.347105  0.738311 -0.856397   0.12652 -0.652448  -0.92139  -1.05786  0.833017   1.31035  -3.20395   -1.4318  0.289656 -0.159482  0.101242   1.05024  0.698404
  0.884099 -0.0173694   0.672783   -1.84999    0.86023    1.42494    1.15582  -0.859096   0.529597   0.213529  -0.752867  0.0523286  -0.637151   -1.91986   -1.38791          0   0.166935  0.0454419   0.523599   0.775236   -1.04307  0.0801861  -0.600943  -0.495893   -1.17581     0.5041    1.64652   -2.89882   -1.32482   0.342744  -0.200842   0.093723   0.993927   0.487524
   1.11181 0.00705838   0.659334   -1.75169   0.637092      1.339    1.21725  -0.651492   0.381122          0  -0.688546  0.0146783  -0.604762   -1.80749    -1.5708   0.684762  -0.493635  0.0794592   0.260328   0.494782  -0.766561   0.237211  -0.760279  -0.391561   -1.51823   0.779172    1.79494   -3.35043   -2.12712  0.0699759 0.00972531  -0.106395   0.861764    1.20177
    0.890916     -0.14876     0.725159     -1.65765     0.831991      1.54448      1.26966     -1.11514     0.574647 -2.08167e-17    -0.372004    -0.135302    -0.134096      -1.8768    -0.900306            0     0.212069    -0.132046     0.289639     0.476667     -1.19277     0.276835    -0.657472    -0.505865    -0.876785     0.360256      1.23689     -2.89456     -1.42084     0.139172    -0.170038     0.142071     0.890747     0.417628
  0.892742  -0.150642   0.723953   -1.67091    0.83523    1.55195    1.28003   -1.11212   0.590713          0  -0.376168  -0.135144  -0.136605   -1.88929  -0.900529 0.00930815   0.205755  -0.133882   0.270778   0.430846   -1.66536  0.0852366  -0.409299  -0.148331  -0.602958   0.417872   0.696204   -2.85502   -1.41434   0.112762 -0.0986992  0.0965567   0.841294   0.409359
  0.891656  -0.154077   0.723637   -1.66899   0.836833    1.55236    1.28328   -1.11233   0.595797          0  -0.375091  -0.139176  -0.137789   -1.89296   -0.90067 0.00985749   0.207296  -0.138933    0.26563   0.428922    -1.6724  0.0856433  -0.404625  -0.141498  -0.599199   0.415135   0.684853   -2.85482   -1.41336   0.113487 -0.0997362  0.0972406   0.842446    0.40408
    0.921954    -0.173212     0.747939     -1.59577     0.730552      1.59611      1.65806     -1.36637     0.831319            0    -0.157873    -0.142514     0.219052     -1.81124    -0.632193 -3.17308e-17     0.176235    -0.133176     0.432006     0.281664     -1.60534     0.222355    -0.354689   -0.0885244    -0.668969     0.263646     0.775038     -2.69295     -1.31738     0.099952     0.170486    0.0759924     0.575282     0.290337
    0.873706    -0.259468     0.727989     -1.52273     0.890076      1.60794      1.65806     -1.39461     0.988321            0     -0.12124    -0.223902     0.136781     -1.91986     -0.56702 -3.17308e-17     0.274095    -0.261799     0.329002     0.231994     -1.77476     0.341385     0.287248     0.109712    -0.798424     0.155308     0.298849     -2.40549     -1.12728     0.178447    -0.182571    0.0410016     0.828179  -0.00199387
   0.902893   -0.246719    0.729328    -1.59589    0.885007     1.64342     1.65806    -1.36279    0.991654 3.46945e-18   -0.161661   -0.205074  -0.0263316    -1.91986   -0.730827 3.46945e-18    0.217462   -0.261799    0.360747   0.0566249    -1.92515    0.563266   -0.485708   -0.334817    0.175222    0.690843   0.0235612      -2.255   -0.921722   0.0673239   -0.106284  -0.0142459     0.70774  -0.0687045
    0.902867    -0.246732     0.729327     -1.59583     0.885027      1.64341      1.65806     -1.36283     0.991666  3.46945e-18    -0.161628     -0.20509   -0.0261756     -1.91986    -0.730655  3.46945e-18      0.21751    -0.261799     0.360709    0.0565715     -1.92452     0.560826    -0.473952     -0.33349     0.165463     0.690439    0.0210499     -2.25377    -0.920392    0.0532102    -0.108034 -0.000923174     0.708707   -0.0686957
   0.947664   -0.290049    0.725741    -1.47266     1.82368     1.61381    0.544794    -1.48614    0.798596 2.95934e-18  -0.0483433   -0.200386   -0.531036     -1.9118   -0.295556 1.73472e-18    0.338186   -0.237449   -0.523599  -0.0155606     -1.7582    0.637588  -0.0222974   -0.227153    0.117408     0.51773   -0.276557     -2.0262   -0.789615  0.00306745   -0.128602    0.157887     0.64626   -0.292053
    1.01736   -0.111259    0.750693    -1.91392     1.34222     1.93394    0.854783     -1.5923    0.639729 1.73472e-18  -0.0633082  0.00151383    0.462043    -1.91986    0.255759    0.178074   0.0797495   0.0754568   -0.293088  -0.0116074    -1.70762    0.266898   -0.554128   -0.300583   -0.420536    0.683244    0.540995     -1.9708    -1.35952   -0.638964       0.292   -0.528633    0.402259    0.874716
   1.07863  -0.136426   0.755761   -1.97551    1.44093    1.96668   0.801415   -1.52572   0.683432   0.130951    -0.2159 -0.0166799   0.410482   -1.71517    0.29141          0  0.0884726  0.0531305  -0.259973  -0.170232    -1.9649   0.498624  -0.413334   -0.21651  -0.308084   0.746916   0.265976   -1.86392  -0.900071  -0.624643    0.28621  -0.600524    0.17696   0.853913
   1.26911 -0.0272757   0.730438   -1.27144    1.03458    1.14278   0.895741    -1.5192    0.39623   0.935422  -0.769266  0.0539908 -0.0436745    -1.5789  -0.540219   0.786925  -0.566148  0.0700319   0.523599  0.0457554   -1.04805   0.605772  -0.265306   -0.50764  -0.262557   0.381337   0.915222   -1.19426  -0.648086  -0.673544  -0.118585   -0.48703   0.119372   0.844836
   1.37916 -0.0452019   0.741769    2.77419    1.73201   -2.80766   0.199848   -1.59846   0.147274   0.806989  -0.627383  0.0335152  -0.362771   -1.46298  -0.411544   0.620283  -0.566775  0.0729728   0.238731  0.0357891   -0.89306   0.403775   0.511243  -0.411215   0.566071  -0.042367  -0.485923  -0.794039  -0.437168  -0.477672  -0.848047   0.157772   0.335566  0.0409536
