   0.375431  -0.0968118    0.736999    0.160123      1.4966   -0.167712  -0.0275845    -1.59199  -0.0151363    0.664783   -0.570418  0.00772875   0.0327892    -1.59046   0.0453382    0.655796    -0.56298  0.00893742  -0.0528316 -0.00699379   -0.687385    0.391496    0.412926    -1.13812   -0.204272    0.438762    0.205728   -0.677028   -0.420759    -0.41611      -1.062   0.0754917    0.356733   -0.189807
   0.14967  -0.141689   0.764771   0.179757    1.55622  -0.134829  -0.104581   -1.81627  -0.106088   0.410895  -0.152278 -0.0707308 -0.0929107   -1.91986 -0.0971873   0.584102  -0.222078 -0.0781122  -0.087872 -0.0698083    -1.3268   0.627769   0.282264  -0.874772 -0.0799097    0.75535 -0.0420519   -1.27568  -0.558058  -0.315802  -0.863868   0.083499   0.679686  -0.113352
  0.291241  -0.266976   0.717832   0.329292    1.48373 -0.0351307   0.300126   -1.67669   0.307616   0.145357  0.0426446  -0.261799    0.15261   -1.91986    0.17096    1.06324  -0.631622  -0.235576  -0.405642   -0.23899   -1.07272   0.613819   0.224112  -0.741036 0.00917225   0.569485  -0.215445  -0.856596  -0.266149   -0.64474  -0.871001    0.26302   0.350033  -0.361028
   0.193238  -0.0958295    0.757316    0.222978     1.46396   -0.169088    0.304853    -1.71123    0.330748  0.00218079    0.236125 -0.00711322    0.235807    -1.91986    0.280081    0.833691   -0.391363   0.0422927   0.0139956  -0.0469979    -1.17489    0.582891    0.364059   -0.685304  -0.0348221    0.504762    0.036215    -1.23505   -0.516086    -0.43052   -0.682344    0.204986    0.528972 -0.00804909
  0.205834 -0.0724735   0.750044   0.217714    1.53888  -0.178842   0.296552   -1.76752    0.30974          0   0.219024  0.0210089    0.34966   -1.91986   0.380445   0.736858  -0.379214  0.0886409 0.00552746   0.116703   -1.29465   0.373575   0.285215  -0.707619  -0.218879   0.511946    0.15467   -1.78325  -0.776553  -0.381057  -0.534079   0.276299   0.805716   0.159941
   0.506119   -0.260328    0.719186    0.290436      1.4518  -0.0413098    0.228339    -1.51385    0.232104    0.429857   -0.366419   -0.261799 -0.00213718    -1.09937  0.00308614    0.192177   -0.544619   -0.250308   -0.475474   -0.155242   -0.712743     0.57103    0.238417   -0.636032    0.098913    0.153912    -0.24395   -0.788515   -0.332725   -0.659535   -0.767249    0.103088    0.246095   -0.330042
  0.674044  -0.173534   0.715665    0.13219     1.5027  -0.158363   0.368456    -1.2091   0.393084   0.275511   -0.54392  -0.109454  0.0942557   -1.15125   0.111566   0.121191  -0.471112 -0.0189441  -0.335938  0.0109129  -0.466422   0.404125    0.49622    -0.6221  0.0272882  -0.287347  -0.238782  -0.600553  -0.204752  -0.597064  -0.850215   0.172479  -0.047835  -0.349525
   0.314909   -0.146706     0.77755    0.173296     1.51145   -0.182985    0.762928    -1.54364    0.772776           0   0.0389396 -0.00879762   0.0875893    -1.64118   0.0990593   0.0943892   0.0339914   0.0170089  -0.0578593   0.0837779    -1.10667     0.48235    0.460746   -0.572659   0.0060369     0.25146   -0.177858    -1.43668   -0.643383   -0.348554   -0.576668    0.200678    0.590514  -0.0885923
  0.303997  -0.166516   0.759013   0.097152     1.6223 -0.0776418    1.50278   -1.60939    1.49682          0 -0.0484898  0.0193205   0.307778   -1.69917   0.304165          0  0.0711505  0.0190293   -0.16803   0.304339     -1.396   0.205246   0.382594  -0.505735  -0.309226   0.282825 -0.0780766   -2.31112  -0.988416  -0.154982  -0.342472   0.371763   0.884707   0.114867
    0.50505   -0.159694    0.764692    0.236263     1.49208   -0.238168    0.317687    -1.29069    0.341466           0   -0.187834  -0.0902204     0.12497    -1.60069    0.143966    0.505042   -0.398976  0.00692585   -0.184697 -0.00228689   -0.755754    0.436728    0.565316   -0.576825   -0.456013  -0.0581922     0.22299    -1.50889   -0.652782   -0.425918   -0.341289    0.114537    0.435837  -0.0309881
  0.583853  -0.139471   0.761008   0.229343    1.42319  -0.249291   0.196064   -1.13242   0.240019  0.0186821  -0.302171 -0.0794319 -0.0108191   -1.39086   0.025593   0.429764  -0.466634  0.0179131  -0.154391  0.0409293  -0.942791   0.489889    0.38485  -0.484294  -0.432563   0.116033   0.335065   -1.29865   -0.61648  -0.473732  -0.323259   0.103758    0.29196 -0.0303166
    0.38913   -0.159467     0.76244    0.245122     1.56402   -0.218007    0.554407    -1.51169    0.556391           0  -0.0435177  -0.0582116   0.0542517    -1.87493   0.0584672    0.591774    -0.28151 -0.00974188   -0.204334   0.0752947    -1.50867     0.40716    0.301113   -0.534808   -0.361417     0.53469  -0.0049055    -1.80114   -0.813532   -0.529694   -0.440703    0.236523    0.713236     0.12195
   0.879715   0.0434969    0.608952   -0.166671     1.46454   -0.090459   0.0609887   -0.838028   0.0865799    0.216015   -0.840841    0.199533   -0.356622    -1.55861   -0.346573    0.967017   -0.872665    0.261799    0.523599   -0.385633   -0.224076           0     1.13871   -0.549396   0.0538691   -0.707809    0.264237    -1.10626 -0.00316847   -0.187684   -0.418148    0.300056    0.157528    0.265416
   0.341435   -0.282873    0.726156   -0.452113     1.59374     0.58563     1.07525    -1.52887     1.08894           0  -0.0384984   -0.170702   -0.376969    -1.91986     -0.3829           0    0.306321   -0.261799    -0.31226 -0.00495908    -1.80157    0.441967    0.618672   -0.348794   -0.525378    0.587399   -0.351866    -1.79774   -0.838575   -0.154754   -0.621448   0.0681815    0.924654   -0.193342
  0.536558  -0.160099   0.755057  -0.597854    1.56922   0.543291   0.797771   -1.46217   0.799741   0.333529  -0.407958 -0.0231714  -0.790568   -1.83035  -0.808676   0.308108  -0.125407  -0.132179  -0.144122   0.345421   -1.33955   0.160229    0.74108  -0.482998  -0.280498   0.181096  -0.418335   -1.94508    -1.0465 -0.0380252  -0.582147  0.0247903   0.952718  0.0409439
  0.558718  -0.106402   0.756237  -0.340422    1.56085   0.245129   0.715787   -1.48988   0.714428   0.413089  -0.464553  0.0424056  -0.343644   -1.82963    -0.3579   0.425846  -0.172983 0.00552401 -0.0258363   0.353078   -1.25796   0.158636   0.799742  -0.438533  -0.206977  0.0633466  -0.410027   -1.99133   -0.94983 -0.0273355  -0.415036   0.119555   0.837818  0.0737565
    0.582686    -0.120686     0.749883    -0.294676      1.50396     0.220923     0.677871     -1.47268     0.661538     0.528009    -0.540139    0.0130463    -0.226348     -1.86541    -0.256413     0.173252     0.177669 -0.000572138   -0.0500254      0.27423     -1.18287     0.235547     0.777569    -0.367473    -0.179259    0.0061874    -0.414622     -1.83265     -0.93164    -0.107757    -0.357518     0.053989     0.726818    0.0397852
    0.582057    -0.121307     0.749878    -0.291388      1.50433     0.219267      0.67611     -1.47326     0.659988     0.526251    -0.538351    0.0119002    -0.222117     -1.86514    -0.251678     0.171035     0.179613 -0.000791193   -0.0507594      0.27393     -1.18579     0.236771     0.777073    -0.363803    -0.178422   0.00586974    -0.416072     -1.83479    -0.932076     -0.10762    -0.357624    0.0561561     0.728074    0.0390659
   0.567409   -0.139469    0.742806   -0.273466     1.54451    0.251246    0.643229    -1.50242    0.636707     0.45915    -0.48862  -0.0183904  -0.0944256    -1.83824   -0.105353   0.0286777    0.262867 -0.00560733  0.00717226    0.258054    -1.58049    0.366058    0.699055   -0.343484   -0.340257    0.370641   -0.211011    -1.88036   -0.858126   0.0342211    -0.50742    0.131709     0.88434  -0.0635406
  0.637871  -0.200455   0.746947  -0.438094    1.43694   0.345994   0.669667   -1.22666   0.626837   0.394707  -0.548703  -0.111499  -0.914311   -1.91986   -1.02662   0.346985 -0.0289359  -0.210212 -0.0849892    0.20988   -1.42656   0.483155   0.707652  -0.277218  -0.344714   0.277423   -0.29867   -1.63132  -0.787714 -0.0947175  -0.299099  0.0458912   0.561757  -0.198312
  0.680881  -0.143838   0.729134  -0.855606     1.3411   0.783222   0.663272   -1.31584   0.493599   0.627109  -0.689378 -0.0622294  -0.586784   -1.82356  -0.796151          0   0.343507  -0.123036   0.195785   0.167191   -1.33013   0.570912   0.827516  0.0607547  -0.379072  -0.038258  -0.173435   -1.71295  -0.709245  0.0662071  0.0188713    0.18255   0.374342  -0.303759
   0.826755   0.0780407    0.679654   -0.796639     1.43233    0.362773    0.290552   -0.909586    0.274962    0.234676   -0.746047    0.261799    -1.07762    -1.82869     -1.1707    0.215712   0.0198781     0.19149    0.456359    0.342225   -0.993475    0.303587     1.12848    0.110856 -0.00226794   -0.475182   -0.401363    -1.51131   -0.666022    -0.46363   0.0560229    0.396032    0.254405    0.209434
  0.944985   0.101316   0.698495  -0.714103    1.49695   0.408698   0.116963   -1.10397  0.0947234   0.212265  -0.609498   0.261799   -1.11065   -1.67717   -1.14876   0.279248  -0.167392   0.207174   0.423666  0.0678665  -0.838791   0.286503    1.13572  0.0411075 -0.0653525  -0.674286  -0.203024   -1.48457  -0.553011  -0.595326   0.131378   0.336285  0.0399878   0.430268
  0.776748  -0.120859   0.754321   0.956814    1.30216   -1.00276   0.192938   -1.38683   0.416492   0.524663  -0.549576 -0.0124005  -0.996228   -1.74277  -0.793361          0   0.265656 -0.0611823  -0.215207  0.0750395   -1.15782   0.573011    1.06876   0.068235  -0.416083   -0.21942  -0.312165   -1.39557  -0.541637  -0.577888  -0.310182   0.466598   0.338744  -0.105527
  0.780373  -0.131914   0.753066    0.96156    1.33488   -1.00334   0.231619   -1.37416   0.428589   0.476626  -0.529562 -0.0273958   -1.03774   -1.75684  -0.864341          0   0.248818 -0.0879577  -0.112602  0.0752931   -1.47574   0.688061    1.01578 -0.0503646  -0.444791   0.180885  -0.295145   -1.39135  -0.454473  -0.523652  -0.422809   0.600501   0.427917  -0.194933
    0.77879   -0.137084    0.752918    0.969187     1.33466    -1.00664    0.237451    -1.37201    0.435049    0.469823   -0.524731  -0.0337848     -1.0307     -1.7608   -0.857281 3.46945e-17    0.251931  -0.0944443   -0.121255   0.0712372    -1.48368    0.694336     1.01227  -0.0478663   -0.444111    0.186389   -0.303829    -1.39196   -0.450197    -0.52299   -0.427668    0.603663    0.431358   -0.204709
    1.08659  0.00499536    0.727549     4.03797     1.68645    -4.29828    0.114663    -1.05217    0.246233 1.73472e-18    -0.45864    0.141526   0.0769209    -1.56604    0.182799    0.328855   -0.286981    0.261799    0.270896   0.0775525   -0.864632    0.586766     1.28557       0.298   -0.392356   -0.669137  -0.0516834   -0.970729    -0.35492   -0.436565   -0.410124    0.517827  0.00338582  -0.0639223
    0.656807    -0.213385     0.732872       1.9572      1.80807     -1.78905      1.65806     -1.66786      1.43172  8.32667e-17    0.0647858   -0.0777952     0.523599     -1.91986     0.314991 -5.89806e-17     0.384489   -0.0678971     0.185625    -0.168085     -1.86357     0.729932       0.9436    -0.222153    -0.619709     0.559507    -0.397891     -1.74905    -0.445846    -0.357633     -0.28944      0.64368     0.590746    -0.372375
   1.17523  0.0907704   0.693001    1.67211    2.14365   -1.72979    0.41757  -0.980057  -0.169775          0   -0.49761   0.127311   0.128657   -1.05118  -0.473452 0.00112391  -0.383697   0.261799   0.395721 -0.0982468  -0.918274  0.0112744    1.38098  -0.295109  -0.335792  -0.609377   -0.79992   -0.91113  -0.814799  -0.383631  0.0115344   0.799907  -0.533237   -1.05511
  0.962978  -0.172742   0.780048    2.36203    1.72972    -2.4605   0.653584   -1.23685   0.556302   0.170487   -0.33169 -0.0829547   0.523599   -1.41098   0.419659          0 -0.0224999  0.0267998  -0.116568   0.135001   -1.25113      0.429   0.947844  -0.280692  -0.860087  0.0617467  -0.031745   -1.44654  -0.693166  -0.813267    -0.1293   0.275055   0.197068  0.0993618
   0.834771   -0.269265    0.723697     2.36324     1.75144    -2.13456    0.951477    -1.61804    0.802027    0.399792   -0.270509   -0.201949    0.336806    -1.91986    0.202175 2.54678e-16    0.438931   -0.166999   -0.170254   -0.138302    -1.56641    0.585531    0.917875  -0.0673782   -0.808831    0.278322   -0.246784     -1.6093   -0.672235   -0.668398    -0.25721     0.47659    0.501686    -0.21269
     0.83442    -0.267685     0.723875      2.36245      1.75248     -2.13459     0.965229     -1.62151     0.815278     0.405501    -0.273688    -0.198274     0.345691     -1.91986     0.210994 -1.38778e-17     0.438933    -0.163289    -0.165284    -0.136637      -1.5649     0.584423     0.920478   -0.0682179    -0.806527     0.276745    -0.247009     -1.61143     -0.67268    -0.665968     -0.25697     0.478923     0.502937    -0.212097
     0.90032    -0.186281      0.74424      2.28234      1.71764     -2.19162     0.887681      -1.5932     0.769315     0.512811    -0.411214    -0.080207     0.368936     -1.83935     0.264215 -1.38778e-17     0.345133    -0.026186    -0.021014    -0.127402     -1.76109     0.639579     0.891085    -0.184809    -0.826277     0.468273    -0.165082     -1.59147     -0.51465    -0.593619    -0.273553     0.525045     0.422322     -0.19479
   1.13089  -0.241382   0.725236    1.99737     2.1129    -2.0367   0.922451  -0.987603   0.436695   0.245322  -0.543109  -0.261799   -0.16791   -1.91986  -0.749667   0.951334  -0.450186  -0.261799   0.235293  0.0586707   -1.27159   0.590839    1.01691 -0.0505725  -0.737475   0.072435  -0.248385   -1.04522  -0.239968   -1.18363  -0.481957   0.262014  0.0476142   0.292492
    1.37375   0.0339116    0.627316     1.71639     2.33077    -2.07632    0.831644   -0.480202    0.176359    0.133404   -0.872665   0.0700034    0.523599    -1.42036   -0.163217     1.06458   -0.872665    0.261799    0.523599    0.211094   -0.805826 1.73472e-18     1.47887   -0.174051   -0.393965   -0.596726   -0.873993    -0.73253   -0.758892   -0.887911    0.145422     1.03527   -0.526867   -0.887002
   0.921224   -0.127005    0.730839     2.33856     1.57269    -2.28107    0.723991    -1.66726    0.724852    0.546719   -0.472695  0.00622409    0.432535    -1.91986    0.455394           0    0.317321   0.0935107  -0.0905259    0.163895     -1.7898    0.273175    0.872574   -0.276324   -0.881306     0.44369 -0.00123888    -2.21932   -0.821931   -0.609258   -0.238058    0.779571    0.778766   0.0997253
   0.94873  -0.301196   0.722444    1.68642    1.30393   -1.54287    1.12949   -1.54839    1.39615   0.235939  -0.232557  -0.164649  -0.601202   -1.91986   -0.35515          0   0.336349  -0.261799   -0.43641    0.03742   -1.84025   0.626823   0.979962 -0.0790123  -0.601291     0.4183   -0.50027   -2.05245   -0.62294  -0.399419  -0.210309   0.759124    0.74139  -0.354878
     0.93039    -0.185731      0.73766      1.98472      1.53341      -1.8543      1.52694     -1.68954      1.56163     0.153733    -0.163237   -0.0118768     0.332609     -1.91986     0.388458  2.47845e-16     0.314524 -0.000677074     -0.11506    0.0991023     -1.79295     0.404398     0.929187    -0.222438    -0.672811     0.409889    -0.253213     -2.17265    -0.744112    -0.400722    -0.204352     0.722092     0.762893    -0.104775
   0.97874  -0.137315   0.736543    2.07763    1.43391   -1.99848    1.45445   -1.71665     1.5708   0.218202  -0.275525  0.0634028   0.416671   -1.91986   0.558505          0   0.241952   0.099895 -0.0745488 -0.0315756   -2.12869   0.616272   0.843153   -0.24749  -0.755978   0.675651  -0.197936   -2.12534  -0.501739   -0.36412  -0.201351   0.723805   0.724425  -0.166356
   1.01503  -0.071946   0.745169    2.03041    1.54366   -2.03308    1.54842   -1.72318     1.5708    0.35003  -0.362399   0.154934   0.508871   -1.91986   0.558505   0.187647  0.0995421   0.184835  0.0669765  0.0630269    -1.9396   0.528878   0.889709  -0.299998  -0.761852   0.587925 -0.0861856   -2.06744      -0.62  -0.404298 -0.0873398   0.697856    0.59832 -0.0869306
   1.37916 -0.0452019   0.741769    2.77419    1.73201   -2.80766   0.199848   -1.59846   0.147274   0.806989  -0.627383  0.0335152  -0.362771   -1.46298  -0.411544   0.620283  -0.566775  0.0729728   0.238731  0.0357891   -0.89306   0.403775   0.511243  -0.411215   0.566071  -0.042367  -0.485923  -0.794039  -0.437168  -0.477672  -0.848047   0.157772   0.335566  0.0409536
