   0.375431  -0.0968118    0.736999    0.160123      1.4966   -0.167712  -0.0275845    -1.59199  -0.0151363    0.664783   -0.570418  0.00772875   0.0327892    -1.59046   0.0453382    0.655796    -0.56298  0.00893742  -0.0528316 -0.00699379   -0.687385    0.391496    0.412926    -1.13812   -0.204272    0.438762    0.205728   -0.677028   -0.420759    -0.41611      -1.062   0.0754917    0.356733   -0.189807
  0.199559 -0.0386347   0.756999   0.130296    1.53381  -0.207557  0.0727851   -1.91986  0.0867612   0.742338  -0.358254    0.10706  0.0738205   -1.80626   0.084569   0.544398  -0.273524  0.0971933  0.0578606  0.0597929   -1.10417   0.479699   0.365545   -1.02168  -0.183172   0.687463   0.173996   -1.13983  -0.647163  -0.285478  -0.933373 -0.0584245     0.6804  0.0333196
    0.17484  -0.0996551    0.754515    0.156808     1.62302   -0.146903   0.0822795    -1.90226   0.0775688    0.504787   -0.225892   0.0154589   0.0313593    -1.91986   0.0248473    0.542956    -0.24561 -0.00113264  -0.0894265    0.108388    -1.41264    0.281056    0.390524    -0.93469   -0.341895    0.726791  -0.0513828    -1.83469   -0.859649   -0.235469   -0.684279   0.0605048    0.944808    0.121773
  0.175071 -0.0969724   0.754226    0.15527    1.62248  -0.148133  0.0855523   -1.90841  0.0811356   0.516774  -0.231279  0.0198353  0.0367607   -1.91986   0.030511    0.54449  -0.246642 0.00357256 -0.0863768   0.111307    -1.4097   0.278009   0.390849  -0.937884  -0.344642   0.726731 -0.0463696   -1.83643  -0.860575  -0.234952  -0.682495  0.0600127    0.94474   0.125979
  0.295531  0.0871191   0.697226   0.833211    1.34531   -1.20168  -0.523599   -1.91986  -0.341308    1.12536  -0.713551   0.261799  -0.892734   -1.74961  -0.699269   0.197229  0.0216414   0.261799  0.0686693   0.417997   -1.02855  0.0294462    0.71276  -0.844794  -0.713145   0.357742   0.440733   -1.69326  -0.839613  -0.168373  -0.216288 -0.0210039   0.597408   0.356978
  0.271646  0.0452026   0.716921   0.853399    1.34815   -1.15144  -0.523599   -1.91986  -0.349906    1.07145  -0.651215   0.189157  -0.885452   -1.74433   -0.69915    0.15081  0.0732844   0.195352 -0.0281813   0.375016   -1.11854   0.101323   0.662872  -0.766098  -0.687872   0.374933   0.364736    -1.7155  -0.875369  -0.189586  -0.223031 -0.0380393    0.59026   0.321361
  0.366625 -0.0164902   0.762237    1.04831    1.34465   -1.17037  -0.515463   -1.91986  -0.335481   0.799112  -0.379989  0.0179669  -0.885417   -1.62655  -0.680531   0.209696 -0.0786395  0.0959417  -0.139972   0.111363  -0.971801   0.242943   0.705289   -0.69015  -0.728193   0.169359   0.410246   -1.50242  -0.733725  -0.266127  -0.201381  -0.124801   0.338434   0.261179
  0.362986 -0.0184204    0.76298     1.0594    1.34214   -1.17702  -0.510419   -1.91986  -0.326822   0.791034  -0.371435  0.0164297  -0.897316   -1.62502  -0.689427    0.19853 -0.0694031  0.0921585  -0.148128   0.111591   -0.98314   0.246595    0.69962  -0.683169  -0.720756   0.174106   0.399005   -1.50581  -0.739457  -0.264411  -0.205055  -0.124915   0.344791    0.25652
  0.361599 -0.0748803   0.760006    1.17826    1.58096   -1.23622  -0.422181   -1.91986  -0.455397   0.564429  -0.251817 -0.0930388  -0.813781   -1.67925  -0.826151   0.178941  -0.108475 -0.0218037  -0.151572    0.23878   -1.18021  0.0934085   0.542778  -0.681739  -0.821989   0.250807   0.280869   -2.01279   -1.07583  -0.198512  -0.308947 -0.0350069   0.753189   0.269251
  0.359713 -0.0762098   0.760037    1.17856    1.58515   -1.23509  -0.422255   -1.91986  -0.459362   0.556178  -0.245543 -0.0956888  -0.812517    -1.6804  -0.828788   0.174773  -0.105129 -0.0242545  -0.151112   0.240879   -1.18799  0.0923618   0.539536   -0.67753  -0.821866   0.253842   0.278005   -2.02052   -1.08067  -0.196841   -0.31064 -0.0328016   0.757927   0.269684
   0.379446  -0.0650071    0.758359     1.18043     1.57458    -1.24696   -0.398372    -1.91986   -0.424682    0.615443   -0.296349   -0.074857    -0.80399    -1.67042   -0.810073    0.211325   -0.143547 -0.00566669   -0.121862    0.188114    -1.55388    0.201709    0.542632   -0.540738   -0.756481     0.50392    0.171107    -1.95801   -0.993668   -0.199137   -0.289903  -0.0445022    0.705854    0.245336
  0.378886 -0.0656298   0.758376    1.17985    1.57679   -1.24571  -0.398263   -1.91986  -0.426646   0.612174   -0.29406 -0.0761389  -0.803331   -1.67101  -0.811484   0.210196  -0.142819  -0.006855  -0.120743    0.18742   -1.55588   0.201073   0.544728  -0.541883  -0.756602   0.505253   0.167205   -1.95996  -0.993561  -0.198442  -0.290387 -0.0437275   0.706956   0.244281
 0.721466 -0.261377  0.679865  0.603566   1.29255 -0.505598  0.157439 -0.951473  0.305093  0.279309 -0.629842 -0.261799  -0.60177  -1.91986 -0.535007   1.33417 -0.784189 -0.261799  -0.43441 0.0643971 -0.959667  0.629207    1.0629  0.186161 -0.774824 -0.342935 -0.189208 -0.673282 -0.190062 -0.660767  -1.09168  0.301347  0.435226 -0.352368
  0.640614    0.13476   0.696052    0.68129    1.56546   -0.89051  -0.380879   -1.51744  -0.377153   0.617532  -0.663694   0.228895  -0.997347   -1.50806  -0.993919   0.218132  -0.249035   0.261799   0.370173 -0.0607159  -0.477601  0.0610151   0.628332   -1.45259   -0.70659   0.432511   0.831406   -1.50889  -0.544335  0.0786611  -0.497764  -0.232835   0.565199   0.307431
    0.6636   0.135754   0.676568   0.689729    1.69943  -0.905228  -0.316198   -1.56409  -0.417812   0.593896   -0.67923   0.222284  -0.909105   -1.52116   -1.01439   0.184304  -0.289923   0.261799   0.306955 0.00679273  -0.458627          0    0.40864   -1.61537  -0.932835   0.562161   0.879482   -1.92864  -0.667982  0.0592571  -0.444513  -0.250424   0.817166   0.340453
  0.663231   0.135891   0.676519   0.691361    1.70039  -0.906795   -0.31945   -1.56537  -0.421903    0.59474  -0.679317   0.221774   -0.90972    -1.5212    -1.0159   0.183478  -0.289446   0.261799   0.307264 0.00670237  -0.459045          0   0.407967   -1.61729  -0.931651   0.563791   0.877097   -1.93009  -0.668623  0.0597259  -0.444102  -0.251315   0.817639   0.340896
   0.68864    0.13857   0.686462    1.05319    1.79011   -1.29817  0.0811213   -1.48959  -0.131372   0.494703  -0.633761   0.261799   -1.24982   -1.59269   -1.46001          0 -0.0562137   0.229424   0.362914 0.00732043  -0.479843          0   0.429416   -1.46097   -1.14366   0.505501    1.05061   -1.84015  -0.713162 -0.0278147  -0.379209   -0.36283   0.715517   0.447924
   0.616698  -0.0916788    0.749643     1.59596     1.81876     -1.6607    0.596423    -1.34795    0.355808    0.206876   -0.394054   -0.015087    -1.24797    -1.74009    -1.49974 1.63064e-16   0.0344508   -0.106871    0.113727   0.0543732   -0.677492    0.496658    0.117229    -1.14889   -0.452461    0.485204    0.621456    -1.77701   -0.860431  -0.0388883    -0.30482   -0.254605    0.607601     0.10916
  0.614482  -0.125129   0.747429    1.60238    1.81703   -1.65791    0.66136   -1.31548   0.426047   0.164164  -0.376196 -0.0516389   -1.21839   -1.77683   -1.47027          0  0.0425653  -0.152076   0.031649 0.00337413   -1.14833   0.525764    0.17176   -1.14674  -0.236375   0.868255   0.088516   -1.74956   -0.84345 -0.0801902  -0.287712  -0.307705   0.575193  0.0983695
   0.618327  -0.0987811    0.748038     1.55753     1.83629    -1.62436    0.637968    -1.33257    0.381375    0.173635    -0.38123   -0.022947    -1.16753    -1.75213    -1.43738 1.04083e-17   0.0386316   -0.114739   0.0955074   0.0128635    -1.10652    0.543431    0.134328    -1.18544   -0.229036    0.873757    0.183552    -1.78318    -0.83691  -0.0767158   -0.268049   -0.285666    0.573967    0.137342
  0.638279  -0.256205   0.719599    1.89355    1.99033   -1.82828   0.844439   -1.16257   0.451628  0.0898886    -0.3555  -0.261799 -0.0786075   -1.91986  -0.530909   0.048577   0.361078  -0.261799 0.00558325 -0.0917094   -1.15886   0.731964 -0.0458261  -0.929227  0.0168272   0.797464 0.00382266   -1.63664  -0.783817  -0.149039 -0.0712076  -0.306309   0.375191 -0.0515668
   0.635236   -0.238878    0.723275     1.74197      2.2187    -1.70816      1.1236    -1.14564    0.501735           0   -0.293409   -0.261799   0.0418637    -1.88167     -0.6403           0    0.336386   -0.245925    0.261524  -0.0827074    -1.14048    0.691714    0.025911    -1.02275  -0.0444418    0.849239 -0.00602523    -1.77604   -0.806447   -0.163908     0.10242   -0.317003    0.295216   0.0730129
   0.681414   -0.250486    0.741943     1.76592     2.20811    -1.67722     1.31459    -1.36269    0.682281           0  -0.0986122   -0.240464   0.0184093     -1.8264   -0.641683           0    0.270428   -0.261799    0.242997   -0.118794    -1.07475    0.719094   0.0228746   -0.946646  0.00233618    0.712326 -0.00363765    -1.70459    -0.77117   -0.175572    0.145676   -0.354635    0.181249   0.0738778
    0.637894    -0.281785     0.722526       1.8061      2.08011     -1.64084      1.26084     -1.44268     0.753642 -1.04083e-16   -0.0593695    -0.261799     0.271957     -1.91986    -0.254035  8.67362e-19     0.373021    -0.260407    0.0206802    -0.178155     -1.29394     0.643291  -0.00458204    -0.828913   -0.0826728     0.794825    -0.125018     -1.76817    -0.855975    -0.235904      0.17837    -0.394445      0.24272     0.134399
    0.672359    -0.268672     0.725249      1.71508      1.99741     -1.59078      1.15169     -1.40812     0.730827 -1.80411e-16    -0.113258    -0.234483    0.0436489     -1.91986    -0.406163  8.67362e-19     0.331082    -0.261799    0.0459516    -0.297436     -1.80829     0.717207    0.0156445    -0.495373    -0.243994     0.860479    -0.191545     -1.79408    -0.589481    0.0150007     0.112063    -0.337709     0.222361     -0.12891
    0.640607    -0.244539      0.73021      1.68906       2.2511     -1.56053      1.60967     -1.46524     0.932586 -1.92554e-16   -0.0694881    -0.211042     0.523599     -1.91986    -0.166221  4.85172e-19     0.338226    -0.183028      0.39123    -0.275849     -1.96939     0.653019      0.36148    -0.326024    -0.570947     0.761751    -0.216759     -1.85072    -0.595578    0.0990446    -0.011351    -0.193412     0.366133    -0.246283
    0.699837    -0.248041     0.729184      1.55284      2.25545     -1.50111      1.65806     -1.36652     0.991819 -1.92554e-16    -0.157539     -0.20693  -0.00789147     -1.91986    -0.711927  1.38778e-17     0.223782    -0.261799     0.439971      0.11715     -1.92528     0.423239     0.484054    -0.272441    -0.514155     0.598785    -0.198208     -2.25696    -0.871262      0.17319    -0.194773    0.0472938     0.793999    -0.144703
    0.699837    -0.248042     0.729184      1.55284      2.25545     -1.50111      1.65806     -1.36652     0.991819 -1.92554e-16    -0.157539     -0.20693    -0.007889     -1.91986    -0.711924            0     0.223782    -0.261799      0.43995     0.117135     -1.92553     0.422903     0.486151    -0.272325    -0.516172     0.598641    -0.198445     -2.25676    -0.870587     0.168201    -0.194818    0.0519211     0.794004     -0.14434
    0.721686    -0.272972     0.728404      1.57157      1.78949     -1.43967      1.65806     -1.54574      1.44191 -1.92554e-16    -0.031528    -0.153736     -0.16245     -1.91986    -0.397323  1.38778e-16       0.2953    -0.261799   -0.0153502    0.0215816      -1.8498     0.496121     0.563625      -0.2714    -0.429637     0.559614    -0.329953     -2.13879    -0.815068     0.149324     -0.19121     0.087599     0.749865    -0.246305
    0.721687    -0.272971     0.728404      1.57156      1.78949     -1.43967      1.65806     -1.54574      1.44191 -1.78677e-16   -0.0315291    -0.153736    -0.162452     -1.91986    -0.397325  1.38778e-16     0.295299    -0.261799   -0.0153685    0.0215651     -1.84971      0.49612     0.563341    -0.271579    -0.429341     0.559721    -0.329959     -2.13873    -0.814834     0.147562     -0.19121    0.0892162     0.749846    -0.246169
     0.77815    -0.259052     0.730234      1.25752      1.82589     -1.16779      1.65806     -1.51448      1.42836 -1.78677e-16    -0.107199    -0.134081    -0.315248     -1.91986    -0.560011 -3.30351e-16     0.198451    -0.261799     0.107262    -0.181378     -2.29626     0.715841     0.462494    -0.275309    -0.593654     0.833758    -0.338812      -2.1028    -0.476977     0.199477    -0.197926     0.126801     0.695251    -0.413678
    0.778149    -0.259053     0.730234      1.25752      1.82589      -1.1678      1.65806     -1.51448      1.42836 -1.78677e-16    -0.107198    -0.134081    -0.315247     -1.91986     -0.56001 -3.30351e-16     0.198451    -0.261799     0.107264    -0.181375     -2.29646     0.715529      0.46434    -0.275272    -0.595494     0.833637    -0.339006     -2.10278    -0.476896     0.198908    -0.197926     0.127339     0.695249    -0.413633
    0.849842    -0.244027     0.725527     0.939198      1.85802    -0.895181      1.65806     -1.48583      1.44713    0.0422646    -0.231428    -0.109445     -0.53059     -1.91986    -0.745209 -3.30351e-16     0.078374    -0.261799   -0.0345229       0.1637     -2.16963     0.287104     0.440593    -0.312188    -0.591668     0.742358    -0.154589     -2.65941    -0.828384     0.236987    -0.206745     0.210423     0.970432   -0.0718066
    0.849844    -0.244034     0.725526     0.938997      1.85793    -0.894975      1.65806     -1.48585      1.44723    0.0423532    -0.231498    -0.109441    -0.530637     -1.91986    -0.745154 -3.30351e-16    0.0783948    -0.261799   -0.0346326     0.163675     -2.16966     0.287084     0.440834    -0.312151    -0.591896     0.742325    -0.154625     -2.65937     -0.82838     0.236944    -0.206739     0.210443     0.970415    -0.071821
  0.921332  -0.127532   0.757064   0.876799    1.68338  -0.863557    1.65806   -1.64865    1.56661          0 -0.0729366   0.067944  -0.615241   -1.68949  -0.698926          0  0.0179014 -0.0867884  0.0119827   0.234253   -1.80405   0.300847   0.542035  -0.325976  -0.542441   0.477915 0.00448999   -2.37959  -0.892784   0.196842  -0.140623    0.16274    0.77609  0.0188224
    0.921362    -0.127245     0.757074     0.879144      1.68364    -0.866005      1.65806      -1.6489      1.56623 -3.46945e-18   -0.0728607    0.0683042    -0.617518     -1.68926    -0.701561            0    0.0175658   -0.0867624      0.01172      0.23378     -1.80397     0.300209     0.541143    -0.326382     -0.54418     0.478414   0.00628172     -2.37953    -0.893695     0.195794    -0.140457     0.161889      0.77564    0.0200474
  0.947684  -0.257917   0.735983     1.0047    1.57029  -0.888271     1.5612   -1.57696    1.56155   0.200664  -0.200247  -0.110298  -0.296346   -1.89184  -0.310958  0.0134269   0.293532  -0.213141  -0.230826  0.0276742   -1.79125   0.510682   0.588734  -0.194762  -0.477096   0.461159  -0.273963   -2.12455  -0.820919   0.131126 -0.0235352  0.0894769   0.594852  -0.242018
  0.950932  -0.253267   0.737726    1.00169    1.56496  -0.891087    1.55478   -1.57822    1.55928   0.214329   -0.21053  -0.103214  -0.300282   -1.88608  -0.310537   0.016283   0.288558  -0.205512  -0.228473  0.0351256   -1.77788   0.508754   0.592737  -0.195023  -0.474202   0.449964  -0.268387   -2.11749  -0.822291    0.13007 -0.0195093  0.0888546   0.586256  -0.237717
   1.04823  -0.165387   0.769687   0.953985    1.47751  -0.936946    1.49323   -1.61307     1.5708  0.0797126 -0.0244651  0.0273781  -0.369305   -1.74942  -0.301528  0.0911991   0.134847 -0.0678374  -0.157742   0.114093   -1.46543   0.487918   0.700587  -0.191869  -0.392597   0.180538  -0.193838    -1.8942  -0.797195  0.0968175  0.0439961   0.065783   0.378091  -0.193495
   1.05021   -0.16394   0.770073   0.952861     1.4767  -0.936822     1.4925   -1.61407     1.5708  0.0853313 -0.0295895  0.0294118  -0.367702   -1.74601  -0.299013  0.0909515   0.132448 -0.0653746  -0.155887   0.114278   -1.45996   0.487403   0.702769  -0.191737  -0.391005   0.175579  -0.193019   -1.89093  -0.796074   0.096475  0.0462966  0.0661057   0.373645    -0.1934
   1.37916 -0.0452019   0.741769    2.77419    1.73201   -2.80766   0.199848   -1.59846   0.147274   0.806989  -0.627383  0.0335152  -0.362771   -1.46298  -0.411544   0.620283  -0.566775  0.0729728   0.238731  0.0357891   -0.89306   0.403775   0.511243  -0.411215   0.566071  -0.042367  -0.485923  -0.794039  -0.437168  -0.477672  -0.848047   0.157772   0.335566  0.0409536
