   0.375431  -0.0968118    0.736999    0.160123      1.4966   -0.167712  -0.0275845    -1.59199  -0.0151363    0.664783   -0.570418  0.00772875   0.0327892    -1.59046   0.0453382    0.655796    -0.56298  0.00893742  -0.0528316 -0.00699379   -0.687385    0.391496    0.412926    -1.13812   -0.204272    0.438762    0.205728   -0.677028   -0.420759    -0.41611      -1.062   0.0754917    0.356733   -0.189807
 0.0644185  -0.106586    0.76138   0.114312    1.56932  -0.123585   0.812365   -1.71919   0.818304 0.00289102   0.100437   0.117494  -0.417631   -1.78565  -0.426213   0.113603  0.0840926 -0.0789432 -0.0016367 0.00411259   -1.65257   0.616666   0.324925  -0.568394  -0.202716    0.70414 -0.0459627   -1.66906  -0.619233  -0.225951  -0.517501    0.17447   0.678195 -0.0297764
  0.135696  -0.282455   0.741914   0.179744    1.52479 -0.0258824   0.901873   -1.61264   0.905083   0.129497 -0.0575788  -0.120815   -0.22961   -1.91986  -0.246599   0.115166   0.270299  -0.237525  -0.323095  -0.224712    -1.6184   0.726308   0.270515   -0.45886   -0.17341   0.676166  -0.312292   -1.36965  -0.450578  -0.353332  -0.544815   0.241378   0.491759  -0.407915
  0.136351  -0.281534   0.742333   0.178632    1.52438 -0.0259082   0.906961   -1.61346   0.910248   0.133327 -0.0606639   -0.11889  -0.227816   -1.91986  -0.244696    0.11767   0.268346  -0.235753   -0.32252  -0.223161   -1.61581   0.725144   0.270899  -0.459469  -0.173656   0.674475  -0.310349   -1.36864  -0.451172  -0.355651  -0.543362    0.24116   0.489219  -0.405497
   0.212892   -0.133828    0.770439    0.130967     1.46036   -0.120013     1.12066    -1.63189     1.14075 5.55112e-17    0.135298   0.0456396   -0.553514    -1.68022   -0.549208           0    0.203259  -0.0677096  -0.0712864  -0.0140815    -1.28696    0.598858    0.398643   -0.442688   -0.139017    0.368818  -0.0393455    -1.27276   -0.566157    -0.33667   -0.395229    0.204789    0.305463   -0.203727
    0.212822    -0.132983     0.770443     0.129378      1.46032    -0.118627      1.11738     -1.63272      1.13743            0     0.135892    0.0465109      -0.5696        -1.68    -0.565636 -1.73472e-18     0.202197   -0.0689397   -0.0701401   -0.0140847     -1.28638     0.598103     0.398742    -0.443428    -0.140658     0.368896   -0.0367207     -1.27395    -0.566986    -0.336973    -0.393168     0.203386     0.304626    -0.200725
    0.253646    -0.131081     0.769625     0.127601      1.51393    -0.120409      1.09361     -1.62998      1.10413 -1.56125e-17    0.0831708    0.0459489    -0.609025      -1.6851    -0.608964    0.0189079     0.131546   -0.0725562   -0.0602775     0.100732     -1.27481     0.463318     0.380481    -0.500434    -0.166418     0.325853   -0.0120507     -1.65918    -0.754717    -0.282832    -0.373715     0.186933     0.592278   -0.0325394
    0.252986    -0.129263     0.769384     0.127183      1.51418    -0.119604      1.09116     -1.63297      1.10182 -1.73472e-17    0.0844047    0.0481691    -0.615321     -1.68077    -0.614993    0.0108023     0.135439   -0.0710401   -0.0574613     0.101142     -1.27476     0.460658     0.381332    -0.502693    -0.169851     0.327077  -0.00740995     -1.66208    -0.755727     -0.28291    -0.373893     0.188046     0.594607   -0.0287764
   0.329953   -0.265278    0.749566    0.144585     1.45267 -0.00474652    0.999406    -1.55614    0.998554     0.19758  -0.0874104   -0.152193   -0.486692    -1.80352   -0.511178  0.00327106    0.319469   -0.253698   -0.384478   -0.072898    -1.19807    0.594715    0.289931   -0.412733  -0.0562056    0.315105   -0.281872    -1.31517   -0.653052     -0.4748   -0.331918    0.058937    0.348336   -0.227004
   0.333887   -0.260615    0.751437    0.141908     1.45253 -0.00717459    0.995461    -1.55761    0.995035    0.207616  -0.0965572   -0.145802   -0.487877    -1.79901   -0.511389   0.0063144    0.312528   -0.246443   -0.376239  -0.0689609    -1.18589    0.591871    0.294756   -0.414558  -0.0557958    0.302979   -0.274133    -1.31003   -0.651037   -0.473459   -0.333147   0.0587002    0.342155   -0.222787
  0.408765   -0.21982   0.762014    0.10539    1.50892 -0.0526877   0.948207   -1.52376    0.94962   0.244606  -0.210189 -0.0909023  -0.540191   -1.82707  -0.560164   0.133033   0.147773  -0.187979  -0.288996  0.0937469   -1.09224   0.457882   0.324832  -0.470885 -0.0330174   0.147536  -0.250505   -1.64199  -0.877549  -0.404746  -0.377276  0.0639726   0.619174 -0.0253152
  0.410431  -0.218321   0.762433   0.104067    1.50857 -0.0533516   0.946077   -1.52361   0.947537   0.248385  -0.213796  -0.088982  -0.540729   -1.82647  -0.560613   0.136656   0.143919  -0.185781  -0.286527  0.0934819   -1.08668   0.457739   0.328028  -0.472213 -0.0344282   0.143444  -0.247592   -1.63894  -0.874097  -0.406007  -0.377534  0.0641328    0.61632 -0.0242367
    0.483007    -0.259035     0.735223     0.108823      1.42015     0.008992     0.898231     -1.52046      0.89154     0.554348    -0.435262    -0.157504    -0.438528     -1.84354    -0.473814   0.00690217     0.388835    -0.242564     -0.43322 -0.000130235     -0.89233     0.558075     0.219357    -0.450094    0.0850104     0.091291    -0.285839      -1.3169    -0.775913    -0.575208    -0.322007    -0.108436     0.420944   -0.0238063
   0.480364   -0.264355    0.733805    0.113348     1.41999   0.0110526    0.903931    -1.52002     0.89685    0.548981     -0.4298   -0.164635    -0.43881    -1.84703   -0.475137  0.00587281    0.393066   -0.251067   -0.444891 -0.00125254   -0.900168      0.5628    0.203789   -0.455953   0.0884573    0.107984    -0.28781    -1.31578   -0.782429   -0.580926   -0.318887   -0.112538    0.423481  -0.0259556
   0.486855   -0.270605    0.733807    0.122212     1.42967 -0.00294089    0.872604    -1.49672    0.866355    0.513748   -0.420452   -0.176219   -0.457839    -1.87058   -0.496465   0.0408639    0.367061   -0.261799   -0.365523  -0.0366253    -1.25979    0.593546    0.262604    -0.43047  -0.0559463    0.399382   -0.267235    -1.38243   -0.682799   -0.448912   -0.356081   0.0784965    0.449326    -0.22138
   0.486517   -0.270809    0.733647    0.123213     1.42994 -0.00326039    0.873608    -1.49741     0.86746    0.513581   -0.420046   -0.176417   -0.455527    -1.87059   -0.493909   0.0398557    0.368141   -0.261799   -0.365998  -0.0372498    -1.25983    0.594276    0.259263   -0.431903   -0.054095     0.40108   -0.265977    -1.38151   -0.682574   -0.449106   -0.359272   0.0778198     0.45169   -0.221275
  0.524363  -0.265663   0.729063  0.0981512    1.51587   -0.02294   0.821699   -1.43534   0.822083   0.369776  -0.407124  -0.174404  -0.535385   -1.91986  -0.572425  0.0533487   0.299446  -0.261799   -0.34594   0.182472   -1.30778   0.403235   0.196085  -0.501677 -0.0471131   0.367973  -0.257677   -1.84838   -1.01661  -0.336363  -0.441961   0.122946   0.833874 -0.0237822
  0.524324  -0.265689   0.729042  0.0980615    1.51596 -0.0227436   0.821606    -1.4354   0.821985   0.369555  -0.406964  -0.174459  -0.535042   -1.91986  -0.572063  0.0531679   0.299599  -0.261799  -0.345871    0.18247   -1.30779   0.403406   0.195333  -0.501843 -0.0465511   0.368126   -0.25739   -1.84817   -1.01663  -0.336097  -0.442745   0.122721   0.834448 -0.0238901
  0.564025  -0.264289   0.745713   0.120467    1.52281  -0.013647   0.947326   -1.51092   0.946473   0.101976 -0.0889103  -0.155484  -0.525864   -1.85683   -0.55066  0.0476545   0.246457  -0.255117  -0.363531  0.0934611   -1.22882   0.463014   0.209272  -0.476455 -0.0102031   0.288262  -0.284662    -1.7113  -0.960153  -0.397342  -0.411156  0.0659306   0.721953 -0.0469234
   0.60329  -0.198676   0.761095  0.0945921    1.51891 -0.0307272   0.910119   -1.56618   0.911507   0.249411  -0.200327 -0.0675312  -0.499073   -1.75706  -0.509537          0    0.21514  -0.154364  -0.230702  0.0908461    -1.0801   0.434763   0.331599  -0.479326 -0.0480419   0.128578  -0.189103   -1.66539  -0.867938  -0.353003  -0.426039  0.0880759   0.670859 -0.0250468
   0.543504   -0.282149     0.72633    -0.31089      1.5951    0.442014     1.08169    -1.52782     1.09324 1.38778e-17  -0.0416938   -0.169486    -0.38236    -1.91986   -0.390478 3.46945e-18    0.302509   -0.261799   -0.391759  -0.0618707    -1.79609    0.514637    0.078672   -0.317113   -0.244718    0.630859   -0.163145    -1.78248   -0.824604   -0.385747    -0.54303   0.0977013    0.840877  -0.0897984
  0.590695  -0.270922   0.744245  -0.267846    1.55347   0.347323    1.03942   -1.48281    1.03392   0.111501  -0.140186  -0.155195  -0.522096   -1.91986  -0.558564   0.156717   0.159236  -0.261799   -0.42253 -0.0389817   -1.66496   0.511685   0.101969  -0.359026  -0.315412   0.581564  -0.118538   -1.63192  -0.813013  -0.527002  -0.476812  0.0207521   0.690167 -0.0259247
    0.729799    -0.102015     0.751881     -1.67729      1.16833      1.66053     0.813771     -1.41894     0.419125 -1.07553e-16    -0.174025   -0.0378269     0.523599     -1.91986     0.128711     0.574151    -0.262913    0.0678606     0.453009     0.393954     -1.35874     0.206169     0.537113    -0.258668   -0.0126181   0.00666247    -0.279485     -2.24202    -0.894212     0.122422    -0.341883     0.307219     0.909565    0.0521005
    0.729054    -0.100823     0.751789     -1.68393      1.16994      1.66619     0.813833     -1.42172     0.420922 -1.09288e-16    -0.173447   -0.0355856     0.523599     -1.91986     0.130483     0.568449    -0.259363    0.0698402     0.454034     0.399192     -1.36139     0.202095     0.539394    -0.259547   -0.0145842   0.00715793     -0.27799     -2.25079    -0.892763     0.126228    -0.340227     0.312687     0.912448    0.0543012
   0.733168  -0.0865422    0.748032    -1.76994     1.19037     1.74021    0.787916     -1.4386    0.418958 3.46945e-18    -0.18358  -0.0122033    0.523599    -1.91986    0.153949    0.529392   -0.246896    0.094243    0.473611    0.394805    -1.68625    0.331479    0.412506   -0.304166    -0.16319    0.377136 -0.00578735    -2.27541   -0.820343    0.150953   -0.326012    0.342074    0.925107   0.0411662
   0.732538   -0.086483    0.748094    -1.77091     1.18982      1.7411    0.790624    -1.43977    0.421144 1.76031e-18   -0.182804  -0.0118183    0.523599    -1.91986    0.153421    0.527386   -0.245273   0.0942428    0.470668    0.393626    -1.68769     0.32984    0.406975   -0.308509    -0.16865     0.38196 0.000943384     -2.2784   -0.822718    0.149149   -0.325815    0.340074     0.92494   0.0437146
  0.733422  -0.245258   0.727632  -0.400315    1.55098   0.459966   0.493609   -1.28899   0.499074 0.00365284  -0.234594  -0.193347  -0.496112   -1.90612  -0.532618  0.0017877   0.307917  -0.227644  -0.189979    0.10675   -1.73449   0.520165    0.30423  -0.291949  -0.174309   0.526857  -0.232685   -1.99757  -0.816074 -0.0564832  -0.325526   0.187723   0.793925  -0.176538
 0.729866 -0.265887  0.723656 -0.400739   1.55731   0.48186  0.674707  -1.38649  0.675321  0.190643 -0.323013 -0.196169 -0.517185  -1.91986 -0.553006         0  0.312541 -0.261799 -0.215522 0.0762139  -1.76733  0.532029  0.358064 -0.284946 -0.213273  0.548417 -0.287461  -2.02341 -0.798196 -0.052467 -0.289688  0.208941   0.78153  -0.21476
  0.729335  -0.261865   0.729163  -0.428783    1.58859   0.567992    1.05775   -1.56479    1.06738 0.00156529 -0.0193967  -0.144628  -0.179613   -1.91986  -0.179737          0   0.328981  -0.200489  -0.226788  0.0159732   -1.76814   0.524972   0.368186  -0.312912  -0.215291   0.560851  -0.294142   -2.04333  -0.793211 -0.0571499  -0.290606   0.226843   0.784096  -0.210454
 0.943517 -0.260246  0.752761 -0.550368   1.38405  0.593109  0.736075  -1.32118  0.622978  0.330121 -0.377958 -0.197456 -0.481569  -1.91986 -0.649418  0.756978 -0.316664 -0.261799 -0.235766 0.0239476  -1.24712  0.586823  0.456291 -0.240612 -0.110369  0.181157 -0.384067  -1.38001 -0.691449  -0.27552 -0.147398 0.0155375  0.233327 -0.323846
   0.890482   -0.126841    0.758543    -1.26108     1.65162     1.22859    0.584752    -1.53374    0.661837    0.254752   -0.311055  0.00851934  -0.0542232    -1.87107   0.0228072    0.278044 -0.00483733   0.0381876    0.205268    0.182753    -1.69114    0.835193       0.679 -0.00443867    0.361079    0.324914   -0.662526    -1.75444    -0.49567    0.151641   -0.421083    0.451561     0.77367   -0.315151
   0.900896    -0.13068     0.76571    -1.13207     1.54618     1.09256    0.680461    -1.50152    0.659253    0.271235   -0.314673 -0.00318118   -0.271148    -1.78669   -0.300266     0.23104  -0.0130526  -0.0239984    0.187613    0.114377     -1.7265    0.802732    0.536029   0.0101879    0.112847    0.283101   -0.414555     -1.8425   -0.523382  -0.0220806  -0.0676423    0.603434     0.48949   -0.440229
  0.948516 -0.0980834   0.777632   -1.08055    1.48171    1.07826   0.780639   -1.63193   0.704668    0.13243 -0.0437131  0.0402677  -0.479482   -1.62058  -0.559655   0.145345 -0.0609424 -0.0258778   0.224906  0.0316772   -1.66421   0.773452   0.441429   0.109047   0.134291   0.127866  -0.330597   -1.68397   -0.56665 -0.0959523  -0.134696   0.494923   0.394569  -0.347865
  0.962372 -0.0289978   0.768915   -1.33463    1.30867    1.34988   0.447985   -1.88506   0.205351   0.554375  -0.189359   0.040725   -1.19265   -1.57493   -1.44888   0.369378   -0.31195 -0.0267303   0.507395 0.00948794    -1.6815   0.783038   0.664041      0.298   0.774763 -0.0509553   -1.09079   -1.56752  -0.485677  -0.469253  -0.467252   0.552754   0.553225  0.0690184
   0.960884  -0.0949217    0.748962    -1.69743     1.18304      1.6967   -0.154712    -1.91986   -0.558505    0.389165   -0.138155   -0.172323    -1.19206    -1.70138     -1.5708    0.265131   -0.313015   -0.120771    0.522041     0.29774    -1.85964    0.540979    0.375951       0.298     1.04699 -0.00241516    -1.20333    -2.15216   -0.654065    -0.27079   -0.327671    0.716422    0.853581   0.0136038
   0.959551  -0.0938345    0.748933    -1.71032     1.18887     1.70769   -0.161623    -1.91986   -0.558505    0.381704   -0.134202   -0.169931    -1.19882    -1.70202     -1.5708    0.254475   -0.305843   -0.119007    0.518566    0.305401    -1.86462      0.5371    0.366984       0.298     1.04432 0.000299479    -1.18907    -2.16195   -0.653528   -0.265653   -0.326582    0.721187    0.858421   0.0157569
    1.15678   -0.150905    0.760296   -0.439417     1.47587    0.443809      0.3939    -1.35458    0.354191    0.230124   -0.347503  -0.0807139    0.046123    -1.26401  0.00535428   0.0638566   -0.284982 -0.00776101    0.129583    0.015355    -1.59888    0.808183    0.788183   0.0802862    -0.16378    0.166895   -0.406224    -1.51685   -0.449262   -0.395559   -0.345472    0.679953     0.46091   -0.339913
  0.933245  -0.205074    0.73089   -1.14712    2.13013    1.19461    1.05854   -1.64593     1.5708          0  -0.196906 -0.0238157  -0.173822   -1.91986   0.349529   0.086773  0.0451845  0.0191277  -0.523599 -0.0890052   -2.46662   0.680369   0.308697  -0.228706  -0.430506   0.867984  -0.243941   -2.35827  -0.387746  -0.124708  -0.221797   0.605817   0.872958  -0.265203
  0.978367   -0.20088   0.733913   -1.03836    1.74049    1.12735    1.40533   -1.64172     1.5537   0.196309  -0.268016 -0.0232852 -0.0245766   -1.91986   0.133619          0   0.273533 -0.0488807  -0.185796  -0.107004   -2.18592   0.732191   0.375576  -0.208167  -0.387179   0.731043   -0.23525   -2.09704  -0.469822   -0.19631  -0.205544   0.547472   0.712736  -0.291481
  0.978235  -0.200539   0.733952   -1.03044    1.73813    1.11937    1.41218   -1.64199    1.55779   0.195531  -0.267746 -0.0228531 -0.0214125   -1.91986    0.13407          0   0.273293 -0.0485713  -0.182659  -0.106562   -2.18602   0.731722   0.375719  -0.208528  -0.387317   0.731236  -0.234743   -2.09771  -0.470045  -0.196253  -0.205654   0.547493   0.713152  -0.290649
   1.37916 -0.0452019   0.741769    2.77419    1.73201   -2.80766   0.199848   -1.59846   0.147274   0.806989  -0.627383  0.0335152  -0.362771   -1.46298  -0.411544   0.620283  -0.566775  0.0729728   0.238731  0.0357891   -0.89306   0.403775   0.511243  -0.411215   0.566071  -0.042367  -0.485923  -0.794039  -0.437168  -0.477672  -0.848047   0.157772   0.335566  0.0409536
