   0.375431  -0.0968118    0.736999    0.160123      1.4966   -0.167712  -0.0275845    -1.59199  -0.0151363    0.664783   -0.570418  0.00772875   0.0327892    -1.59046   0.0453382    0.655796    -0.56298  0.00893742  -0.0528316 -0.00699379   -0.687385    0.391496    0.412926    -1.13812   -0.204272    0.438762    0.205728   -0.677028   -0.420759    -0.41611      -1.062   0.0754917    0.356733   -0.189807
  0.158707  -0.147631   0.764549   0.184798    1.55028  -0.128622 -0.0970277   -1.79698 -0.0972406   0.408445  -0.162917 -0.0779957  -0.081087   -1.91986 -0.0840145   0.615686   -0.24737 -0.0848605 -0.0987795 -0.0797557   -1.30358    0.62965   0.284407  -0.870408 -0.0709743   0.739009  -0.048154   -1.24663   -0.54727  -0.325437  -0.864926  0.0900107     0.6594   -0.13038
  0.491264  0.0407731   0.710919  0.0286995    1.55561  -0.289228  0.0700571   -1.30089  0.0769263   0.336197  -0.590792   0.240001  -0.102751   -1.55728 -0.0984078   0.286861  -0.285764   0.261799   0.351504   0.103325  -0.589671   0.044321    0.88477  -0.995201  0.0217688 -0.0190845 -0.0742944  -0.678618  -0.556387  -0.084365  -0.939678  0.0392778   0.276607  -0.103798
  0.490421  0.0416008   0.711157  0.0284393    1.55501   -0.28839  0.0663631   -1.30169  0.0732484   0.336313  -0.589593   0.240464  -0.108983   -1.55226  -0.104477   0.277017  -0.280323   0.261799   0.354673   0.102892    -0.5918  0.0457923   0.885222  -0.991038  0.0251163 -0.0194844 -0.0752175  -0.682291  -0.558294 -0.0814217  -0.937647  0.0382643   0.279439   -0.10193
  0.652294   0.014213   0.676474   0.102583    1.63123  -0.196931  -0.173637   -1.67184  -0.185299   0.795495  -0.755421  0.0761476  -0.292205   -1.26481  -0.323837  0.0860398  -0.436575   0.190731     0.2235 -0.0725703  -0.420334 0.00597526   0.765049  -0.888075   0.101093  -0.414375  -0.144818  -0.438331  -0.364464  -0.336933  -0.911484   0.226304  -0.167764  -0.190994
    0.261794     -0.06495     0.773156     0.130902      1.47183    -0.152192    -0.183116     -1.91986    -0.185197     0.522147   -0.0805433   -0.0412316      -0.7478      -1.6011    -0.734951 -3.81639e-17     0.120386   0.00156136     0.118712    0.0335217     -1.15499     0.450472     0.751503    -0.525216   -0.0643645     0.250802    -0.232497     -1.13625    -0.575539    -0.254516    -0.629993     0.176301     0.422084    -0.123176
   0.33822 -0.0467811   0.769262   0.146845    1.50023  -0.197096  -0.198466   -1.91986  -0.201213   0.653777  -0.241809 -0.0177839  -0.469138   -1.53481  -0.454429          0   0.036981  0.0665912   0.068751  0.0987971   -1.10443   0.260571   0.846867  -0.597636  -0.262709   0.143305  -0.205397   -1.41595  -0.721054   -0.22301  -0.548475  0.0228376   0.582229  0.0525927
    0.380734   -0.0298187     0.770924    0.0176227      1.48859   -0.0638967   -0.0920953       -1.859   -0.0927726     0.671205     -0.30202    0.0202066    -0.432736     -1.45912    -0.425992 -1.66533e-16   -0.0195297    0.0927365    0.0599528    0.0490063     -1.08622     0.237446      1.01253    -0.516909    -0.463713   0.00928396    -0.161312     -1.33662    -0.721779    -0.209908    -0.475677    -0.112162     0.455015     0.104378
  0.435345 -0.0493264   0.777094  0.0343114    1.47551 -0.0443893   0.132955   -1.69755   0.140024   0.536236  -0.315428  0.0281949  -0.352171   -1.37463    -0.3477          0 -0.0891748  0.0771455  0.0469439  0.0030835   -1.33667   0.371917   0.997905  -0.490083   -0.56332   0.263798  -0.156459   -1.22459  -0.668105  -0.213429  -0.452925 -0.0748627   0.332398  0.0146987
  0.379618 0.00861277    0.76256    0.10108    1.48372  -0.176829  0.0482138   -1.91986  0.0698788   0.779278  -0.345175   0.100662  -0.520934   -1.44892   -0.50363          0  -0.020859   0.135494    0.17924  0.0955754   -1.41784    0.36116    1.00635  -0.488961  -0.579186   0.331681 -0.0521731   -1.40174  -0.737363 -0.0777812  -0.466172  -0.061796   0.513921  0.0844183
   0.447012   0.0214409    0.742975    0.135135     1.52316   -0.250867  -0.0309083    -1.91986  -0.0205948    0.881588   -0.486351    0.109238   -0.387699    -1.40589    -0.37769           0   -0.107078    0.176838    0.164253    0.276035    -1.35718   0.0940824    0.994555   -0.603168   -0.652088    0.259296 -0.00099358     -1.7412   -0.897418  -0.0144926   -0.468641   -0.019877    0.776641     0.17922
   0.448115   0.0224133    0.742547    0.137171     1.52198   -0.255009  -0.0340564    -1.91986  -0.0234876    0.886419   -0.490114     0.11037     -0.3837    -1.40376   -0.373214           0   -0.108248    0.179057    0.165296    0.276421     -1.3539   0.0922453    0.997657   -0.605383   -0.652916    0.257704 -0.00106336     -1.7374   -0.897053   -0.014573   -0.467925  -0.0225719    0.774648    0.180142
  0.491862  0.0653659   0.720473   0.073285    1.49176   -0.31119  -0.288727   -1.91986  -0.288317    1.04781  -0.636363   0.141419  -0.539124   -1.59656  -0.515963          0  0.0976763   0.226129   0.241733   0.333919    -1.2345  0.0116626    1.12305  -0.677131  -0.678799   0.185155  0.0129374   -1.61372  -0.865735 -0.0275013  -0.438321 -0.0859948   0.713536   0.234575
   0.45473 0.00033512   0.739184  0.0885349    1.49372  -0.255403  -0.435951   -1.91986  -0.451658   0.932408  -0.540366  0.0176012  -0.588537   -1.65277  -0.573868          0   0.143566   0.123082    0.10823   0.292216   -1.33574   0.103468    1.05052  -0.603869  -0.692694   0.247591 -0.0577623   -1.64896  -0.897707 -0.0568996  -0.445521 -0.0870951   0.713955   0.161723
   0.54751  0.0338267   0.701286   0.114756    1.68685  -0.350826  -0.511087   -1.91986  -0.558505    0.83444  -0.645694   0.055164  -0.722621   -1.69487  -0.757166          0 -0.0189054   0.152709   0.410221   0.771781   -1.37891          0    1.04551 -0.0594697  -0.380226  -0.220754  -0.119745   -2.30042  -0.801619   0.336522  -0.371434   0.397526    1.08207   0.182798
   0.547322    0.033904    0.701365    0.114313     1.68604   -0.350529   -0.511261    -1.91986   -0.558505    0.835297    -0.64579   0.0552938   -0.715358    -1.69448   -0.749729 8.67362e-19  -0.0177981    0.153773    0.408026    0.770877    -1.38138           0     1.05957  -0.0572889   -0.383692   -0.221314   -0.132115    -2.29968   -0.803814    0.333514   -0.374816    0.396655     1.08305    0.184912
   0.589315   -0.134922    0.752831     0.19488     1.49348   -0.226558    0.365841    -1.35325     0.38534    0.312935   -0.439235  -0.0488494   -0.595879    -1.75904   -0.594688 2.77556e-17    0.232241  -0.0730489   -0.190983    0.210684    -1.22307    0.199142    0.942581   -0.399873   -0.731775   0.0325577   -0.142467    -1.70219    -1.01104   -0.160487   -0.390889   -0.144417    0.697348   0.0781032
   0.587918   -0.137639    0.752762    0.194566     1.49372    -0.22343    0.368507    -1.35265    0.387762    0.308633   -0.435471  -0.0523822   -0.587251    -1.76124   -0.586464 2.77556e-17    0.234759  -0.0758096   -0.195511    0.210259    -1.22851    0.202076    0.938788   -0.395324   -0.733907   0.0359456   -0.142703    -1.70311     -1.0141   -0.161548   -0.391735   -0.144406    0.699331    0.075665
   0.724711   0.0953024    0.681749    0.242328     1.65937   -0.541335    0.145343    -1.20614    0.109815    0.099355   -0.537795    0.261799    -1.08604    -1.67631    -1.12669 -8.1532e-17  -0.0307701    0.205154   0.0613354    0.515755     -1.2466           0     1.24028    0.249862   -0.201008   -0.837993    -0.83626    -2.59034    -1.03847    0.107193   -0.271747    0.121707     1.01466    0.470875
    0.724656    0.0953653     0.681745     0.247091      1.65982    -0.545939     0.145722     -1.20662     0.109574    0.0995676    -0.537717     0.261799     -1.08925     -1.67627     -1.13043 -8.32667e-17    -0.031319      0.20488    0.0615683     0.515736     -1.24706            0      1.24045     0.250543    -0.200904    -0.838504       -0.837     -2.59165     -1.03867     0.107389    -0.271443     0.122058       1.0148     0.471242
    0.791891    0.0812393     0.673247   -0.0496141       1.5051    -0.331738     0.136675    -0.892781     0.192447  6.93889e-18    -0.606214     0.261799    -0.749343     -1.77804     -0.74753 -1.73472e-16     0.215843     0.241313    -0.054895     0.364018    -0.943081            0      1.25117    -0.103654    -0.266487    -0.733719    -0.710036     -1.95366      -1.0574      -0.2699     -0.21514    -0.238162     0.770317     0.556964
    0.698553     -0.17975     0.713061     0.283685      1.46163    -0.374459     0.304413    -0.964768     0.385689  6.13992e-18    -0.466648    -0.124036    -0.806041     -1.91986    -0.823543 -1.71014e-16     0.347552     -0.16224    -0.345796     0.386175     -1.26384     0.323885      1.10562      0.17395    -0.356063    -0.363611    -0.840648     -2.22786     -1.21415   -0.0578155    -0.127941    0.0035486     0.747078     0.178765
    0.704324    -0.277324     0.721082     0.764907      1.51413    -0.647317     0.432885     -1.29902     0.476516  1.11022e-16    -0.197177     -0.24039     -0.43952     -1.91986    -0.435321 -1.71014e-16      0.36462    -0.261799    -0.465249      0.17534     -1.29181     0.415019      1.13267     0.037997    -0.904769    -0.158205    -0.418225     -2.05957     -1.18707    -0.144636    -0.173049   -0.0121592     0.723209    0.0232694
    0.703113    -0.270159     0.722141     0.835917      1.51596    -0.717264     0.413028     -1.30821     0.457972 -3.33067e-16    -0.194961    -0.233017    -0.375471     -1.91986    -0.364849 -1.71014e-16     0.369622    -0.240474    -0.457862     0.176101     -1.28661     0.393159      1.14541    0.0149588    -0.928833    -0.157626    -0.397401     -2.05869     -1.18908    -0.147662    -0.193612  -0.00971771     0.738324    0.0329938
    0.701937    -0.265848     0.722765     0.905229      1.51416    -0.784718     0.394305     -1.31336     0.442756 -3.48679e-16    -0.193214    -0.229086    -0.333604     -1.91986    -0.315853 -1.71014e-16     0.373618    -0.226359    -0.326585       0.1862     -1.57242     0.303767      1.24567    -0.193997    -0.751213     0.198638    -0.612632     -2.12418     -1.03238   0.00851509    -0.209543     0.131609     0.772849    -0.105819
    0.682414    -0.187506     0.736006     -11.0081      2.12352      11.0927      1.29192     -1.47749     0.746685 -3.48679e-16    -0.119583    -0.133633     0.523599     -1.91986   -0.0283082            0     0.298347   -0.0799974     0.224335     0.203243     -1.76369       0.3431      1.45986        0.298     0.556653    -0.405555     -2.18297     -2.33949     -1.15603   -0.0902244    -0.308721     0.121438       0.8918      0.16401
 0.893547 0.0327496  0.691455    -13.97   1.69321     13.65  0.476523  -1.47203  0.590193  0.639027 -0.778499  0.261799  -1.13156  -1.77564  -1.02262         0 0.0500436  0.141927 -0.169965  0.637304  -1.33618 0.0236332   1.12738     0.298 -0.132877 -0.745166 -0.878995  -2.76451  -1.04521  0.048072 -0.243492  0.366426   1.02671  0.437424
   0.866584  -0.0890437    0.728449    -8.17389    0.875347     8.00301     1.40029    -1.26366    0.754418   0.0674466   -0.392065 -0.00442872  0.00797339    -1.91986   -0.691062    0.318075   -0.141916  -0.0158338    0.444769    0.657819    -1.50275   0.0496278     1.16811    0.243926   -0.223335   -0.508907    -1.02021   -0.346177    -2.33322    -0.93937   -0.285746    -1.12141     1.02748     0.21297
   1.08973  -0.203452   0.633012   -7.41011    1.05135    7.35696   0.765084  -0.742428   0.343111   0.237639  -0.789322  -0.261799  -0.346073   -1.89248  -0.900071    1.32405  -0.872665  -0.261799 -0.0504313   0.484359   -1.33567   0.181362   0.929753      0.298   0.167378  -0.388818   -1.41121  0.0961844   -0.81692   -1.32328   -1.55587  -0.686423   0.975272  -0.291343
  0.871037   -0.19227   0.720772   -8.00848   0.959175     7.9119    1.41736   -1.24158   0.842303   0.213833  -0.471857  -0.136759  -0.971932   -1.91986    -1.5708    0.13967  -0.174718  -0.242409   0.183859   0.445782   -1.89269    0.17711    1.32218      0.298    0.68184  -0.499009   -2.23903  -0.621556   -2.03654  -0.475939  -0.605016   -1.27116   0.939102 -0.0818109
    0.913204     -0.19852     0.738076     -7.97739      1.03946      7.99424      1.41238     -1.41103     0.900513    0.0162154    -0.187436    -0.123033     -1.00747     -1.83439     -1.51741     0.164284    -0.222991    -0.261799 -6.72031e-05     0.223535     -1.82532     0.224946      1.27885        0.298     0.591239    -0.529232     -2.22915     -1.38226     -1.61656    -0.219174    -0.667434    -0.852478     0.950863    0.0224555
    0.913214    -0.198517     0.738139     -7.97669       1.0403      7.99358      1.41027     -1.41102     0.899147    0.0165079    -0.187467    -0.123082     -1.00776     -1.83421     -1.51705     0.164833    -0.223001    -0.261799 -0.000156638     0.223164     -1.82457     0.226046      1.27936        0.298     0.590827    -0.528588     -2.22865     -1.39757     -1.61151    -0.213475    -0.666041    -0.843014     0.952363    0.0251321
   0.943614   -0.172228     0.73357    -8.04588     1.03424     8.04824     1.36843     -1.4185    0.857393   0.0341011   -0.233713  -0.0911264    -1.02792    -1.81987    -1.53232    0.187867   -0.279748   -0.225936   0.0648303 -0.00161812    -2.11798    0.324642     1.29829       0.298    0.842602   -0.780381       -2.55    -1.47762    -1.28942  -0.0950895   -0.797345   -0.746806       0.907   -0.085917
   0.943312   -0.172538    0.733619    -8.04527     1.03483     8.04782     1.36808    -1.41846    0.857558   0.0339865   -0.233299  -0.0914753    -1.02954    -1.82004    -1.53342    0.187333   -0.279171   -0.226405   0.0653578 -0.00155038    -2.11863    0.326101     1.29385       0.298     0.84785   -0.778655       -2.55    -1.48385    -1.28682  -0.0926858   -0.795227   -0.742218    0.907793  -0.0850728
  0.984571  -0.180415   0.747383   -7.94398    1.23447    8.00937    1.41851   -1.57089    1.08591          0 -0.0509926 -0.0567755   -1.12117   -1.75511   -1.44653   0.305952  -0.334483  -0.240134 -0.0674248 -0.0382577   -1.95178   0.453095    1.33137      0.298   0.828096  -0.614679   -2.47905    -1.3977   -1.16647 -0.0444854  -0.748809  -0.640487   0.790788  -0.147132
  0.984529  -0.182336   0.747178   -7.94221    1.23573    8.00837    1.41895   -1.56921    1.08763          0 -0.0512667 -0.0591587   -1.12204   -1.75694   -1.44625   0.306744  -0.334486  -0.242835 -0.0703709 -0.0398836   -1.95225   0.455661    1.33304      0.298   0.830018   -0.61449   -2.48506   -1.39863   -1.16338 -0.0438636  -0.747503  -0.638061   0.789901  -0.149859
    1.01393    -0.19847    0.752603    -7.84746     1.10957     7.89139     1.44117    -1.49247    0.982676           0   -0.060218     -0.1052    -1.02876    -1.79336    -1.48799 5.55112e-17  0.00161833   -0.261799   0.0311722  -0.0293919    -1.88313     0.49743      1.3273       0.298    0.804595   -0.568999    -2.46757    -1.29726    -1.10373  -0.0689684    -0.71999    -0.64934    0.699744   -0.179277
    1.01374   -0.198492    0.752606    -7.84735     1.10828      7.8913     1.44426    -1.49257    0.984479           0  -0.0600522   -0.105211     -1.0267    -1.79336    -1.48724 5.55112e-17  0.00178017   -0.261799    0.032871    -0.02939    -1.88337    0.497765     1.32806       0.298    0.804667   -0.568982    -2.46815    -1.29913    -1.10335     -0.0683   -0.719148    -0.64841    0.700046   -0.178866
   1.06489  -0.100896   0.753078   -8.04008    1.07245    8.03389    1.36222   -1.55526   0.871699   0.038432  -0.134093  0.0157131   -1.03061   -1.72309   -1.50967 0.00707718 -0.0843687  -0.124857   0.199029  -0.152804   -2.20244   0.514884    1.28856      0.298   0.882933  -0.818225      -2.55   -1.33751  -0.959156  0.0162548  -0.861006  -0.617744   0.690282  -0.157463
   1.06405  -0.100236   0.752919   -8.04249    1.07118    8.03595    1.36142   -1.55509   0.869811  0.0338123  -0.130775  0.0163029   -1.03098   -1.72285   -1.51098 0.00354206 -0.0822311  -0.123948   0.200652  -0.152731   -2.20548   0.513317     1.2867      0.298   0.884165  -0.820235      -2.55   -1.33996  -0.960657    0.01608  -0.862701  -0.618441   0.693204  -0.156302
   1.37916 -0.0452019   0.741769    2.77419    1.73201   -2.80766   0.199848   -1.59846   0.147274   0.806989  -0.627383  0.0335152  -0.362771   -1.46298  -0.411544   0.620283  -0.566775  0.0729728   0.238731  0.0357891   -0.89306   0.403775   0.511243  -0.411215   0.566071  -0.042367  -0.485923  -0.794039  -0.437168  -0.477672  -0.848047   0.157772   0.335566  0.0409536
