4
0
    0.699984     0.100015 -5.36576e-08
0.000670656 -0.00101999     197.868           0           0           0
0 0 1
1
    0.699995    -0.299988 -4.54467e-06
7.71211e-05 -0.00100949     196.931           0           0           0
-0 -0  1
4
-1.16295e-05 -9.20368e-06  4.82732e-06
-4.51133e-05  0.000984798      117.982      2.33797     -9.43837            0
0 0 1
5
-5.55721e-06    -0.200009  5.16095e-06
-0.000681834   0.00104507      117.516      2.33799     -9.40113            0
-0 -0  1
3
0
   0.699986    0.100014 8.96873e-06
-0.00118201  0.00249723     288.682           0           0           0
0 0 1
1
   0.699989   -0.299995 9.32104e-06
0.000335079  0.00231737      84.452           0           0           0
-0 -0  1
5
-2.40054e-06    -0.199975  9.55274e-06
0.000785614 -0.00456813     257.164     20.5715     20.5748           0
-0 -0  1
4
0
   0.699986   0.0999957 2.34493e-05
 0.000158425 -0.000347021       159.86            0            0            0
0 0 1
1
   0.699976   -0.300041 4.19974e-05
-0.000300201 -0.000372999        159.3            0            0            0
-0 -0  1
5
2.25029e-06    -0.19995 2.88834e-05
-0.000128308   0.00022899       154.72      1.40103     -6.74397            0
-0 -0  1
4
   0.199999   0.0499976 3.16323e-05
6.15519e-05 5.83879e-05     156.419     1.40103    -6.74397           0
-0 -0  1
3
0
   0.699984   0.0999801 3.46433e-05
 0.0180773 -0.0521688    341.694          0          0          0
0 0 1
5
1.67515e-05   -0.199965 4.64034e-05
-0.0279042 0.00553007    283.162    -22.651   -22.6549          0
-0 -0  1
4
   0.199983   0.0499979 5.27133e-05
0.00976683    0.04543    5.44271  -0.435417  -0.435418          0
-0 -0  1
4
0
   0.700003   0.0999938 5.30779e-05
-0.000360131  0.000319757      157.789            0            0            0
0 0 1
5
 1.7043e-05   -0.199954 6.02006e-05
 0.000123745 -0.000785956      158.778      7.06242      4.44047            0
-0 -0  1
4
   0.199981   0.0499982 8.08321e-05
-0.000161508 -0.000630167      159.656      7.06242      4.44047            0
-0 -0  1
1
   0.899949   -0.300035 1.13314e-05
5.76415e-05 0.000916058     154.076           0           0           0
-0 -0  1
3
0
  0.700018   0.100004 6.7304e-05
-0.0569463  0.0387309    141.448          0          0          0
0 0 1
4
    0.19998   0.0499986 0.000102272
-0.0238128  -0.145868    343.957   -27.5166    27.5165          0
-0 -0  1
1
    0.89991   -0.300062 1.95059e-05
0.0804361  0.106962   144.893         0         0         0
-0 -0  1
4
0
   0.700018    0.100004 6.77499e-05
 1.1866e-05 2.82021e-05     157.198           0           0           0
0 0 1
4
   0.199979   0.0499985 0.000102408
0.000257168 -0.00040958     160.106     4.37214     6.25182           0
-0 -0  1
1
    0.89991   -0.300062 1.97263e-05
-5.93467e-05  0.000352598      154.199            0            0            0
-0 -0  1
5
       0.2      -0.25 8.2028e-08
-0.000210817  3.78149e-05      158.794      4.37214      6.25182            0
0 0 1
3
0
   0.700018    0.100004 6.80909e-05
0.00623164 -0.0370916    294.038          0          0          0
0 0 1
4
   0.199979   0.0499984 0.000102525
-0.0119139  0.0499547    93.4183   -7.47346   -7.47347          0
-0 -0  1
5
   0.200001       -0.25 1.49085e-07
0.00578974 -0.0129425    242.841   -19.4271   -19.4275          0
0 0 1
4
0
   0.700016    0.100027 7.90573e-05
-1.03268e-06 -3.84176e-05      157.421            0            0            0
0 0 1
4
   0.199968   0.0499941 0.000115379
 0.000281381 -0.000377906      160.841      4.71638      7.31214            0
-0 -0  1
5
   0.199999   -0.249997 5.73697e-06
-0.000419436  0.000139216      159.426      4.71638      7.31214            0
0 0 1
1
     1.09996    -0.300001 -7.94946e-06
-0.000502695  0.000506455       152.61            0            0            0
0 0 1
3
4
   0.199959   0.0499907 0.000124736
0.00452552 -0.0122542     260.58    20.8459    -20.847          0
-0 -0  1
5
  0.199997  -0.249995 9.8625e-06
-0.00191279   0.0129752     186.581     14.9267    -14.9263           0
0 0 1
1
     1.09993    -0.300002 -1.40426e-05
 -0.00307746 -0.000526264      183.136            0            0            0
0 0 1
4
4
   0.199957   0.0499898 0.000127138
  0.00125178 -0.000472405      163.624      3.29003      13.0898            0
-0 -0  1
5
   0.199997   -0.249994 1.07464e-05
-0.000238036 -0.000100621      162.642      3.29006      13.0114            0
0 0 1
1
     1.09993    -0.300002 -1.35604e-05
-0.000555034  0.000371398      149.976            0            0            0
0 0 1
0
   0.899997    0.100002 1.19735e-06
-0.000522572  0.000237129      154.055            0            0            0
0 0 1
3
4
   0.199955   0.0499892 0.000128911
  0.0212696 -0.00435225     336.289    -26.9021     26.9041           0
-0 -0  1
1
     1.09993    -0.300003 -1.32293e-05
0.000907836   0.0063982     187.569           0           0           0
0 0 1
0
   0.899994    0.100002 2.09844e-06
 -0.0222658 -0.00207601      106.44           0           0           0
0 0 1
4
4
   0.199954   0.0499889 0.000129417
0.000819209 -0.00071061     162.448     9.51714     7.65755           0
-0 -0  1
1
     1.09993    -0.300001 -1.21181e-05
-0.000434003  0.000200794      152.225            0            0            0
0 0 1
0
  0.899995   0.100005 2.7303e-06
-0.000126691  0.000156253      157.563            0            0            0
0 0 1
5
   0.399999       -0.25 1.73968e-07
-0.000315674  0.000422587      158.061      9.51714      7.65755            0
-0 -0  1
3
1
     1.09993         -0.3 -1.14074e-05
-0.00229116  0.00560518     45.6978           0           0           0
0 0 1
0
   0.899995    0.100007 3.15149e-06
-0.00027834  -0.0012773     262.437           0           0           0
0 0 1
5
   0.399999       -0.25 3.09968e-07
 0.00247708 -0.00421176     322.163     25.7729     25.7732           0
-0 -0  1
4
1
     1.09993         -0.3 -1.16619e-05
-0.000435268  3.01199e-05      139.874            0            0            0
0 0 1
0
    0.89999    0.100001 2.80064e-06
0.000132887 3.58959e-05     147.569           0           0           0
0 0 1
5
   0.399998       -0.25 2.96827e-07
 0.000216756 -2.90102e-05      171.716     -1.93587      13.7372            0
-0 -0  1
4
        0.4        0.05 2.04808e-08
 3.33063e-05 -2.09894e-05      171.138     -1.93606      13.6911            0
-0 -0  1
3
1
     1.09993         -0.3 -1.18607e-05
-0.000150308  0.000336274      199.526            0            0            0
0 0 1
5
   0.399997       -0.25 2.89108e-07
  0.00011856 -0.000166229      205.348      16.4278     -2.31295            0
-0 -0  1
4
        0.4        0.05 3.54014e-08
-3.01928e-06 -0.000153906      225.424      18.0339     -2.31265            0
-0 -0  1
4
1
     1.09993         -0.3 -1.21265e-05
0.000992927   0.0024382     142.786           0           0           0
0 0 1
5
   0.399997       -0.25 3.10191e-07
 0.00130813 -0.00246556     173.917    -4.44946     13.9134           0
-0 -0  1
4
  0.399999       0.05 5.7242e-08
-0.000967575  -0.00246955      172.591     -4.44962      13.8073            0
-0 -0  1
0
         1.1    0.0999993 -3.00021e-07
-0.00135236   0.0024913     141.004           0           0           0
0 0 1
3
1
     1.09993         -0.3 -1.23412e-05
0.0162745 0.0141768    226.17         0         0         0
0 0 1
4
   0.399999        0.05 7.47304e-08
-0.00599058  -0.0334005     346.488     -27.719     27.7191           0
-0 -0  1
0
         1.1    0.0999988 -5.50874e-07
-0.0103451   0.019149    57.6393          0          0          0
0 0 1
4
1
     1.09993         -0.3 -1.23371e-05
 -0.00021389 -6.90511e-07      151.197            0            0            0
0 0 1
4
   0.399999        0.05 7.57668e-08
8.79069e-05 -3.8945e-05     166.429    -4.19404     13.3143           0
-0 -0  1
0
         1.1    0.0999988 -5.44169e-07
-5.49662e-06  4.87804e-05      149.518            0            0            0
0 0 1
5
        0.6       -0.25 4.31104e-11
0.000127519 -9.8797e-06     163.153    -4.19399     13.0522           0
0 0 1
3
1
     1.09993         -0.3 -1.23375e-05
-0.00549131  0.00166112     74.4965           0           0           0
0 0 1
0
         1.1    0.0999988 -5.41164e-07
0.000153044 -0.00112156     168.821           0           0           0
0 0 1
5
        0.6       -0.25 5.84958e-11
  0.00525437 -0.000499589       386.98      30.9581      30.9587            0
0 0 1
4
1
     1.09993         -0.3 -1.31006e-05
-0.00136943 9.64489e-05     123.344           0           0           0
0 0 1
0
         1.1    0.0999986 -1.49052e-06
-0.000253737  1.20904e-05      126.244            0            0            0
0 0 1
5
   0.599999       -0.25 9.37415e-08
 0.00120833 1.73859e-05     189.271     7.26977     15.1417           0
0 0 1
4
   0.599999   0.0499996 1.46865e-07
 0.000350866 -0.000132729      191.438      7.26858       15.315            0
-0 -0  1
3
0
         1.1    0.0999984 -1.97921e-06
-1.64522e-05 -1.55999e-05      206.887            0            0            0
0 0 1
5
   0.599998       -0.25 1.43722e-07
-1.84141e-06  4.23499e-06      213.599     -12.6237      4.58601            0
0 0 1
4
  0.599998  0.0499994 2.2612e-07
-5.6421e-06 5.27516e-06     209.812    -12.6237     4.58601           0
-0 -0  1
4
0
     1.09997    0.0999999 -1.72944e-05
-0.000287785  -0.00048887      147.406            0            0            0
0 0 1
5
   0.599975       -0.25 7.29075e-07
0.000190609 0.000804097     171.965    -1.81356     13.7572           0
0 0 1
4
   0.599973   0.0499987 8.84091e-07
0.000694517 0.000760415     171.424    -1.81391     13.7139           0
-0 -0  1
1
     1.29998    -0.299998 -2.13548e-05
 -0.00139838 -0.000963952      139.502            0            0            0
-0 -0  1
3
0
     1.09995     0.100001 -2.96897e-05
-0.00670126 -0.00475137     63.4774           0           0           0
0 0 1
4
   0.599954   0.0499981 1.43417e-06
0.0171847  0.014864   364.821   -29.186   29.1854         0
-0 -0  1
1
     1.29996    -0.299996 -3.86625e-05
-0.0111958  -0.010106    201.998          0          0          0
-0 -0  1
4
0
     1.09995     0.100002 -2.97159e-05
-0.000187762  -1.1048e-05      155.261            0            0            0
0 0 1
4
   0.599954   0.0499981 1.43467e-06
 0.000175016 -1.11141e-05      161.084      -3.0627      11.3395            0
-0 -0  1
1
     1.29996    -0.299996 -3.86728e-05
-0.000212953  -2.9076e-07      154.218            0            0            0
-0 -0  1
5
         0.8        -0.25 -3.79527e-10
0.000216026 2.26881e-05     159.734     -3.0627     11.3395           0
0 0 1
3
4
   0.599954   0.0499981 1.43472e-06
 0.000487597 -1.26632e-05      217.276      17.3822     -4.64363            0
-0 -0  1
1
     1.29996    -0.299996 -3.86819e-05
-0.000270662   0.00032403      205.916            0            0            0
-0 -0  1
5
         0.8        -0.25 -3.81079e-10
 -0.00022244 -0.000303299      207.106      16.5686     -4.64347            0
0 0 1
4
4
   0.599954   0.0499981 1.43531e-06
 0.000289163 -0.000144195      166.396     -4.17803      13.3116            0
-0 -0  1
1
     1.29996    -0.299996 -3.86812e-05
-0.000632456   1.2845e-05      151.222            0            0            0
-0 -0  1
5
         0.8        -0.25 -3.76865e-10
 0.000289919 -6.41816e-05       163.13     -4.17812      13.0504            0
0 0 1
0
        1.3   0.0999967 1.59817e-08
4.40261e-05 0.000174552     149.549           0           0           0
-0 -0  1
3
4
   0.599954   0.0499981 1.43557e-06
 0.00213067 0.000199859     189.181    -15.1342    -15.1349           0
-0 -0  1
5
         0.8        -0.25 -3.66348e-10
 -0.00019653 -0.000235133      255.048     -20.4036     -20.4042            0
0 0 1
0
         1.3    0.0999941 -1.76575e-08
  -0.0019341 -1.48609e-05      186.068            0            0            0
-0 -0  1
4
4
   0.599954    0.049998 1.47021e-06
 2.82397e-06 -3.72914e-06      163.688      2.75894      12.6652            0
-0 -0  1
5
        0.8       -0.25 6.99819e-09
-1.45673e-05  1.06834e-06      160.327      2.75894      12.6652            0
0 0 1
0
        1.3   0.0999939 1.06225e-06
-2.53302e-06  5.79985e-08       154.96            0            0            0
-0 -0  1
1
        1.5   -0.300001 1.42065e-06
 3.52701e-06 -1.70395e-07      151.323            0            0            0
-0 -0  1
3
5
        0.8       -0.25 9.73649e-09
 0.00171696 0.000527077     348.975     27.9177     27.9182           0
0 0 1
0
        1.3   0.0999948 1.50276e-06
 -0.00098525 -0.000185707      218.341            0            0            0
-0 -0  1
1
        1.5        -0.3 2.02373e-06
-0.000794574 -0.000292715      62.9815            0            0            0
-0 -0  1
4
5
   0.799978       -0.25 5.66583e-07
4.03812e-05 0.000766374     171.957    -1.81967     13.7565           0
0 0 1
0
     1.29998    0.0999962 -1.30798e-05
-9.93876e-05  -0.00046297      147.411            0            0            0
-0 -0  1
1
     1.49998    -0.299998 -1.83183e-05
 -0.00126671 -0.000943239      139.515            0            0            0
-0 -0  1
4
   0.799977   0.0499993 6.29055e-07
0.000562335 0.000742738     171.414    -1.81993     13.7131           0
-0 -0  1
3
5
    0.79996       -0.25 1.02015e-06
 0.00875333 -0.00265803      250.84    -20.0667    -20.0677           0
0 0 1
0
     1.29996    0.0999974 -2.48824e-05
-0.00452356  0.00573652     222.699           0           0           0
-0 -0  1
4
  0.799958  0.0499988 1.1545e-06
-0.00480107 -0.00304073     156.758    -12.5404    -12.5408           0
-0 -0  1
4
5
   0.799959       -0.25 1.04053e-06
 0.000168233 -0.000202189      161.825     0.693692      12.4407            0
0 0 1
0
     1.29996    0.0999991 -2.46384e-05
-0.000359258  0.000112803      155.847            0            0            0
-0 -0  1
4
   0.799958   0.0499988 1.15144e-06
-8.69471e-06 -0.000202267      162.033     0.693692      12.4407            0
-0 -0  1
1
        1.7        -0.3 1.83591e-07
 0.00018729 0.000333355     150.593           0           0           0
0 0 1
3
0
    1.29996         0.1 -2.4551e-05
 -0.0113748 -0.00928496     83.5767           0           0           0
-0 -0  1
4
   0.799958   0.0499988 1.14872e-06
 0.00215277 -0.00890157     352.325     -28.187      28.185           0
-0 -0  1
1
        1.7        -0.3 2.17857e-07
0.0091594 0.0181137   194.396         0         0         0
0 0 1
4
0
    1.29994    0.100006 -2.9174e-05
-0.000116078  0.000166921      159.105            0            0            0
-0 -0  1
4
   0.799946   0.0499981 4.42196e-06
-4.03272e-05 -2.08588e-05      159.953      8.94757      2.59063            0
-0 -0  1
1
     1.69999    -0.300006 -9.40349e-06
-0.000155122 -0.000100248      154.489            0            0            0
0 0 1
5
   0.999989       -0.25 1.47165e-07
-0.000119096 -2.77492e-05       156.75      8.94757      2.59063            0
-0 -0  1
3
4
   0.799929   0.0499849 1.24718e-05
  0.0025739 -0.00145821     261.397     20.9122    -20.9112           0
-0 -0  1
1
     1.69996    -0.300032 -2.27249e-05
-0.00278094   0.0007696     186.751           0           0           0
0 0 1
5
   0.999966   -0.250004 1.48188e-06
-0.00054798 0.000250161     182.149     14.5719     -14.572           0
-0 -0  1
4
4
   0.799934   0.0499554 1.61219e-05
-0.000148527  0.000722797      102.354     -7.72829     -8.18853            0
-0 -0  1
1
     1.69996    -0.300042 -1.27631e-05
  0.00203931 -0.000462694      213.268            0            0            0
0 0 1
5
   0.999959   -0.250002 1.80351e-05
-0.000303307 -0.000124523      130.725     -7.72519      -10.458            0
-0 -0  1
0
        1.5    0.100021 1.43897e-05
 -0.00162844 -0.000306099      183.951            0            0            0
-0 -0  1
3
1
    1.69995   -0.300092 1.40166e-05
 -0.00273466 -0.000150782      151.898            0            0            0
0 0 1
5
   0.999968   -0.250005 3.57277e-05
0.00248152 0.00017857    251.249       20.1    20.0999          0
-0 -0  1
0
       1.5   0.100003 2.4074e-05
-6.94049e-06 -0.000679318      227.151            0            0            0
-0 -0  1
4
1
    1.69993   -0.300097 2.22602e-05
-0.000651372 -9.97966e-05      140.874            0            0            0
0 0 1
5
    0.99998   -0.249992 7.06108e-05
  0.00120865 -5.39323e-05      166.648      12.2216      13.3317            0
-0 -0  1
0
    1.50002    0.100026 4.23544e-05
 0.000379844 -0.000167772      152.487            0            0            0
-0 -0  1
4
    1.00001   0.0500044 9.14148e-06
-0.000835636  0.000649306       170.29      12.2217      13.6231            0
-0 -0  1
3
1
    1.69991   -0.300101 2.87645e-05
-0.00166604  0.00162703     155.017           0           0           0
0 0 1
5
    0.99999   -0.249979 0.000101742
-0.00182473   -0.019728     169.094     13.5274    -13.5277           0
-0 -0  1
4
    1.00002   0.0500078 1.64878e-05
0.00358883  0.0184822    306.187    24.4949   -24.4951          0
-0 -0  1
4
0
    1.69999    0.100002 1.24677e-06
-0.000160053  0.000433858       200.51            0            0            0
-0 -0  1
1
    1.69999   -0.299999 6.65117e-07
0.000391456 0.000435627     199.293           0           0           0
0 0 1
4
   0.999994   0.0500011 3.16951e-06
-0.000325398 -0.000410512      115.701      3.04129     -9.25605            0
-0 -0  1
5
   0.999994   -0.249999 2.46368e-06
 0.000130603 -0.000417528      114.794      3.04136     -9.18353            0
-0 -0  1
