4
0
    0.699984     0.100015 -5.36576e-08
0.000670656 -0.00101999     197.868           0           0           0
0 0 1
1
    0.699995    -0.299988 -4.54467e-06
7.71211e-05 -0.00100949     196.931           0           0           0
-0 -0  1
4
-1.16295e-05 -9.20368e-06  4.82732e-06
-4.51133e-05  0.000984798      117.982      2.33797     -9.43837            0
0 0 1
5
-5.55721e-06    -0.200009  5.16095e-06
-0.000681834   0.00104507      117.516      2.33799     -9.40113            0
-0 -0  1
3
0
   0.699986    0.100021 4.75858e-06
 0.0055229 -0.0188138    281.634          0          0          0
0 0 1
4
 -1.1536e-05 -8.76612e-06  7.36894e-06
0.00163946  0.0109716    141.944   -11.3548   -11.3563          0
0 0 1
5
-5.42433e-06     -0.19999  9.43224e-06
-0.00715427  0.00808821     206.719    -16.5362    -16.5389           0
-0 -0  1
4
0
   0.699985    0.100027 1.30255e-05
-0.000154852  9.98637e-05      155.568            0            0            0
0 0 1
4
-1.46371e-05 -2.75415e-05  2.98592e-05
 3.87202e-05 -0.000235145      161.626      3.75359      9.19105            0
0 0 1
5
-8.70842e-06     -0.19999   1.7227e-05
 2.66108e-07 -0.000187727      160.876      3.75359      9.19105            0
-0 -0  1
1
   0.900001   -0.299999 7.39732e-06
-5.12435e-05  0.000198659      152.228            0            0            0
-0 -0  1
3
0
   0.699985    0.100033 1.99789e-05
-0.00388574  0.00134016     166.225           0           0           0
0 0 1
4
-1.70411e-05 -4.14035e-05  4.88438e-05
 0.00326816 -0.00516854     312.548    -25.0046     25.0031           0
0 0 1
1
   0.900002   -0.299998 1.35905e-05
0.000452107  0.00374386     151.525           0           0           0
-0 -0  1
4
0
   0.699981     0.10003 1.87511e-05
-0.000553043  -0.00226071      228.733            0            0            0
0 0 1
4
-2.15569e-05 -4.00445e-05   5.0972e-05
0.00138081 -0.0073957    198.125    15.8496   -15.8504          0
0 0 1
1
   0.899995   -0.300002 9.92699e-06
 -0.00228604 -4.55621e-05      89.0295            0            0            0
-0 -0  1
5
   0.199995   -0.249998 1.10272e-06
0.00128509 0.00968818     114.41    9.15202   -9.15363          0
0 0 1
3
0
   0.699988    0.100069 3.70764e-05
-0.00690546  -0.0065281     335.223           0           0           0
0 0 1
1
   0.900011    -0.29999 2.98807e-05
0.00229507  0.0038783    12.4099          0          0          0
-0 -0  1
5
   0.199992   -0.249994 1.23117e-05
0.00418569 0.00365656    282.666    22.6153    22.6113          0
0 0 1
4
0
   0.699985    0.100095 4.57238e-05
-0.000307395 -0.000151025      162.233            0            0            0
0 0 1
1
    0.90001   -0.299985 3.28523e-05
2.13028e-05  0.00020239     156.356           0           0           0
-0 -0  1
5
    0.19999   -0.249993 1.78641e-05
0.000141938  8.1372e-05     153.184     12.2541     -6.4585           0
0 0 1
4
        0.2   0.0500018 7.71293e-06
-2.70074e-05  0.000223309      158.525       12.682     -6.45896            0
-0 -0  1
3
0
   0.699984    0.100146 6.53289e-05
 -0.0174004 -0.00890652     360.743           0           0           0
0 0 1
5
   0.199986   -0.249994 4.15054e-05
0.00179531   0.013128    215.203   -17.2178   -17.2147          0
0 0 1
4
   0.199986    0.050004 3.08967e-05
 0.0153898 -0.0034895    54.3517   -4.34818    -4.3481          0
-0 -0  1
4
0
   0.699985    0.100169 7.41344e-05
-0.00129349 0.000709556     158.754           0           0           0
0 0 1
5
   0.199981   -0.249993 4.70334e-05
0.000830256 -0.00221976      157.42     8.19448     3.07117           0
0 0 1
4
   0.199984   0.0500003 4.53097e-05
-0.00106581 -0.00220561     159.878     8.19448     3.07117           0
-0 -0  1
1
     1.09996    -0.300006 -5.77722e-06
0.00098328 0.00388534    154.246          0          0          0
0 0 1
3
5
   0.199976   -0.249993 5.13607e-05
-0.0158999  0.0556672    144.776     11.581   -11.5833          0
0 0 1
4
   0.199981   0.0499973 5.65332e-05
0.0407099 0.0490117   289.771   23.1811  -23.1823         0
-0 -0  1
1
     1.09993    -0.300011 -1.08673e-05
-0.0252208  -0.104487     195.75          0          0          0
0 0 1
4
5
   0.199973   -0.249992 5.23482e-05
 0.0152744 -0.0405031    159.179    8.82268    7.32015          0
0 0 1
4
   0.199979   0.0499966 5.90371e-05
-0.0148687 -0.0405615    161.826    8.82268    7.32015          0
-0 -0  1
1
     1.09993    -0.300012 -1.20524e-05
0.0198372 0.0506403    152.15         0         0         0
0 0 1
0
    0.899996     0.100001 -8.93894e-07
 -0.02034 0.0304196   157.143         0         0         0
0 0 1
3
4
   0.199978    0.049996 6.11481e-05
-0.138943 -0.785948   308.922  -24.7132   24.7143         0
-0 -0  1
1
     1.09993    -0.300013 -1.31609e-05
0.365278 0.540638  167.692        0        0        0
0 0 1
0
    0.899993     0.100001 -1.68258e-06
-0.226449  0.245282   153.683         0         0         0
0 0 1
4
4
   0.199978   0.0499951 6.17044e-05
-0.00606737  0.00414808     83.1169    -6.64949    -6.64922           0
-0 -0  1
1
     1.09994     -0.30003 -6.75562e-06
  0.0033301 -0.00154638     237.827           0           0           0
0 0 1
0
   0.899997    0.100003 5.51831e-06
 0.000701121 -0.000602778      164.248            0            0            0
0 0 1
5
   0.400001   -0.250001 9.63569e-07
 0.00204543 -0.00204531     145.105    -11.6084    -11.6084           0
-0 -0  1
3
4
   0.199984   0.0500068 6.72867e-05
  1.04856   3.85053   53.7612 -0.639322  -4.30088         0
-0 -0  1
0
  0.899991  0.0999887 1.2657e-05
 1.71735 -5.13456  408.856        0        0        0
0 0 1
5
    0.399998    -0.250001 -5.45742e-06
 -2.76575   1.28414    167.68 -0.655484  -13.4144         0
-0 -0  1
4
4
   0.199992   0.0500131 7.73862e-05
-0.00283028  -0.0238434     180.723     14.4576    -14.4581           0
-0 -0  1
0
   0.899991   0.0999888 1.29975e-05
 0.00658642 -0.00231066      299.39           0           0           0
0 0 1
5
    0.399991    -0.250002 -1.45118e-05
-0.000108726    0.0326643      27.8768      2.23018     -2.23011            0
-0 -0  1
1
        1.3        -0.3 -8.8222e-07
-0.00356737 -0.00632025     122.308           0           0           0
-0 -0  1
3
4
        0.2   0.0500188 8.76592e-05
0.000149091   -0.002451     213.437     17.0746    -17.0753           0
-0 -0  1
0
   0.899992   0.0999887 1.31541e-05
0.00653642 0.00542036    273.435          0          0          0
0 0 1
1
     1.30001         -0.3 -1.97444e-06
-0.00663007 -0.00282971     143.426           0           0           0
-0 -0  1
4
4
   0.200044   0.0500196 0.000160056
-0.0293112 -0.0735118    152.835    12.2268   -12.2268          0
-0 -0  1
0
   0.900015    0.100002 2.09221e-05
 0.0180297 -0.0102287    348.572          0          0          0
0 0 1
1
        1.3   -0.299991 1.66456e-05
-0.0168201 -0.0425731    114.262          0          0          0
-0 -0  1
5
    0.599954     -0.25002 -9.77543e-05
0.0283569  0.126543   14.6287   1.17031  -1.17028         0
0 0 1
3
4
   0.200062   0.0500321 0.000170207
-0.0605529  -0.167785    312.407    24.9924   -24.9927          0
-0 -0  1
1
    1.30001   -0.299991 3.36142e-05
-0.0243504  -0.119733    291.386          0          0          0
-0 -0  1
5
    0.599959    -0.250019 -8.93979e-05
0.0849256  0.288193   26.5056   2.12048  -2.12041         0
0 0 1
4
4
  0.200077  0.0500453 0.00018068
 0.000474539 -0.000147407      160.201      1.29211      4.05385            0
-0 -0  1
1
    1.30003   -0.299995 5.10886e-05
-4.81355e-05  2.84198e-05      155.289            0            0            0
-0 -0  1
5
    0.599966    -0.250021 -7.80275e-05
-0.000571934  0.000189918      158.192      1.29211      4.05385            0
0 0 1
0
    1.09999    0.100003 1.64957e-05
-0.000191418  7.15935e-05      156.617            0            0            0
0 0 1
3
4
   0.200083   0.0500503 0.000187458
0.00422533 0.00156108    244.894   -19.5912    19.5919          0
-0 -0  1
1
    1.30003   -0.299999 5.71593e-05
0.00142696  0.0024578    209.026          0          0          0
-0 -0  1
0
    1.09998   0.0999939 2.23857e-05
-0.00599356 -0.00409161     176.378           0           0           0
0 0 1
4
4
   0.200083   0.0500383 0.000194377
0.000417049  0.00374921     158.107    -12.6482     12.6489           0
-0 -0  1
1
    1.30003   -0.299995 6.02867e-05
0.00185418 0.00360273    164.569          0          0          0
-0 -0  1
0
    1.09998   0.0999988 2.64746e-05
-0.00272628  -0.0013092     133.562           0           0           0
0 0 1
5
   0.799997       -0.25 1.98772e-06
 0.00047632 -0.00609637      174.06    -13.9246      13.925           0
0 0 1
3
1
        1.3   -0.299998 5.54001e-05
-2.51041e-14  1.51181e-12 -2.87049e-12            0            0            0
-0 -0  1
0
    1.09997   0.0999944 1.49586e-05
0.00397063 0.00447978     136.32          0          0          0
0 0 1
5
    0.799973    -0.250006 -2.03218e-05
-0.00462577 -0.00473413     493.977     16.0618     39.5179           0
0 0 1
4
1
        1.3   -0.299996 5.46692e-05
1.45583e-05  0.00189578     163.005           0           0           0
-0 -0  1
0
    1.09996   0.0999962 1.48674e-05
0.000485596 -0.00063391     135.215           0           0           0
0 0 1
5
    0.799969    -0.250008 -2.65283e-05
-0.000929392  -0.00242572      174.016     -13.9211      13.9214            0
0 0 1
4
   0.400001   0.0499977 5.32038e-06
0.000400797  0.00115071     158.061    -12.6447     12.6451           0
-0 -0  1
3
1
        1.3   -0.299994 5.52883e-05
 0.000179167 -5.71882e-05      208.111            0            0            0
-0 -0  1
5
    0.799965    -0.250009 -3.18411e-05
-0.000163121  4.21633e-05      210.132      1.17276      3.92526            0
0 0 1
4
   0.400002   0.0499966 9.79217e-06
-1.39816e-06 -8.92689e-06      212.054      1.17276      3.92526            0
-0 -0  1
4
1
        1.3   -0.299987 5.64974e-05
0.00116748 0.00433578     162.37          0          0          0
-0 -0  1
5
     0.79996    -0.250011 -3.70581e-05
-0.00184451 -0.00421197     187.583     -15.006     15.0072           0
0 0 1
4
   0.400002   0.0499947 1.51608e-05
0.000707126  0.00220905     167.318    -13.3851     13.3858           0
-0 -0  1
0
        1.3   0.0999837 1.55127e-06
-0.000152644  -0.00244278      113.027            0            0            0
-0 -0  1
3
5
    0.799956    -0.250012 -4.29145e-05
0.00407508 -0.0151518    330.861   -26.4699   -24.7103          0
0 0 1
4
   0.400006   0.0499937 2.03641e-05
-0.00136235  0.00987091     171.328    -13.7066    -13.7059           0
-0 -0  1
0
        1.3   0.0999617 1.21621e-06
-0.00268032  0.00503263     128.108           0           0           0
-0 -0  1
4
5
    0.799956    -0.250012 -4.29146e-05
-0.00051392 -0.00466893     194.864    -15.5884     15.5898           0
0 0 1
4
   0.400006   0.0499937 2.03642e-05
0.000790342  0.00276746       166.2    -13.2956     13.2964           0
-0 -0  1
0
        1.3   0.0999614 1.12455e-06
-0.0005533 0.00086227    108.429          0          0          0
-0 -0  1
1
        1.5        -0.3 -8.3163e-07
0.000257615  0.00101159     160.805           0           0           0
-0 -0  1
3
5
    0.799956    -0.250012 -4.29146e-05
   -0.010954 -0.000930823       436.22      1.52893      34.8976            0
0 0 1
0
        1.3   0.0999611 1.05376e-06
  0.00340701 -0.000871603      147.668            0            0            0
-0 -0  1
1
        1.5        -0.3 -1.5022e-06
0.00745543 0.00179982    46.4095          0          0          0
-0 -0  1
4
5
    0.799956    -0.250012 -4.29149e-05
-0.00082462 -0.00384197     214.269    -17.1407     17.1422           0
0 0 1
0
        1.3    0.099961 1.06043e-06
-0.000106179   0.00102169      90.4676            0            0            0
-0 -0  1
1
         1.5    -0.300001 -1.58291e-06
-0.000351178   0.00045414      157.807            0            0            0
-0 -0  1
4
        0.6        0.05 8.42736e-10
0.00126984 0.00233256    167.755   -13.4202    13.4206          0
-0 -0  1
3
5
    0.799956    -0.250012 -4.29149e-05
-0.000163761 -0.000130181      211.454     -4.71872      5.76755            0
0 0 1
1
        1.5   -0.300001 -1.6612e-06
7.34094e-05 5.38073e-05     207.652           0           0           0
-0 -0  1
4
        0.6        0.05 8.43231e-10
8.83329e-05 7.53751e-05     211.191    -4.71872     5.76755           0
-0 -0  1
4
5
    0.799956    -0.250012 -4.29147e-05
0.000189623 -0.00415332     208.895    -16.7106     16.7127           0
0 0 1
1
         1.5    -0.300001 -1.66935e-06
-0.000800632  0.000468414      177.402            0            0            0
-0 -0  1
4
        0.6        0.05 9.28736e-10
0.00105335 0.00284318    152.385   -12.1904    12.1912          0
-0 -0  1
0
         1.5    0.0999997 -1.00895e-07
-0.000448984  0.000804795       91.615            0            0            0
-0 -0  1
3
5
    0.799956    -0.250012 -4.29147e-05
0.00983754 -0.0142581    395.185   -31.6168   -31.6128          0
0 0 1
4
        0.6        0.05 9.28788e-10
-0.00135555   0.0149315     82.0154    -6.56144    -6.56102           0
-0 -0  1
0
         1.5    0.0999995 -1.85506e-07
 -0.00844565 -0.000821649      153.097            0            0            0
-0 -0  1
4
5
    0.799956    -0.250012 -4.29165e-05
-0.000376508  -0.00171305      183.815     -14.7042      14.7062            0
0 0 1
4
        0.6        0.05 -4.5014e-09
0.000558796  0.00109124     163.958    -13.1162     13.1171           0
-0 -0  1
0
         1.5    0.0999995 -1.58134e-07
-4.66899e-05  0.000320423      126.905            0            0            0
-0 -0  1
1
        1.7        -0.3 3.35082e-08
-0.000139281  0.000287884       155.62            0            0            0
0 0 1
3
5
    0.799956    -0.250012 -4.29174e-05
  -0.0054492 -0.000905631      374.935      7.68336      29.9943            0
0 0 1
0
         1.5    0.0999995 -1.46069e-07
  0.00114829 -0.000308626      157.721            0            0            0
-0 -0  1
1
        1.7        -0.3 4.89394e-08
0.00425541 0.00121565    97.6415          0          0          0
0 0 1
4
5
   0.799957   -0.250012 -4.3008e-05
-0.000547708  -0.00022922      167.094      -2.0171      13.3677            0
0 0 1
0
        1.5   0.0999999 9.13293e-07
8.74885e-05 0.000188597     150.169           0           0           0
-0 -0  1
1
        1.7        -0.3 1.49192e-06
0.000376632 0.000327923     146.542           0           0           0
0 0 1
4
    0.800001         0.05 -4.21046e-08
0.000117145 -0.00028526     166.492    -2.01679     13.3194           0
-0 -0  1
3
0
        1.5         0.1 1.71997e-06
-0.00181541  0.00145995     70.9598           0           0           0
-0 -0  1
1
        1.7        -0.3 2.54939e-06
0.00235785 0.00383405    209.599          0          0          0
0 0 1
4
   0.800001        0.05 -7.5209e-08
-0.000559575  -0.00537425      349.739     -27.9786      27.9796            0
-0 -0  1
4
0
    1.49997    0.100078 5.81681e-05
-3.0672 3.83473 119.148       0       0       0
-0 -0  1
1
       1.7  -0.299975 3.7566e-05
3.06558 6.89868 169.454       0       0       0
0 0 1
4
   0.799999    0.049985 4.80953e-05
-2.29897 -6.89759  152.786 -12.2224  12.2234        0
-0 -0  1
5
  0.999988  -0.250021 2.2841e-05
 2.29966 -3.83521  188.911 -15.1126  15.1132        0
-0 -0  1
3
0
    1.49994    0.100146 0.000107015
-1.58803 0.639819  162.139        0        0        0
-0 -0  1
1
    1.70001   -0.299952 6.78457e-05
0.957638  1.92036  84.5295        0        0        0
0 0 1
5
   0.999977   -0.250037 4.26788e-05
0.629559  -2.5596  383.631 0.674286  30.6904        0
-0 -0  1
4
0
   1.49994   0.100161 0.00011633
0.000762698 0.000529655     152.836           0           0           0
-0 -0  1
1
        1.7   -0.299948 7.25132e-05
0.000199273 0.000264574     152.684           0           0           0
0 0 1
5
  0.999975  -0.250031 4.7569e-05
-0.000197217 -0.000137744      163.502     -7.46431      13.0803            0
-0 -0  1
4
          1   0.0499994 8.48197e-06
-0.000912751 -0.000429583      161.276     -7.46427      12.9021            0
-0 -0  1
3
1
        1.7   -0.299945 7.64241e-05
-0.000108673 -2.19316e-05      210.791            0            0            0
0 0 1
5
   0.999972   -0.250026 5.16788e-05
-8.73943e-06 -0.000130094      207.746       13.381     -5.30439            0
-0 -0  1
4
   0.999999    0.049999 1.56012e-05
-5.64014e-06   0.00035268      211.761       13.381     -5.30439            0
-0 -0  1
4
0
    1.69999    0.100002 1.24677e-06
-0.000153801  0.000416307       200.51            0            0            0
-0 -0  1
1
    1.69999   -0.299999 6.65117e-07
0.000386959 0.000418075     199.293           0           0           0
0 0 1
4
   0.999994   0.0500011 3.16951e-06
 -0.00032049 -0.000409252      115.701       3.0413     -9.25605            0
-0 -0  1
5
   0.999994   -0.249999 2.46368e-06
 0.000127449 -0.000416269      114.794      3.04137     -9.18352            0
-0 -0  1
