4
0
    0.699984     0.100015 -5.36576e-08
0.000670656 -0.00101999     197.868           0           0           0
0 0 1
1
    0.699995    -0.299988 -4.54467e-06
7.71211e-05 -0.00100949     196.931           0           0           0
-0 -0  1
4
-1.16295e-05 -9.20368e-06  4.82732e-06
-4.51133e-05  0.000984798      117.982      2.33797     -9.43837            0
0 0 1
5
-5.55721e-06    -0.200009  5.16095e-06
-0.000681834   0.00104507      117.516      2.33799     -9.40113            0
-0 -0  1
3
0
   0.699967    0.100055 2.36702e-05
-1.71423  2.39955  121.534        0        0        0
0 0 1
1
  0.699991  -0.300006 1.9544e-05
2.39772  2.3994 159.843       0       0       0
-0 -0  1
4
-4.24458e-06  5.94136e-06   2.7864e-05
-0.683643  -4.79862   348.922  -27.9159   27.9116         0
0 0 1
4
0
   0.699966    0.100056 2.50279e-05
-8.97574e-05    0.0011606      111.417            0            0            0
0 0 1
1
   0.699991   -0.300005 2.10693e-05
7.64035e-05 0.000606195     167.447           0           0           0
-0 -0  1
4
-6.38143e-06  2.07607e-06  3.09765e-05
0.000616626  0.00051666     161.891    -12.9523     12.9502           0
0 0 1
5
  0.199999  -0.250001 1.5096e-06
-0.000653335  -0.00234374      189.543     -15.1635      15.1634            0
0 0 1
3
0
   0.699964    0.100057 2.62115e-05
-0.0148306  0.0126789    113.639          0          0          0
0 0 1
1
   0.699991   -0.300004 2.24293e-05
0.0143422 0.0127153   109.988         0         0         0
-0 -0  1
5
  0.199999  -0.250002 2.8417e-06
0.000363439  -0.0254285      406.67     9.08979     32.5336           0
0 0 1
4
0
   0.699963    0.100057 2.64441e-05
0.000325949 0.000112045     150.194           0           0           0
0 0 1
1
    0.69999   -0.300005 2.29981e-05
 0.00035306 0.000100791     151.501           0           0           0
-0 -0  1
5
   0.200005   -0.250004 3.85476e-06
-0.000135164 -9.18285e-06      164.788     -3.26839      13.1831            0
0 0 1
4
   0.200002   0.0500007 7.32939e-07
-0.000310656 -0.000118689      163.814     -3.26826      13.1051            0
-0 -0  1
3
0
   0.699963    0.100057 2.66416e-05
0.000710252 2.25992e-05     183.891           0           0           0
0 0 1
5
   0.200011   -0.250005 4.74528e-06
-0.00116188  0.00103093     249.304    -19.9446    -16.8546           0
0 0 1
4
   0.200004   0.0500014 1.38883e-06
0.000653136 -0.00101598     197.103    -15.7683    -15.7681           0
-0 -0  1
4
0
   0.699958    0.100058 2.66512e-05
0.000160516 0.000188696     151.897           0           0           0
0 0 1
5
   0.200024   -0.250024 1.23129e-05
 0.000206688 -0.000285156      165.396     -3.29129      13.2317            0
0 0 1
4
   0.20001   0.050004 4.2561e-06
-0.000318171 -0.000451304      164.415     -3.29123      13.1532            0
-0 -0  1
1
   0.899994   -0.300005 8.01303e-08
-8.22297e-06  0.000323969       148.59            0            0            0
-0 -0  1
3
0
   0.699954    0.100058 2.65878e-05
0.00409946   0.010605    62.8617          0          0          0
0 0 1
4
   0.200015   0.0500066 6.92821e-06
-0.00454336 -0.00966593     353.037    -28.2427     28.2433           0
-0 -0  1
1
   0.899988    -0.30001 1.61431e-07
0.000424548 -0.00124217     214.399           0           0           0
-0 -0  1
4
0
   0.699936     0.10013 9.77254e-05
0.00104188 0.00420997    129.862          0          0          0
0 0 1
4
    0.20002   0.0499981 4.84403e-05
-0.000476275 -0.000510186      155.504     -12.4402      12.4404            0
-0 -0  1
1
    0.89999   -0.299982 4.09594e-05
-0.000662928  -0.00160002      164.805            0            0            0
-0 -0  1
5
   0.399995   -0.250021 3.34581e-05
-0.000796868  -0.00176646       180.13     -14.4105      14.4103            0
-0 -0  1
3
0
   0.699922    0.100189 0.000155844
-0.00427076  0.00646253      172.58           0           0           0
0 0 1
4
   0.200024   0.0499916 8.20642e-05
0.0113753 0.0104445   115.316  -9.22538  -9.22522         0
-0 -0  1
5
  0.399991  -0.250037 6.0801e-05
-0.00778614  -0.0166882     342.404    -27.3921    -27.3925           0
-0 -0  1
4
0
   0.699923    0.100201 0.000165762
0.000315233  0.00112235     154.563           0           0           0
0 0 1
4
   0.200024   0.0499905 8.75381e-05
-0.000144137 -0.000329114      158.431     -11.7714      6.55388            0
-0 -0  1
5
   0.399991    -0.25004 6.65423e-05
 3.67511e-05 -0.000363993      160.652     -11.7714      6.55388            0
-0 -0  1
1
        1.1   -0.299999 5.05564e-06
-0.000313191 -0.000344699      156.652            0            0            0
0 0 1
3
0
   0.699924    0.100211 0.000173676
0.0136996 0.0745978   39.7467         0         0         0
0 0 1
4
   0.200025   0.0499896 9.18442e-05
-0.00940014  -0.0361235     319.717    -25.5771     25.5776           0
-0 -0  1
1
    1.09999   -0.299998 9.10784e-06
-0.00443064  -0.0385502     270.834           0           0           0
0 0 1
4
0
   0.699925    0.100214 0.000176033
0.00013532 0.00488951    147.011          0          0          0
0 0 1
4
   0.200025   0.0499894 9.26196e-05
-0.000338672 -0.000262516      155.018     -12.4014      6.32996            0
-0 -0  1
1
    1.09999   -0.299996 1.13235e-05
0.000189073 -0.00139431      162.41           0           0           0
0 0 1
5
        0.6   -0.250001 6.87928e-07
-1.75164e-05  -0.00322441      165.858     -13.2687      6.33017            0
0 0 1
3
4
   0.200029   0.0499855 0.000119265
-0.000442697 -0.000408574       211.27       4.9269     0.235785            0
-0 -0  1
1
   1.10002  -0.299967 5.9567e-05
-0.000386307  6.67737e-05      209.333            0            0            0
0 0 1
5
   0.599997   -0.250011 2.70357e-05
-0.000404036  0.000126368      209.697       4.9269     0.235785            0
0 0 1
4
4
   0.200029   0.0499848 0.000119383
-0.000377474    0.0044947      150.897     -12.0717      12.0718            0
-0 -0  1
1
    1.10002   -0.299966 6.06932e-05
0.00174998 0.00425298     172.26          0          0          0
0 0 1
5
   0.599996   -0.250011 2.73111e-05
 0.00089314 -0.00386015     182.396    -14.5918     14.5915           0
0 0 1
0
   0.899999   0.0999977 4.25928e-07
-0.00228485 -0.00492464     124.744           0           0           0
0 0 1
3
4
   0.200029   0.0499843 0.000119475
-0.0185558  0.0138787    121.569   -9.72555   -9.72549          0
-0 -0  1
5
   0.599996   -0.250011 2.74961e-05
  0.0186812 -0.00947088     351.602    -28.1279    -28.1285           0
0 0 1
0
   0.899999    0.099996 7.53337e-07
-0.000110665  -0.00451189      157.126            0            0            0
0 0 1
4
4
   0.200029   0.0499843 0.000119483
-3.44084e-05    0.0037835       156.18     -12.4943      12.4945            0
-0 -0  1
5
   0.599996   -0.250011 2.75009e-05
 0.00149877 -0.00268084      182.59    -14.6074     14.6071           0
0 0 1
0
  0.899999  0.0999959 7.4424e-07
-0.00284361 -0.00263641     126.529           0           0           0
0 0 1
1
        1.3        -0.3 4.26131e-08
0.00137502  0.0015148    164.998          0          0          0
-0 -0  1
3
5
   0.599996   -0.250011 2.75047e-05
 0.00941251 -0.00470947      376.13    -15.4762     30.0902           0
0 0 1
0
   0.899998   0.0999958 7.36966e-07
 -0.00758445 -0.000626392      209.895            0            0            0
0 0 1
1
        1.3        -0.3 7.70823e-08
-0.00189817   0.0053332      44.273           0           0           0
-0 -0  1
4
5
   0.599993   -0.250008 3.01556e-05
0.000933961  0.00152926       184.8    -14.7846     14.7833           0
0 0 1
0
   0.899996    0.099999 3.94438e-06
-0.000747769 -0.000475521      128.163            0            0            0
0 0 1
1
        1.3   -0.299998 1.48519e-06
-0.000157296 -6.71314e-05      157.781            0            0            0
-0 -0  1
4
  0.399999   0.049999 3.0153e-06
-0.000162076 -0.000964582      159.554     -12.7642      12.7646            0
-0 -0  1
3
5
  0.599994  -0.250013 3.8719e-05
-0.000161723 -0.000117142      208.842      10.6527     -2.21848            0
0 0 1
1
        1.3   -0.299987 1.39921e-05
-9.90154e-05  0.000256246      209.862            0            0            0
-0 -0  1
4
        0.4   0.0499979 1.65435e-05
-0.000159663  8.76647e-05      211.594      10.6527     -2.21848            0
-0 -0  1
4
5
   0.600002   -0.250014 3.92891e-05
-0.00178667  0.00670663     200.464    -16.0373     16.0369           0
0 0 1
1
    1.30001   -0.299992 2.22911e-05
-0.00384297 -0.00857733     148.035           0           0           0
-0 -0  1
4
   0.400009   0.0499985 1.50693e-05
0.00319253 0.00859226    173.938   -13.9142    13.9159          0
-0 -0  1
0
    1.10001   0.0999987 6.38535e-06
 0.00274573 -0.00688049     107.861           0           0           0
0 0 1
3
5
   0.599998   -0.250017 4.83487e-05
0.0636039 -0.020827   344.489  -27.5591  -27.5591         0
0 0 1
4
   0.400009   0.0499949 1.86624e-05
 -0.022469 -0.0991351    94.7538   -7.58084   -7.57976          0
-0 -0  1
0
    1.10001    0.099992 8.31604e-06
-0.0411046   0.119459    191.055          0          0          0
0 0 1
4
5
  0.600007  -0.250012 5.2657e-05
-1.09722e-05  2.16149e-06      157.873      -1.5914     0.198867            0
0 0 1
4
   0.400019    0.049996 1.64643e-05
0.000112522 3.16852e-05     157.435     -1.5914    0.198867           0
-0 -0  1
0
    1.10003   0.0999825 1.43155e-05
  0.00013387 -0.000276677      157.216            0            0            0
0 0 1
1
        1.5   -0.300047 2.06711e-05
-3.91297e-05 -0.000440804      157.774            0            0            0
-0 -0  1
3
5
   0.600014   -0.250009 5.57259e-05
-0.00290525 -0.00833596     170.164     13.6128    -13.6134           0
0 0 1
4
   0.400025   0.0499964 1.49739e-05
 0.0025193 0.00623841    234.639    18.7694   -18.7728          0
-0 -0  1
1
        1.5    -0.30008 3.49125e-05
0.00053244 0.00165828    225.495          0          0          0
-0 -0  1
4
5
   0.600013   -0.250009 5.66169e-05
0.000154932 3.44967e-05     160.034   -0.420885     6.84722           0
0 0 1
4
   0.400025   0.0499934 1.54837e-05
-0.000111727  2.71765e-05      161.277    -0.420885      6.84722            0
-0 -0  1
1
    1.50001   -0.300077 3.81134e-05
2.57326e-05 -1.8258e-05     153.893           0           0           0
-0 -0  1
0
    1.30001    0.100008 7.99551e-06
-0.000160501 -2.09415e-05      155.094            0            0            0
-0 -0  1
3
4
   0.400024   0.0499912 1.58668e-05
-3.36547e-05   0.00116464      290.352     -23.2261      23.2303            0
-0 -0  1
1
    1.50001   -0.300074 4.08922e-05
0.00126219 0.00341562     221.03          0          0          0
-0 -0  1
0
    1.30001    0.100014 1.44715e-05
 -0.0013187 -0.00461789     118.915           0           0           0
-0 -0  1
4
4
   0.400028   0.0499845 2.47869e-05
0.0030141 0.0111113   160.128  -12.8094    12.811         0
-0 -0  1
1
    1.50001   -0.300064 5.73183e-05
-0.00341423 -0.00616409     165.627           0           0           0
-0 -0  1
0
    1.30001    0.100041 3.85376e-05
 0.00357507 -0.00513718     113.071           0           0           0
-0 -0  1
5
        0.8   -0.250006 1.16639e-05
-0.00340169 0.000386505     191.472    -15.3181     15.3173           0
0 0 1
3
1
    1.50001   -0.300063 5.74961e-05
-0.165042 -0.349512   56.8733         0         0         0
-0 -0  1
0
        1.3    0.100041 3.80436e-05
 0.291963 -0.116539   149.847         0         0         0
-0 -0  1
5
       0.8  -0.250006 1.1663e-05
-0.127009  0.466046   423.577  -4.50927   33.8861         0
0 0 1
4
1
    1.50001   -0.300065 5.71778e-05
  -0.01062 -0.0222036    151.673          0          0          0
-0 -0  1
0
        1.3     0.10004 3.80094e-05
0.0117473 -0.013487    100.23         0         0         0
-0 -0  1
5
   0.799992   -0.250009 1.07448e-05
-0.00878618   0.0119656     206.573    -16.5264     16.5252           0
0 0 1
4
   0.600001   0.0500005 3.25818e-06
0.00760212  0.0236366    171.822   -13.7455     13.746          0
-0 -0  1
3
1
    1.50001   -0.300099 6.66581e-05
-0.00378796  0.00176387     264.448           0           0           0
-0 -0  1
5
   0.799989   -0.250014 3.12871e-05
 0.00119601 -0.00140816     192.987     8.45021    -15.4386           0
0 0 1
4
   0.599989   0.0499647 4.98201e-06
 0.00232737 -0.00110446     172.862     8.45487     -13.829           0
-0 -0  1
4
1
   1.50003  -0.300106 8.7526e-05
 0.00020003 0.000710487     159.502           0           0           0
-0 -0  1
5
   0.800006    -0.25001 3.10648e-05
-1.18953e-05  0.000328226      164.294     -13.1437      7.20157            0
0 0 1
4
    0.600013    0.0499677 -3.04436e-06
 0.000148421 -0.000102353      157.731     -12.6183      7.20082            0
-0 -0  1
0
   1.50002   0.100003 2.1005e-05
0.000361109 -0.00107358     148.771           0           0           0
-0 -0  1
3
1
   1.50004  -0.300101 9.9643e-05
-0.0159379 -0.0422265    140.937          0          0          0
-0 -0  1
5
   0.800001   -0.249989 3.63626e-05
-0.0209099  0.0829136     338.33    25.2357    27.0673          0
0 0 1
0
    1.50004    0.100005 2.84103e-05
 0.0367927 -0.0404291    151.031          0          0          0
-0 -0  1
4
1
    1.50004   -0.300104 0.000101537
0.000362488 0.000129692     156.633           0           0           0
-0 -0  1
5
   0.800032   -0.250009 3.69186e-05
2.71553e-05 0.000184128     160.308     -5.1218     5.61622           0
0 0 1
0
    1.50003    0.100018 3.12599e-05
 0.000188089 -0.000230254      154.584            0            0            0
-0 -0  1
4
   0.800011   0.0500113 3.29868e-06
3.52008e-06 1.19453e-05     158.772     -5.1218     5.61622           0
-0 -0  1
3
5
   0.800034   -0.250003 4.14149e-05
-0.00109635   0.0127761     253.993    -20.3186    -20.3203           0
0 0 1
0
    1.50003    0.100019 3.28739e-05
-0.00341112 0.000800474     268.972           0           0           0
-0 -0  1
4
   0.800014    0.050045 1.18495e-05
0.00465365 -0.0132639    107.332   -8.58645   -8.58667          0
-0 -0  1
4
5
   0.800072   -0.249986 4.69562e-05
0.000131315 0.000229398     161.966    -8.88779     7.64676           0
0 0 1
0
    1.50008    0.100003 6.67381e-05
 0.000668469 -0.000366595      153.503            0            0            0
-0 -0  1
4
   0.800056   0.0500615 1.28417e-05
 0.000201272 -7.37871e-05        159.3     -8.88779      7.64676            0
-0 -0  1
1
    1.70002   -0.300065 4.59449e-05
 6.83656e-05 -0.000771843       155.53            0            0            0
0 0 1
3
5
   0.800119   -0.249965 4.90793e-05
 0.000585257 -0.000175878      202.871      12.6429     -16.2298            0
0 0 1
4
   0.800108   0.0500795 9.75194e-06
 0.00132838 0.000258896      206.64      12.643    -16.5317           0
-0 -0  1
1
    1.70005   -0.300111 9.76123e-05
-0.000411302  -0.00064231      220.789            0            0            0
0 0 1
4
5
   0.800121   -0.249961 4.99411e-05
-0.000103382  7.66306e-05      155.077     -12.0396     -9.56428            0
0 0 1
4
    0.80011   0.0500857 1.14771e-05
 0.000213084 -0.000386464      151.464     -12.0396     -9.56428            0
-0 -0  1
1
    1.70005   -0.300114 9.59286e-05
-0.000534625  0.000784511      164.287            0            0            0
0 0 1
0
    1.69999    0.100013 9.23789e-07
 0.000305464 -0.000359323       159.47            0            0            0
-0 -0  1
3
4
    0.80011   0.0500854 1.32892e-05
-0.00867183  0.00271574     345.764    -27.6598     27.6624           0
-0 -0  1
1
    1.70004   -0.300114 9.68204e-05
0.00726637  0.0321938    283.145          0          0          0
0 0 1
0
    1.69999    0.100013 1.35398e-06
0.00125277 -0.0350315    1.38881          0          0          0
-0 -0  1
4
4
   0.800129   0.0500833 8.31604e-06
-0.000935856   0.00048556      175.021     -14.0008      14.0026            0
-0 -0  1
1
    1.70006   -0.300121 0.000115228
0.00295043 0.00149272    146.394          0          0          0
0 0 1
0
    1.70001    0.100006 1.86828e-05
0.000654038 -0.00236197      130.42           0           0           0
-0 -0  1
5
   1.00002  -0.250002 6.8661e-07
 -0.0019828 9.27196e-05     178.462    -14.2768     14.2772           0
-0 -0  1
3
1
    1.70008   -0.300126 0.000129157
  0.0267356 -0.00516816     110.783           0           0           0
0 0 1
0
   1.70002   0.100001 3.1831e-05
-0.00395793 -0.00265561     121.129           0           0           0
-0 -0  1
5
    1.00003   -0.250003 1.21146e-06
-0.0223121 0.00760873    398.386    25.8025    31.8704          0
-0 -0  1
4
0
    1.69999    0.100002 1.24677e-06
-0.000112381  0.000444969       200.51            0            0            0
-0 -0  1
1
    1.69999   -0.299999 6.65117e-07
0.000426592 0.000446737     199.293           0           0           0
0 0 1
4
   0.999994   0.0500011 3.16951e-06
-0.000279293 -0.000377464      115.701      3.04128     -9.25606            0
-0 -0  1
5
   0.999994   -0.249999 2.46368e-06
0.000167306 -0.00038448     114.794     3.04135    -9.18353           0
-0 -0  1
