4
0
    0.699984     0.100015 -5.36576e-08
0.000670656 -0.00101999     197.868           0           0           0
0 0 1
1
    0.699995    -0.299988 -4.54467e-06
7.71211e-05 -0.00100949     196.931           0           0           0
-0 -0  1
4
-1.16295e-05 -9.20368e-06  4.82732e-06
-4.51133e-05  0.000984798      117.982      2.33797     -9.43837            0
0 0 1
5
-5.55721e-06    -0.200009  5.16095e-06
-0.000681834   0.00104507      117.516      2.33799     -9.40113            0
-0 -0  1
3
0
  0.699986   0.100031 1.3247e-05
-0.0245786  0.0252207    211.396          0          0          0
0 0 1
1
        0.7   -0.299981 4.30037e-06
0.0160201 0.0272309   121.583         0         0         0
-0 -0  1
5
-6.57971e-06    -0.199984  1.69732e-05
0.00840558 -0.0518844    297.319    23.7834    23.7877          0
-0 -0  1
4
0
   0.699988    0.100025 1.92249e-05
 0.00143296 -0.00288138     198.706           0           0           0
0 0 1
1
  0.699998  -0.299998 1.7123e-05
-0.00247963 -0.00289504     201.287           0           0           0
-0 -0  1
5
-4.10811e-06    -0.199991  2.15777e-05
-0.00188662  0.00376859     99.9121    -6.46239    -7.99357           0
-0 -0  1
4
   0.199996   0.0500123 7.99364e-06
0.00291719 0.00185605    130.392   -6.45058   -10.4315          0
-0 -0  1
3
0
   0.700007    0.100017 7.51019e-05
  0.010106 -0.0314604    271.682          0          0          0
0 0 1
5
-2.57408e-06    -0.199966  7.17597e-05
-0.00990024  0.00939731     235.993    -18.8774    -18.8815           0
-0 -0  1
4
   0.199987   0.0500143 8.84778e-05
-0.000396091    0.0208921      122.626     -9.80991      -9.8102            0
-0 -0  1
4
0
   0.700025    0.100025 9.28338e-05
-0.0188832  0.0250265    156.899          0          0          0
0 0 1
5
-1.85961e-06    -0.199956  8.28954e-05
 0.0113079 -0.0455333    160.125    5.93267    7.15096          0
-0 -0  1
4
   0.199983   0.0500131 0.000114202
-0.0136852 -0.0255446    160.178    5.93267    7.15096          0
-0 -0  1
1
   0.899952    -0.30005 1.47909e-05
0.0209184 0.0456582   153.096         0         0         0
-0 -0  1
3
0
   0.700039    0.100032 0.000106403
-5.53975  3.70226   129.72        0        0        0
0 0 1
4
   0.199979   0.0500123 0.000133566
-3.68038 -14.7742  352.927 -28.2345  28.2338        0
-0 -0  1
1
   0.899915   -0.300088 2.55347e-05
9.21981 11.0716 147.652       0       0       0
-0 -0  1
4
0
   0.700039     0.10003 0.000131855
 0.00111657 0.000794066     149.973           0           0           0
0 0 1
4
   0.199977   0.0500114 0.000136792
  0.00150199 -0.000857842      168.431    -0.308575      13.4745            0
-0 -0  1
1
  0.899894  -0.300089 3.8109e-05
-0.000762799   0.00140218      143.371            0            0            0
-0 -0  1
5
   0.199992    -0.24998 1.71987e-06
 -0.00201291 -0.000916853      168.523    -0.308539      13.4818            0
0 0 1
3
4
   0.199976   0.0500109 0.000138851
9.03671e-05 -0.00708934     233.193     18.6556    -5.86696           0
-0 -0  1
1
    0.89988   -0.300089 4.60462e-05
-0.000660814   0.00062023      194.563            0            0            0
-0 -0  1
5
   0.199987   -0.249969 2.83767e-06
0.000454174  0.00675554     202.542     16.2036    -5.86745           0
0 0 1
4
4
   0.199976   0.0500109 0.000138866
 0.00143173 -0.00489994     172.039    -1.76947      13.763           0
-0 -0  1
1
   0.899882    -0.30009 4.69516e-05
0.00278545 0.00507259    143.203          0          0          0
-0 -0  1
5
   0.199987   -0.249969 2.84811e-06
0.000547636 -0.00518014     172.566    -1.76935     13.8052           0
0 0 1
0
   0.900001   0.0999998 7.94717e-07
-0.00477363  0.00499259      142.49           0           0           0
0 0 1
3
4
   0.199976   0.0500109 0.000138876
-0.00287397    0.022412     188.369    -15.0691    -15.0701           0
-0 -0  1
5
   0.199987   -0.249968 2.85512e-06
-0.00152778 -0.00399373     245.236    -19.6181    -19.6196           0
0 0 1
0
   0.900001   0.0999996 1.31033e-06
0.00440865 -0.0184606    196.692          0          0          0
0 0 1
4
4
   0.199975   0.0500147 0.000149048
-0.000688438  -0.00276806      159.689      8.28506      2.18069            0
-0 -0  1
5
   0.199988   -0.249968 1.21162e-05
0.000552472  -0.0016335     157.204     8.28506     2.18069           0
0 0 1
0
  0.899996   0.100048 1.6647e-05
-0.00123393  0.00192141     158.577           0           0           0
0 0 1
1
    1.09997   -0.299988 -3.9921e-06
0.000774048   0.0031187     154.827           0           0           0
0 0 1
3
4
   0.199974   0.0500186 0.000157762
-0.0173435  -0.165005    293.528   -23.4832    23.4812          0
-0 -0  1
0
   0.899992     0.10009 2.97335e-05
-0.0544481  0.0519431    162.106          0          0          0
0 0 1
1
     1.09995    -0.299977 -7.40606e-06
0.0712536  0.113605   174.664         0         0         0
0 0 1
4
4
   0.199973   0.0500189 0.000162212
0.000443511 -0.00202924     162.835     13.0268    0.460007           0
-0 -0  1
0
   0.899985     0.10011 3.40093e-05
 0.000466942 -0.000184192      162.675            0            0            0
0 0 1
1
     1.09995    -0.299972 -6.44597e-06
-0.000688172  0.000437786      150.814            0            0            0
0 0 1
5
        0.4   -0.250001 3.98979e-06
-0.000476515   0.00203129      153.974      12.3179      0.46065            0
-0 -0  1
3
0
    0.89998    0.100128 3.76376e-05
 0.00179956 -0.00979511     293.205           0           0           0
0 0 1
1
     1.09995    -0.299967 -5.71511e-06
-0.00359342   0.0145077     44.0434           0           0           0
0 0 1
5
   0.400001   -0.250002 7.52109e-06
 0.00153715 -0.00441727     293.049     23.4434     23.4445           0
-0 -0  1
4
0
   0.899987    0.100169 5.76466e-05
-4.70267e-06  8.07839e-05       157.71            0            0            0
0 0 1
1
    1.09994   -0.299955 3.49074e-06
-4.02525e-05   0.00034964      155.593            0            0            0
0 0 1
5
   0.400001   -0.250002 2.45247e-05
8.10911e-06 4.13141e-05     157.934     3.75466      3.0774           0
-0 -0  1
4
   0.400001   0.0499987 1.69104e-05
-0.000113625  6.99031e-05      159.061      3.75466       3.0774            0
-0 -0  1
3
0
   0.899998    0.100153 5.50044e-05
0.00222683  0.0208929    76.4276          0          0          0
0 0 1
1
    1.09994   -0.299955 5.25886e-06
-0.00245962  -0.0184659     374.159           0           0           0
0 0 1
4
        0.4   0.0499918 1.65037e-05
0.000341225 -0.00283008     179.711    -14.3769     13.4115           0
-0 -0  1
4
0
   0.899996    0.100166 7.65938e-05
-0.000299304  4.50087e-05      158.805            0            0            0
0 0 1
1
    1.09995    -0.29994 1.91316e-05
 6.85435e-05 -6.05831e-05      160.821            0            0            0
0 0 1
4
   0.400009    0.049999 2.62432e-05
0.000133178 0.000200068     154.356   -0.561638    -8.95476           0
-0 -0  1
5
   0.599999   -0.250001 8.06645e-06
0.000185941 0.000116526     156.316   -0.561638    -8.95476           0
0 0 1
3
1
    1.09995   -0.299928 3.02237e-05
5.31094e-05 0.000490496     274.464           0           0           0
0 0 1
4
   0.400016   0.0500048 3.40939e-05
-0.0112899  -0.013479    259.762    20.7808   -20.7811          0
-0 -0  1
5
  0.599998  -0.250001 1.4492e-05
 0.011434 0.0134031   96.0722   7.68562  -7.68593         0
0 0 1
4
1
    1.09995   -0.299922 4.67292e-05
0.000955559   0.0014331      145.76           0           0           0
0 0 1
4
   0.400015   0.0500014 5.25816e-05
-0.000400969  -0.00162266      173.071    -0.630497      13.8457            0
-0 -0  1
5
   0.599992   -0.250005 3.48992e-05
 0.000307505 -0.000714665      165.962    -0.630849       13.277            0
0 0 1
0
    1.10003    0.100037 4.61439e-05
-0.000780402   0.00143304      145.506            0            0            0
0 0 1
3
1
    1.09996   -0.299929 5.40711e-05
0.00971447 0.00672088    87.7117          0          0          0
0 0 1
5
  0.59999 -0.250004 3.541e-05
-0.00339065  -0.0135444     441.409     33.7544     35.3121           0
0 0 1
0
    1.10003    0.100033 5.49736e-05
-0.00636629  0.00669306     101.177           0           0           0
0 0 1
4
1
    1.09997   -0.299932 5.39507e-05
 0.000915274 -4.35654e-06      142.683            0            0            0
0 0 1
5
   0.599988   -0.250004 3.53973e-05
 5.50466e-06 -0.000161577      170.976      4.27202       13.678            0
0 0 1
0
    1.10003    0.100033 5.47536e-05
 0.000774156 -7.75855e-06      144.389            0            0            0
0 0 1
4
    0.599998    0.0499993 -2.81409e-08
 -0.0017555 0.000150775     172.249     4.27187     13.7798           0
-0 -0  1
3
5
   0.599987   -0.250004 3.53849e-05
-0.000278428  0.000260782      212.641     -16.0343     -5.59334            0
0 0 1
0
    1.10003    0.100034 5.44925e-05
-7.23349e-06  2.70721e-05      209.825            0            0            0
0 0 1
4
    0.599997    0.0499989 -4.84534e-08
 0.000243791 -0.000307376      207.831     -16.0343     -5.59334            0
-0 -0  1
4
5
   0.599987   -0.250004 3.54188e-05
0.00104107 0.00201424    214.828   -17.1858    17.1867          0
0 0 1
0
    1.10002    0.100035 5.33023e-05
0.000925072  0.00656947     95.0182           0           0           0
0 0 1
4
    0.599997    0.0499989 -4.23856e-08
-0.000536085  -0.00430507      152.714     -12.2167      12.2175            0
-0 -0  1
1
        1.3        -0.3 1.13118e-07
-0.00150407 -0.00431366     167.737           0           0           0
-0 -0  1
3
5
   0.599987   -0.250004 3.54393e-05
0.000118536 0.000109236     211.788    -5.69259     5.20495           0
0 0 1
4
    0.599997    0.0499989 -3.79407e-08
-9.76047e-05 -9.27203e-05       210.08     -5.69259      5.20495            0
-0 -0  1
1
       1.3       -0.3 1.6175e-07
-5.98352e-05 -1.81228e-05      208.429            0            0            0
-0 -0  1
4
5
   0.599982   -0.250004 3.60976e-05
0.0514498 -0.118285    167.93  -3.76246   13.4345         0
0 0 1
4
   0.599993   0.0499992 5.93662e-07
-0.0508885  -0.118357    166.808   -3.76255    13.3448          0
-0 -0  1
1
     1.29999    -0.300005 -3.40129e-06
0.0672524  0.118267   148.532         0         0         0
-0 -0  1
0
     1.29998     0.100002 -6.31146e-06
-0.0680795   0.118251    147.027          0          0          0
-0 -0  1
3
5
  0.599977  -0.250004 3.6624e-05
-0.712482   0.77197   263.129  -21.0512  -21.0494         0
0 0 1
4
    0.59999   0.0499994 1.09599e-06
0.275365 0.761606  160.149 -12.8125 -12.8113        0
-0 -0  1
0
     1.29996     0.100004 -1.12769e-05
0.436936 -1.53374   207.02        0        0        0
-0 -0  1
4
5
   0.599977   -0.250004 4.17015e-05
-0.000694351  -0.00493071      130.073       10.406      2.89688            0
0 0 1
4
   0.599986   0.0499967 1.00789e-05
 0.0020813 0.00344906    206.934    16.5548    2.89911          0
-0 -0  1
0
     1.29996     0.100003 -7.79666e-06
0.000693706  0.00255457     198.503           0           0           0
-0 -0  1
1
    1.49999   -0.300006 5.16952e-07
-0.00234113 -0.00111861     94.7873           0           0           0
-0 -0  1
3
5
   0.599981   -0.250005 4.53655e-05
-0.0156867 -0.0178009    9.97298   0.797813  -0.797864          0
0 0 1
4
    0.59999   0.0499979 1.65815e-05
0.0185192 0.0206586   405.507   32.4391   -32.442         0
-0 -0  1
1
    1.49994   -0.300026 -4.1665e-06
-0.00319451 -0.00292753     214.817           0           0           0
-0 -0  1
4
5
   0.599967   -0.250009 5.09031e-05
 0.0011202 0.00239637    180.377   -14.4302  -0.580885          0
0 0 1
4
   0.599974   0.0499931 2.07588e-05
-0.000408167  -0.00131291      143.193     -11.4554    -0.582257            0
-0 -0  1
1
     1.49991    -0.300022 -1.91382e-05
 0.000587013 -0.000852952      178.314            0            0            0
-0 -0  1
0
     1.49998     0.100009 -1.22456e-05
 -0.0018893 7.25448e-06     128.414           0           0           0
-0 -0  1
3
4
   0.599998   0.0499799 1.58548e-05
  0.00189853 -0.000403907      337.351     -26.9881      26.9881            0
-0 -0  1
1
    1.49994   -0.300018 7.89085e-06
-0.000666306  -0.00021611      169.956            0            0            0
-0 -0  1
0
    1.50001    0.100013 1.46634e-05
-0.000132835  0.000578915      122.991            0            0            0
-0 -0  1
4
4
  0.599975  0.0499748 2.5195e-05
 -0.00016702 -9.39836e-06      158.219     -3.31335      2.28408            0
-0 -0  1
1
     1.49992     -0.30002 -7.93877e-06
-0.00019047 1.51156e-05     157.323           0           0           0
-0 -0  1
0
     1.49998     0.100013 -2.79493e-06
-0.000238418  3.21688e-05      155.998            0            0            0
-0 -0  1
5
   0.799978   -0.250001 5.59704e-06
-0.000167018  -4.4487e-05      158.756     -3.31335      2.28408            0
0 0 1
3
4
  0.599957  0.0499707 3.2616e-05
-0.00314871  0.00384829     104.484    -8.35862    -8.35884           0
-0 -0  1
0
     1.49997     0.100012 -1.66614e-05
  -0.0018145 -0.000523469      247.911            0            0            0
-0 -0  1
5
    0.79996   -0.250002 1.02026e-05
   0.004399 -0.00340704     277.902    -22.2318    -22.2325           0
0 0 1
4
4
   0.599957   0.0499706 3.40375e-05
-5.81841e-05  8.94718e-05      156.016     -8.31128    -0.567185            0
-0 -0  1
0
    1.49997    0.100012 -1.5542e-05
-4.13552e-05 -0.000119511       156.11            0            0            0
-0 -0  1
5
   0.799959   -0.250001 1.30945e-05
 2.13829e-05 -3.94606e-05      158.623     -8.31128    -0.567185            0
0 0 1
1
         1.7    -0.300001 -8.39285e-07
4.05684e-05 4.78246e-05     159.549           0           0           0
0 0 1
3
0
     1.49997     0.100012 -1.21796e-05
0.00127461 0.00852723    353.978          0          0          0
-0 -0  1
5
 0.799957 -0.249969 1.728e-05
 0.00544497 -0.00214868     244.806     19.5842     19.5848           0
0 0 1
1
       1.7  -0.300002 8.9335e-07
-0.00670089 -0.00599939     31.5133           0           0           0
0 0 1
4
0
    1.49999    0.100012 -5.2151e-06
1.06851e-05 -0.00177446     129.124           0           0           0
-0 -0  1
5
   0.799962   -0.249968 1.65127e-05
0.000753475    0.000948     178.586    -14.2866    -7.84462           0
0 0 1
1
        1.7   -0.300006 1.51961e-05
-0.000522986  0.000701867      182.884            0            0            0
0 0 1
4
    0.800005    0.0499627 -5.09512e-06
 7.11513e-05 -0.000221466      139.703     -11.1761     -7.84586            0
-0 -0  1
3
5
  0.799962  -0.249968 1.6419e-05
-7.36289e-05  0.000100204      207.929     -1.00982     -7.51489            0
0 0 1
1
        1.7   -0.300006 1.58796e-05
-8.47809e-05 -0.000173843      214.743            0            0            0
0 0 1
4
    0.800005    0.0499627 -5.18619e-06
0.000179874 7.83736e-05     207.626    -1.00982    -7.51489           0
-0 -0  1
4
5
   0.799963   -0.249968 1.62963e-05
0.00143049  0.0013185    202.225   -16.1782    8.99704          0
0 0 1
1
       1.7  -0.300006 1.6465e-05
-0.000422415   0.00172948      188.903            0            0            0
0 0 1
4
    0.800006    0.0499627 -5.30639e-06
-0.000453928  -0.00135531      137.346     -10.9878      8.99578            0
-0 -0  1
0
        1.7         0.1 6.10732e-07
-0.000535021  -0.00172194      101.823            0            0            0
-0 -0  1
3
1
    1.70003   -0.299997 4.37607e-05
0.00357407 0.00374958    225.073          0          0          0
0 0 1
4
    0.800039    0.0499627 -9.99718e-06
-0.00784162 -0.00161077     334.241      -26.74     26.7386           0
-0 -0  1
0
    1.70002    0.100009 2.87964e-05
 0.00540081 -0.00201495     70.9837           0           0           0
-0 -0  1
4
1
    1.70004   -0.299992 6.49573e-05
0.000805969 0.000956476     154.735           0           0           0
0 0 1
4
    0.800063     0.049965 -1.00915e-05
-0.00161552 0.000181033     168.969    -13.5179     13.5172           0
-0 -0  1
0
    1.70003    0.100016 5.04469e-05
  0.00252626 -0.000309595      119.832            0            0            0
-0 -0  1
5
          1    -0.24998 7.10542e-06
 -0.00123313 -0.000451909      186.762     -14.9412      14.9408            0
-0 -0  1
3
1
    1.70008   -0.300027 9.41682e-05
 0.00538203 -0.00770977     130.461           0           0           0
0 0 1
0
    1.70005   0.0999988 6.71906e-05
-0.00673857  0.00355832      297.56           0           0           0
-0 -0  1
5
    1.00001   -0.250005 2.02969e-05
 0.0018589 0.00321044    202.277    16.1817    16.1826          0
-0 -0  1
4
0
    1.69999    0.100002 1.24677e-06
-0.000285095  0.000229987       200.51            0            0            0
-0 -0  1
1
    1.69999   -0.299999 6.65117e-07
0.000205691 0.000231755     199.294           0           0           0
0 0 1
4
   0.999994   0.0500011 3.16951e-06
-0.000458033 -0.000508117        115.7      3.04133     -9.25602            0
-0 -0  1
5
   0.999994   -0.249999 2.46368e-06
-4.75735e-05 -0.000515134      114.794      3.04139     -9.18349            0
-0 -0  1
