4
0
    0.699984     0.100015 -5.36576e-08
0.000670656 -0.00101999     197.868           0           0           0
0 0 1
1
    0.699995    -0.299988 -4.54467e-06
7.71211e-05 -0.00100949     196.931           0           0           0
-0 -0  1
4
-1.16295e-05 -9.20368e-06  4.82732e-06
-4.51133e-05  0.000984798      117.982      2.33797     -9.43837            0
0 0 1
5
-5.55721e-06    -0.200009  5.16095e-06
-0.000681834   0.00104507      117.516      2.33799     -9.40113            0
-0 -0  1
3
0
   0.699985    0.100018 1.98605e-06
-0.00117404  0.00166247      181.88           0           0           0
0 0 1
1
    0.699994    -0.299985 -3.22204e-06
0.00104857 0.00167186    181.163          0          0          0
-0 -0  1
4
-1.15254e-05 -8.99998e-06  5.67418e-06
9.98384e-05 -0.00314241     267.255      1.7959     21.3805           0
0 0 1
4
0
   0.699981    0.100009 4.15144e-06
 0.000989738 -0.000287747      218.857            0            0            0
0 0 1
1
   0.699995   -0.300012 8.32569e-06
-0.000110188 -0.000284914      219.132            0            0            0
-0 -0  1
4
-1.10995e-05  -1.5374e-05   1.1151e-05
-0.000255126  0.000277042      72.7093    -0.695289     -5.81679            0
0 0 1
5
   0.200005   -0.250006 1.13276e-05
-0.000757441 -0.000131624        119.6    -0.682198     -9.56798            0
0 0 1
3
0
   0.699976    0.100002 6.22286e-06
5.18892e-05  0.00137893     246.788           0           0           0
0 0 1
1
  0.699992  -0.300032 1.9042e-05
-0.000183421 -0.000708349      181.653            0            0            0
-0 -0  1
5
  0.200007  -0.250009 2.1954e-05
 -3.3051e-05 -0.000874201      201.857      16.1485     0.645842            0
0 0 1
4
0
   0.699981   0.0999996 1.43503e-05
-0.0192739  0.0263805    498.986          0          0          0
0 0 1
1
   0.699997   -0.300045 3.02162e-05
0.0186693 0.0117533   130.136         0         0         0
-0 -0  1
5
    0.20001   -0.249999 2.43636e-05
-1.23509e-13  7.99192e-13  2.09104e-14   3.3358e-13 -9.81923e-14            0
0 0 1
4
   0.200004   0.0500062 3.42153e-06
0.000973041  -0.0378935     1.17515    0.094011  -0.0940134           0
-0 -0  1
3
0
   0.699991   0.0999999 3.60242e-05
-0.0710558   0.166582     441.77          0          0          0
0 0 1
5
   0.200011   -0.249995 3.85827e-05
 0.0997069 -0.0802712    167.131     -13.37    -13.371          0
0 0 1
4
    0.20001   0.0500024 1.88872e-05
-0.0281015 -0.0864123    21.3972   -1.71173   -1.71182          0
-0 -0  1
4
0
   0.699998   0.0999991 4.36049e-05
-0.0869406  0.0429055    328.711          0          0          0
0 0 1
5
    0.20001   -0.249992 4.40801e-05
  5.6026e-13  5.42712e-13  -1.4127e-12  2.36644e-13 -1.70897e-12            0
0 0 1
4
   0.200011    0.050003 2.44741e-05
-0.0528142  -0.212764     173.23    13.8589    -13.858          0
-0 -0  1
1
   0.900007    -0.30002 1.64894e-05
0.139919 0.169916  128.356        0        0        0
-0 -0  1
3
0
   0.699988    0.100009 4.94957e-05
  0.121559 -0.0790917    190.474          0          0          0
0 0 1
4
   0.200011   0.0500026 2.87267e-05
0.0784997  0.317113   281.715  0.672861   22.5372         0
-0 -0  1
1
   0.899996   -0.300019 1.75723e-05
-0.200518 -0.237542   158.109         0         0         0
-0 -0  1
4
0
  0.699989    0.10001 5.1115e-05
 -0.0138927 -0.00503762     249.447           0           0           0
0 0 1
4
   0.200011   0.0500026 2.87987e-05
-0.00909303  -0.0149591     179.315     14.3471    -14.3433           0
-0 -0  1
1
   0.900001   -0.300021 2.15418e-05
0.00980725  0.0168676    113.429          0          0          0
-0 -0  1
5
        0.4       -0.25 4.72727e-08
  0.013235 0.00317533    88.1071    7.04881   -7.04832          0
-0 -0  1
3
0
   0.699986     0.10001 5.15305e-05
-0.00940917   0.0019262     272.474           0           0           0
0 0 1
4
   0.200009   0.0500023 2.38251e-05
 0.00153495 0.000764029     106.963    -8.55517    -8.55894           0
-0 -0  1
5
  0.399994      -0.25 4.8506e-06
 0.00792246 -0.00244414     250.861    -20.0677      -20.07           0
-0 -0  1
4
0
   0.699987    0.100036 7.46262e-05
8.25943e-05 0.000357053     154.689           0           0           0
0 0 1
4
   0.199992   0.0499532 1.23842e-05
-0.000299158 -0.000338877      158.316     -11.3654      6.11488            0
-0 -0  1
5
   0.399988   -0.250004 3.67843e-05
-0.000156838 -6.61508e-05      160.502     -11.3654      6.11488            0
-0 -0  1
1
    1.09995   -0.300027 8.03261e-06
-0.000333798 -0.000408987      156.791            0            0            0
0 0 1
3
0
   0.699969    0.100034 8.58307e-05
-0.00740103  0.00641675     185.287           0           0           0
0 0 1
4
   0.199992   0.0499476 1.49276e-05
 0.00383979 -0.00163884     140.294     -11.221    -11.2261           0
-0 -0  1
1
    1.09995   -0.300024 1.18901e-05
 0.00340295 -0.00485466     304.716           0           0           0
0 0 1
4
0
   0.699951    0.100038 7.84075e-05
0.000134647 0.000575645     155.324           0           0           0
0 0 1
4
  0.199973  0.0499395 1.4778e-05
-0.000291133 -0.000209601      159.288     -9.50554      6.97566            0
-0 -0  1
1
   1.09994  -0.300014 2.1061e-07
-0.000266471 -2.33257e-05      156.337            0            0            0
0 0 1
5
   0.599978   -0.249998 5.52379e-06
-0.000247456 -0.000153228      159.349     -9.50554      6.97566            0
0 0 1
3
4
   0.199958   0.0499321 1.35504e-05
-0.000192727 -7.99581e-05      213.046      10.8138      1.39438            0
-0 -0  1
1
     1.09992    -0.300006 -9.23371e-06
-0.000188443  0.000259149      208.007            0            0            0
0 0 1
5
   0.599961   -0.249996 1.14327e-05
-0.000164778 -1.58457e-05      209.245      10.8138      1.39438            0
0 0 1
4
4
   0.199955   0.0499022 1.11461e-05
-3.17155e-05 -0.000169216      159.263     -4.33295      4.67742            0
-0 -0  1
1
     1.09993    -0.300005 -1.06233e-05
 -4.2542e-05 -2.94918e-05       156.57            0            0            0
0 0 1
5
   0.599955   -0.249994 2.23854e-05
 9.88476e-05 -1.64913e-05      158.692     -4.33295      4.67742            0
0 0 1
0
    0.899999     0.100002 -1.58379e-06
-0.000104288 -4.23178e-05      155.772            0            0            0
0 0 1
3
4
   0.199954   0.0498821 6.46952e-06
  0.0017532 -0.00363311     123.289    -9.86052     -9.8657           0
-0 -0  1
5
    0.59995   -0.249991 3.34637e-05
-4.07003e-06   0.00297644      276.285     -22.1017     -22.1039            0
0 0 1
0
    0.899999     0.100003 -3.43693e-06
-0.00176922 0.000458343     230.724           0           0           0
0 0 1
4
4
  0.199955  0.0498808 8.2903e-06
 8.84503e-06 -4.77492e-06      158.707      12.0384     -1.22243            0
-0 -0  1
5
   0.599956   -0.250017 4.13909e-05
-2.76134e-06 -0.000364764      155.585      12.0384     -1.22243            0
0 0 1
0
        0.9    0.100016 2.96589e-06
1.05296e-05 0.000126682     160.166           0           0           0
0 0 1
1
    1.29999   -0.299997 3.15255e-06
4.87915e-05 0.000162923      155.84           0           0           0
-0 -0  1
3
4
   0.199954   0.0498754 -7.4771e-06
0.0349671  0.194318   286.451  -22.9219   22.9102         0
-0 -0  1
0
   0.900001    0.100021 3.77336e-06
 0.0465447 -0.0340273     110.88          0          0          0
0 0 1
1
    1.30001   -0.300008 9.05398e-06
-0.0815088  -0.160464    232.967          0          0          0
-0 -0  1
4
4
    0.199954    0.0498698 -1.07163e-05
4.03577e-06 6.75667e-05      160.48    -12.8407     9.06276           0
-0 -0  1
0
   0.900003    0.100025 1.59511e-06
7.71617e-05 -0.00011219     152.773           0           0           0
0 0 1
1
    1.30003   -0.300011 1.79632e-05
  3.7036e-05 -6.72908e-09      156.495            0            0            0
-0 -0  1
5
  0.799998  -0.249999 5.0555e-06
-5.49502e-05 -4.48779e-07       160.55      -12.844      9.06135            0
0 0 1
3
4
    0.199954    0.0498641 -1.39812e-05
-2.71136e-05 -1.54649e-06      211.357      7.50806    -0.649212            0
-0 -0  1
1
    1.30004   -0.300013 2.49266e-05
 3.97731e-05 -3.94236e-06      209.445            0            0            0
-0 -0  1
5
  0.799995  -0.249998 1.0128e-05
 3.62081e-05 -2.45286e-05      209.496      7.50806    -0.649212            0
0 0 1
4
4
    0.199954    0.0498597 -1.77433e-05
-0.000189944  0.000132501      163.776     -9.34982      11.6965            0
-0 -0  1
1
    1.30004   -0.300013 2.53951e-05
 0.000126265 -5.64184e-05       154.18            0            0            0
-0 -0  1
5
   0.799992   -0.249995 1.52648e-05
3.47041e-05 0.000118078     159.561    -9.34982     11.6965           0
0 0 1
0
         1.1     0.100001 -1.15499e-06
 3.10776e-05 -0.000196961       152.78            0            0            0
0 0 1
3
1
   1.30004  -0.300012 2.5609e-05
 1.24492e-12 -3.59229e-13  3.55245e-13            0            0            0
-0 -0  1
5
   0.799989   -0.249993 2.04625e-05
-0.00887849   0.0175399     494.211     28.3901     39.5366           0
0 0 1
0
         1.1     0.100003 -2.35709e-06
0.00872532 -0.0175359    136.087          0          0          0
0 0 1
4
1
    1.30004   -0.300011 2.48914e-05
-0.000165419  -0.00027331      155.722            0            0            0
-0 -0  1
5
   0.799984   -0.249992 3.06867e-05
0.000273887  0.00154919     174.217    -13.9372     13.9375           0
0 0 1
0
     1.10001     0.100004 -4.24338e-06
-8.81418e-06  -0.00176454      134.172            0            0            0
0 0 1
4
         0.4    0.0499965 -7.93114e-06
-0.000114929  0.000479459      166.187     -13.2946      13.2953            0
-0 -0  1
3
1
   1.30005  -0.300004 2.6309e-05
1.40611e-05 0.000162068     212.194           0           0           0
-0 -0  1
5
   0.799974    -0.24999 5.07811e-05
-0.000126893 -6.63018e-05       209.78      1.82511     -5.00902            0
0 0 1
4
    0.400003    0.0499898 -2.28282e-05
 0.000131618 -7.88887e-05      208.324      1.82511     -5.00902            0
-0 -0  1
4
1
    1.30002   -0.300012 3.13333e-05
-0.000190119 -7.19545e-05      156.885            0            0            0
-0 -0  1
5
   0.799975   -0.249992 6.70039e-05
4.18719e-08 0.000243961     159.108    -5.25112     4.97039           0
0 0 1
4
     0.40004    0.0499945 -1.41284e-05
-0.000326066 -7.92183e-05       159.52     -5.25112      4.97039            0
-0 -0  1
0
    1.29997    0.100005 9.10436e-06
-0.000197728 -0.000188668      154.785            0            0            0
-0 -0  1
3
5
    0.79998   -0.249999 7.23257e-05
-0.0119014  0.0320194    357.456   -28.5967   -28.5962          0
0 0 1
4
    0.400044    0.0499962 -1.28259e-05
0.00765393 -0.0223675    46.1329   -3.69082   -3.69044          0
-0 -0  1
0
    1.29997   0.0999888 1.17618e-05
 0.00442111 -0.00997722     226.709           0           0           0
-0 -0  1
4
5
   0.799979   -0.250002 7.31776e-05
-0.000547361   0.00055032      157.072     -10.7927     -10.6036            0
0 0 1
4
    0.400044    0.0499959 -1.33237e-05
 0.000313279 -0.000458702      149.594     -10.7927     -10.6036            0
-0 -0  1
0
    1.29997   0.0999885 1.19128e-05
 3.62514e-05 -1.65834e-05      158.597            0            0            0
-0 -0  1
1
        1.5   -0.299999 7.61401e-07
 0.000229944 -9.92067e-05      165.035            0            0            0
-0 -0  1
3
4
     0.40004    0.0499954 -1.04421e-05
0.131123 0.879857  260.596 -20.8467  20.8486        0
-0 -0  1
0
    1.29997   0.0999885 9.12845e-06
 0.198933 -0.307394   177.261         0         0         0
-0 -0  1
1
         1.5    -0.300001 -3.03748e-06
-0.330275 -0.572507   192.441         0         0         0
-0 -0  1
4
4
     0.40004    0.0499954 -1.03024e-05
-0.000126655  3.73486e-05      166.792      7.43275       12.467            0
-0 -0  1
0
    1.29997   0.0999887 9.17009e-06
 0.000113732 -6.45923e-05      155.945            0            0            0
-0 -0  1
1
         1.5    -0.300001 -2.54463e-06
-1.32957e-05  3.19921e-05      150.478            0            0            0
-0 -0  1
5
           1        -0.25 -3.78369e-08
  1.5579e-05 -1.04161e-05      157.083      7.43275       12.467            0
-0 -0  1
3
0
    1.29996   0.0999896 1.72071e-05
  0.00184006 -0.000126577      181.009            0            0            0
-0 -0  1
1
        1.5   -0.299996 2.04761e-06
-0.00443285  0.00196599     43.0228           0           0           0
-0 -0  1
5
   0.999996   -0.249997 8.00662e-06
 0.00235509 -0.00195124     406.266     30.8607     32.5013           0
-0 -0  1
4
0
    1.29995    0.099985 2.20457e-05
-6.31098e-05  8.23945e-05      156.971            0            0            0
-0 -0  1
1
    1.50001   -0.299992 9.08865e-06
2.89158e-05 -3.9881e-05     162.166           0           0           0
-0 -0  1
5
   0.999994   -0.249996 1.25205e-05
 5.36506e-06 -1.40751e-05      158.359     -9.66423     -6.64792            0
-0 -0  1
4
   0.599995   0.0499927 4.82123e-06
5.21333e-05 -9.4371e-05     152.801    -9.66423    -6.64792           0
-0 -0  1
3
1
        1.5   -0.299997 4.23435e-06
-4.15517e-05  8.30322e-06      214.227            0            0            0
-0 -0  1
5
  0.999978  -0.249988 1.4966e-05
-0.000145411   -7.284e-06       209.46      3.70646     -9.90335            0
-0 -0  1
4
   0.599994   0.0499908 7.98043e-06
-6.17194e-05  3.79573e-05      206.611      3.70646     -9.90335            0
-0 -0  1
4
1
        1.5   -0.299992 7.36883e-06
-2.05295e-05  2.55736e-05      155.157            0            0            0
-0 -0  1
5
   0.999973   -0.249989 1.25916e-05
4.02128e-05 3.00242e-05      160.93    -9.84048     12.5291           0
-0 -0  1
4
   0.599995   0.0499898 1.29886e-05
1.70242e-05 -3.6201e-06     162.989    -9.84048     12.5291           0
-0 -0  1
0
        1.5    0.100014 5.75589e-06
-7.8292e-05 9.70167e-06     151.221           0           0           0
-0 -0  1
3
5
   0.999969    -0.24999 1.00695e-05
 0.00285324 -0.00274103     292.262    -23.3801    -23.3818           0
-0 -0  1
4
   0.599996   0.0499889 1.79715e-05
-0.000668589   0.00254508      158.415     -12.6738     -12.6727            0
-0 -0  1
0
   1.50001   0.100028 1.1227e-05
-0.00220878 0.000198749     179.621           0           0           0
-0 -0  1
4
5
   0.999967   -0.249989 1.35958e-05
5.43779e-06 1.56957e-05     157.388    -2.19572    -2.58061           0
-0 -0  1
4
   0.599998   0.0499886 1.73675e-05
-1.15042e-05  1.43658e-05      155.697     -2.19572     -2.58061            0
-0 -0  1
0
    1.50001    0.100039 1.43176e-05
-4.83622e-06  2.92968e-05      157.909            0            0            0
-0 -0  1
1
         1.7    -0.299998 -1.82045e-07
4.21948e-05 2.26572e-06     159.304           0           0           0
0 0 1
3
5
   0.999964   -0.249988 1.71183e-05
  0.00386033 -0.000722712      345.433      27.6337      27.6356            0
-0 -0  1
0
    1.50001     0.10005 1.70762e-05
  0.00100954 -0.000238006      190.454            0            0            0
-0 -0  1
1
        1.7   -0.299995 -5.1062e-07
-0.00489663   0.0010316     94.4107           0           0           0
0 0 1
4
5
   0.999956   -0.249967 2.94494e-05
 0.00016198 0.000642096     164.628    -13.1697    -10.4917           0
-0 -0  1
0
    1.50001    0.100068 2.37528e-05
-0.000128883  0.000451607      147.766            0            0            0
-0 -0  1
1
        1.7   -0.300012 6.64577e-06
-8.87472e-05 -0.000539478      171.414            0            0            0
0 0 1
4
   0.800004   0.0499937 1.38396e-06
   6.617e-05 -0.000435303      146.489     -11.7192     -10.4938            0
-0 -0  1
3
5
   0.999956   -0.249967 2.94495e-05
 1.27054e-05 -0.000152136       209.43      10.6995      1.33376            0
-0 -0  1
1
        1.7   -0.300012 6.64543e-06
-1.57054e-05  0.000119893      207.961            0            0            0
0 0 1
4
   0.800004   0.0499937 1.38395e-06
-3.67404e-05  0.000140144      212.906      10.6995      1.33376            0
-0 -0  1
4
5
   0.999956   -0.249967 2.94499e-05
0.000860687 0.000149491     170.328    -11.0832     13.6258           0
-0 -0  1
1
        1.7   -0.300012 6.64799e-06
-0.000176321 -5.06449e-05      145.291            0            0            0
0 0 1
4
   0.800004   0.0499937 1.38434e-06
-0.000314957  4.51423e-05      173.821     -11.0842      13.9058            0
-0 -0  1
0
         1.7     0.100002 -9.87767e-07
 -0.00038641 -0.000135279      140.858            0            0            0
-0 -0  1
3
5
   0.999956   -0.249967 2.94499e-05
   0.008472 0.000863905     388.706     31.0953     31.0977           0
-0 -0  1
1
        1.7   -0.300012 6.64817e-06
 -0.00428048 -0.000669664      109.122            0            0            0
0 0 1
0
        1.7    0.100003 -1.7999e-06
 -0.00425834 -0.000176586      132.469            0            0            0
-0 -0  1
4
0
    1.69999    0.100002 1.24677e-06
-0.000653883  0.000551594       200.51            0            0            0
-0 -0  1
1
    1.69999   -0.299999 6.65117e-07
0.000206262 0.000553362     199.294           0           0           0
0 0 1
4
   0.999994   0.0500011 3.16951e-06
 -0.00078065 -0.000832886        115.7      3.04115     -9.25603            0
-0 -0  1
5
   0.999994   -0.249999 2.46368e-06
-9.31723e-05 -0.000839903      114.794      3.04121      -9.1835            0
-0 -0  1
