4
0
    0.699984     0.100015 -5.36576e-08
0.000670656 -0.00101999     197.868           0           0           0
0 0 1
1
    0.699995    -0.299988 -4.54467e-06
7.71211e-05 -0.00100949     196.931           0           0           0
-0 -0  1
4
-1.16295e-05 -9.20368e-06  4.82732e-06
-4.51133e-05  0.000984798      117.982      2.33797     -9.43837            0
0 0 1
5
-5.55721e-06    -0.200009  5.16095e-06
-0.000681834   0.00104507      117.516      2.33799     -9.40113            0
-0 -0  1
3
0
   0.699991    0.100001 1.45596e-05
-0.0395874  0.0380362    166.458          0          0          0
0 0 1
1
   0.699993   -0.300034 2.12948e-05
0.0271961 0.0379214   159.622         0         0         0
-0 -0  1
5
-2.61923e-06    -0.200012  2.77289e-05
 0.0122878 -0.0768367    304.218    17.0981    24.3387          0
-0 -0  1
4
0
   0.699989    0.100001 1.43781e-05
 -1.3736e-05 -0.000769511      118.983            0            0            0
0 0 1
1
   0.699989   -0.300036 2.13653e-05
-0.000172183  0.000527766      193.256            0            0            0
-0 -0  1
5
-9.83809e-06    -0.200014  3.41568e-05
0.000472251  0.00299169     181.054    -14.4834    -10.4498           0
-0 -0  1
4
   0.200012   0.0500303 1.16019e-05
-0.000217549  -0.00254531      137.005     -10.9603     -10.4629            0
-0 -0  1
3
0
   0.700001   0.0999853 3.07904e-05
 0.00370752 -0.00647205     275.198           0           0           0
0 0 1
5
-8.87737e-06    -0.200016  5.13478e-05
-0.00846291   0.0392693     301.124    -24.0877    -24.0922           0
-0 -0  1
4
   0.200011   0.0500332 2.59718e-05
0.00451323  -0.033737    53.9772   -4.31812   -4.31824          0
-0 -0  1
4
0
   0.700017    0.099973 4.33649e-05
-0.000287391  0.000186913      154.864            0            0            0
0 0 1
5
-9.11796e-06    -0.200018  6.80157e-05
 0.000451645 -0.000833512      163.369       4.2143        13.07            0
-0 -0  1
4
   0.200016   0.0500542 3.82566e-05
-0.000294957 -0.000456924       161.66      4.21423      12.9329            0
-0 -0  1
1
    0.89997   -0.300045 1.37136e-05
-0.000175094  0.000573495      150.406            0            0            0
-0 -0  1
3
0
   0.700015   0.0999729 5.20118e-05
-0.000313055    0.0101934      71.7796            0            0            0
0 0 1
4
   0.200031   0.0500687 6.45348e-05
-0.000495916  -0.00290002      248.521      -19.882      19.8813            0
-0 -0  1
1
   0.899971   -0.300048 2.10587e-05
0.00105241 -0.0075571    309.998          0          0          0
-0 -0  1
4
0
   0.700013   0.0999755 5.36384e-05
-0.000691084  -0.00368597      221.073            0            0            0
0 0 1
4
   0.200032   0.0500691 6.77319e-05
-0.00899483 0.000197388      68.974     5.51776    -5.51808           0
-0 -0  1
1
   0.899969   -0.300047 2.15578e-05
 0.00047787 -0.00788759     280.751           0           0           0
-0 -0  1
5
   0.200001   -0.250001 1.96215e-07
0.00925008   0.011396    59.4994    4.75998   -4.75992          0
0 0 1
3
0
   0.700017   0.0999772 5.98193e-05
 0.0126597 -0.0418323    297.258          0          0          0
0 0 1
4
  0.200017  0.0500393 7.0563e-05
-0.00481377   0.0407764     23.7117    -1.89701    -1.89686           0
-0 -0  1
5
   0.200002   -0.249991 4.93976e-06
 -0.0078052 0.000517828     309.328     -24.746    -24.7465           0
0 0 1
4
0
   0.700019   0.0999779 6.07801e-05
0.000163645 0.000121638     155.081           0           0           0
0 0 1
4
   0.200011   0.0500318 7.01685e-05
  0.00032613 -0.000258538      161.712     -2.72492      12.9371            0
-0 -0  1
5
   0.200002   -0.249991 5.20849e-06
-0.000274262  -0.00043487      162.526     -2.72492      12.9819            0
0 0 1
1
    1.09999   -0.300007 -1.3136e-06
-0.000318412   0.00027647      150.979            0            0            0
0 0 1
3
4
   0.200009   0.0500194 7.45936e-05
-0.00259642  -0.0123128     235.562     18.8441    -18.8459           0
-0 -0  1
5
   0.200002       -0.25 1.05102e-05
0.00134983  0.0158586    132.639    10.6111   -10.6111          0
0 0 1
1
   1.09998  -0.300038 7.0503e-06
 0.00118673 -0.00395419     262.097           0           0           0
0 0 1
4
4
   0.20001  0.0500196 7.5369e-05
-0.00250271 6.81807e-05     137.373   -0.705886    -10.9898           0
-0 -0  1
5
   0.200003   -0.250003 1.06962e-05
0.000523284 0.000571504     137.584   -0.707645    -11.0067           0
0 0 1
1
    1.09998   -0.300041 8.12465e-06
 0.000634055 -0.000419818      183.272            0            0            0
0 0 1
0
   0.899999    0.100005 1.59031e-06
0.00137961 -0.0002301    172.069          0          0          0
0 0 1
3
4
   0.200008    0.050014 7.73842e-05
-0.0854467  -0.508295    325.519   -26.0401    26.0429          0
-0 -0  1
1
    1.09998    -0.30004 1.21602e-05
0.240203 0.353445  219.657        0        0        0
0 0 1
0
        0.9     0.10001 7.47443e-06
-0.154887  0.154365   85.1218         0         0         0
0 0 1
4
4
   0.200008   0.0500143 7.73894e-05
-0.0141465 -0.0128075    60.6284    4.85001   -4.85054          0
-0 -0  1
1
    1.09998   -0.300035 1.30879e-05
0.000591586 -0.00230086      238.29           0           0           0
0 0 1
0
   0.899986    0.100002 1.43893e-05
 0.00705349 0.000760878     290.206           0           0           0
0 0 1
5
         0.4        -0.25 -4.15223e-09
0.00649103  0.0143655    41.1735    3.29387   -3.29388          0
-0 -0  1
3
4
  0.200008  0.0500142 7.8009e-05
-0.0316484 -0.0554039    100.719   -8.05794   -8.05707          0
-0 -0  1
0
   0.899986    0.100002 1.50686e-05
-0.037184   0.10662   151.813         0         0         0
0 0 1
5
    0.400001        -0.25 -1.65065e-06
 0.0687765 -0.0514129    377.766   -30.2213   -30.2212          0
-0 -0  1
4
4
   0.200016   0.0500161 8.66472e-05
-0.00614283  -0.0197401      156.51    -5.48377   -0.483143           0
-0 -0  1
0
   0.899986    0.100034 3.35527e-05
-0.00812803  0.00810911     156.574           0           0           0
0 0 1
5
   0.400003   -0.250001 9.89181e-06
0.00595563 -0.0121211    158.252   -5.48377  -0.483143          0
-0 -0  1
1
    1.29997   -0.300003 1.56586e-06
0.00796985  0.0240142    158.961          0          0          0
-0 -0  1
3
4
   0.200021   0.0500204 9.22299e-05
0.0241061  0.124129   260.174  -20.8128   20.8151         0
-0 -0  1
0
   0.899979    0.100051 4.22101e-05
 0.0270494 -0.0200001    147.384          0          0          0
0 0 1
1
    1.29998   -0.299996 1.49487e-05
-0.0515285  -0.103705    222.739          0          0          0
-0 -0  1
4
4
   0.200022   0.0500207 9.32809e-05
1.08333e-05 4.21761e-06     157.743    0.206487    0.250132           0
-0 -0  1
0
   0.899979    0.100053 4.44429e-05
-1.24746e-06  1.24108e-05      157.578            0            0            0
0 0 1
1
    1.29998   -0.299997 1.55774e-05
-9.54856e-06  1.72903e-05      157.396            0            0            0
-0 -0  1
5
   0.599998       -0.25 1.32198e-06
-1.29792e-05  2.21252e-05      157.581     0.206487     0.250132            0
0 0 1
3
4
   0.200022   0.0500209 9.40819e-05
-0.00535202  -0.0249151     247.253      19.779    -19.7815           0
-0 -0  1
1
   1.29998  -0.299997 1.6076e-05
-0.000908579  -0.00338971      229.106            0            0            0
-0 -0  1
5
   0.599996   -0.249999 2.41409e-06
0.00629289  0.0284619    153.938    12.3153   -12.3147          0
0 0 1
4
4
   0.200022   0.0500202 9.58989e-05
0.000859837   0.0014515     162.905    -6.52784     10.5172           0
-0 -0  1
1
    1.29999   -0.299993 2.75531e-05
-0.000431822 -0.000794935      153.622            0            0            0
-0 -0  1
5
   0.599991   -0.249983 9.69383e-06
-0.000537803  0.000234154      160.657     -6.52784      10.5172            0
0 0 1
0
    1.10001    0.100017 1.06627e-05
 4.52202e-05 -0.000577882      153.114            0            0            0
0 0 1
3
4
    0.20002   0.0500157 9.94361e-05
0.00422899 0.00658228    252.875   -20.2289     20.231          0
-0 -0  1
1
    1.29999   -0.300008 3.08042e-05
0.00589804 0.00728251    306.985          0          0          0
-0 -0  1
0
        1.1    0.100013 8.27898e-06
-0.0104042 -0.0141875    70.4382          0          0          0
0 0 1
4
4
   0.200012   0.0500094 0.000112518
-0.00012014 0.000300367     156.411    -9.55375    0.414644           0
-0 -0  1
1
        1.3   -0.300057 5.16328e-05
-8.22315e-05 -8.28693e-05      159.299            0            0            0
-0 -0  1
0
    1.10001    0.100007 2.04367e-05
 -0.00016734 -0.000416989       155.56            0            0            0
0 0 1
5
    0.79999   -0.250003 2.79124e-06
-0.000111513 -0.000639694      159.028     -9.55375     0.414644            0
0 0 1
3
1
       1.3  -0.300074 5.6237e-05
 0.0106737 -0.0151286      6.549          0          0          0
-0 -0  1
0
    1.10001    0.100004 2.25544e-05
-0.00831648  0.00398047      346.28           0           0           0
0 0 1
5
   0.799986   -0.250001 4.54931e-06
-0.00251205   0.0111765     277.469      22.198      22.197           0
0 0 1
4
1
        1.3   -0.300077 5.66612e-05
-0.00343715  0.00156287     148.921           0           0           0
-0 -0  1
0
    1.10001    0.100004 2.28499e-05
-0.0126186  0.0116299    322.349          0          0          0
0 0 1
5
  0.799985      -0.25 5.3909e-06
 0.0197688 0.00611053    64.1183    5.12945   -5.12947          0
0 0 1
4
    0.400001     0.050002 -8.05155e-08
-0.0036659  -0.019181    94.9093    7.59251   -7.59297          0
-0 -0  1
3
1
        1.3   -0.300074 7.03893e-05
-0.0364688 -0.0259531    320.519          0          0          0
-0 -0  1
5
    0.79999   -0.250007 1.95116e-05
0.0507894 0.0459566   46.8172   3.74539  -3.74536         0
0 0 1
4
   0.400006   0.0500013 1.12064e-05
-0.0145297 -0.0193276    262.962    21.0365   -21.0375          0
-0 -0  1
4
1
       1.3   -0.30006 9.1579e-05
-0.000106262  0.000565371      158.891            0            0            0
-0 -0  1
5
   0.800009    -0.25003 5.01726e-05
-0.000165843  0.000119318      159.072     -8.74309      1.23587            0
0 0 1
4
   0.400019   0.0500149 3.71476e-05
-0.000232368 -6.17861e-05      156.943     -8.74309      1.23587            0
-0 -0  1
0
    1.29997    0.100047 3.32764e-05
-0.000245562  5.56218e-05      155.393            0            0            0
-0 -0  1
3
1
        1.3   -0.300049 0.000109186
  0.0130962 -0.00399474     104.462           0           0           0
-0 -0  1
5
   0.800025   -0.250049 7.36457e-05
-0.0042739 0.00422242    386.048    30.8838    30.8839          0
0 0 1
0
    1.29995    0.100085 6.03708e-05
-0.00950373 0.000312027     139.789           0           0           0
-0 -0  1
4
1
    1.29997   -0.300047 0.000102084
-0.00983033 -0.00282037     199.119           0           0           0
-0 -0  1
5
   0.799991   -0.250042 8.66584e-05
-0.00347558 -0.00167286     99.8211     7.98519    -7.98618           0
0 0 1
0
    1.29993    0.100086 5.46541e-05
-0.000267837   0.00304182      248.566            0            0            0
-0 -0  1
4
   0.599973   0.0500113 2.01509e-05
  0.012547 0.00141977    82.7908    6.62286   -6.62367          0
-0 -0  1
3
5
   0.799991   -0.250042 8.66586e-05
-0.001872 0.0219077   333.807  -26.7053  -15.3267         0
0 0 1
0
    1.29993    0.100085 5.45574e-05
-0.00196321 -0.00581912     120.361           0           0           0
-0 -0  1
4
  0.599973  0.0500113 2.0151e-05
0.00380747 -0.0161742    176.129    -14.091   -14.0897          0
-0 -0  1
4
5
   0.799994   -0.250026 8.49886e-05
-2.35387e-12 -4.46858e-13  3.43545e-13 -5.38153e-13 -1.68478e-12            0
0 0 1
0
    1.29993    0.100088 5.66691e-05
-0.0186322 -0.0269473    414.951          0          0          0
-0 -0  1
4
   0.599977   0.0500301 2.22086e-05
0.0174155 0.0078586   104.704   8.37571  -8.37688         0
-0 -0  1
1
    1.49999   -0.300008 8.51873e-06
0.0013641 0.0196741   110.643         0         0         0
-0 -0  1
3
0
    1.29993      0.1001 6.04581e-05
0.00108564  0.0089731    145.028          0          0          0
-0 -0  1
4
   0.599977   0.0500291 2.35564e-05
 0.00231437 -0.00244512     232.863    -18.6277     18.6304           0
-0 -0  1
1
    1.49999   -0.300005 1.11119e-05
-0.00341759 -0.00652208     252.407           0           0           0
-0 -0  1
4
0
    1.29993    0.100106 6.31596e-05
0.000626104      0.0058      108.22           0           0           0
-0 -0  1
4
   0.599952   0.0499942 2.99146e-05
  0.00244833 -4.21591e-05      166.753     -13.3392      13.3412            0
-0 -0  1
1
    1.49999    -0.30001 1.40577e-05
-0.00169499 -0.00191857     161.659           0           0           0
-0 -0  1
5
   0.999993   -0.249999 7.99635e-07
-0.00182162 -0.00437152     193.666    -15.4934     15.4932           0
-0 -0  1
3
4
  0.599931  0.0499647 3.5541e-05
-0.000172411 -0.000299497      210.556    -0.632259      1.36903            0
-0 -0  1
1
    1.49999   -0.300013 1.65361e-05
-6.45493e-05  3.27952e-05      209.545            0            0            0
-0 -0  1
5
   0.999988   -0.249998 1.58243e-06
-0.000104154 -0.000167931      210.197    -0.632259      1.36903            0
-0 -0  1
4
4
   0.599931    0.049963 3.73307e-05
0.000363438 0.000225628     164.891    -10.3662      13.192           0
-0 -0  1
1
        1.5    -0.30001 1.98752e-05
4.00627e-05 8.43439e-05     153.954           0           0           0
-0 -0  1
5
   0.999989   -0.249991 4.56677e-06
 -0.00019307 -0.000107153      161.645      -10.366      12.9314            0
-0 -0  1
0
        1.5    0.100006 5.19178e-06
-0.000213231 -6.78651e-05      149.808            0            0            0
-0 -0  1
3
4
   0.599906   0.0499267 6.78132e-05
0.000740765  0.00897353     1.29042   -0.103242   -0.103225           0
-0 -0  1
5
   0.999963   -0.250006 2.82733e-05
  0.0100574 -0.00963901     384.997    -30.7997    -30.7999           0
-0 -0  1
0
    1.49997    0.100028 5.93409e-06
  -0.0116126 -1.80924e-06      244.009            0            0            0
-0 -0  1
4
4
   0.599906   0.0499265 6.86353e-05
  0.0125373 -0.00634789     95.7803     7.66177    -7.66307           0
-0 -0  1
5
   0.999963   -0.250007 2.89071e-05
-0.00501385  0.00201109     6.55256    0.524206   -0.524204           0
-0 -0  1
0
    1.49997    0.100028 5.99395e-06
0.00198777 0.00315475    388.472          0          0          0
-0 -0  1
1
         1.7    -0.299994 -2.53747e-07
-0.00947773  0.00131001     139.492           0           0           0
0 0 1
3
5
  0.999963  -0.250006 3.1706e-05
-6.00659  24.0619  381.489  30.5193  30.5189        0
-0 -0  1
0
  1.49997  0.100026 1.113e-05
 15.0371 -6.01482  197.295        0        0        0
-0 -0  1
1
        1.7   -0.299996 4.86424e-06
-9.03057 -18.0475   51.513        0        0        0
0 0 1
4
5
   0.999987   -0.250007 3.18302e-05
0.00196511 0.00473578     226.66   -18.1326     18.133          0
-0 -0  1
0
    1.49999     0.10002 2.34601e-05
  0.00142682 -0.000589832      73.0557            0            0            0
-0 -0  1
1
    1.70002   -0.300005 2.50758e-05
-0.000338271  -0.00102932      182.768            0            0            0
0 0 1
4
  0.800028  0.0499844 1.1745e-06
-0.00219402 -0.00350825     147.815    -11.8251     11.8253           0
-0 -0  1
3
5
   0.999978   -0.250002 3.54279e-05
-6.04018e-05 -0.000101492      209.654      9.56718      2.10897            0
-0 -0  1
1
    1.70002   -0.300008 3.58728e-05
-7.46363e-05 -0.000318159      207.699            0            0            0
0 0 1
4
   0.800014   0.0499829 7.45939e-06
-2.83641e-05  0.000226761      212.945      9.56718      2.10897            0
-0 -0  1
4
5
   0.999985   -0.250003 3.57044e-05
0.000700457  0.00040713     172.306    -5.84305     13.7844           0
-0 -0  1
1
    1.70003    -0.30001 4.31604e-05
 0.000609471 -0.000431561      140.675            0            0            0
0 0 1
4
   0.800022   0.0499825 5.72542e-06
-0.000682961  0.000584238      178.977     -5.84375      14.3182            0
-0 -0  1
0
    1.70001   0.0999985 7.00153e-06
-0.000376891  -0.00064282      138.339            0            0            0
-0 -0  1
3
5
   0.999996   -0.249998 5.14914e-05
-0.0175072   0.103501      376.2    30.0963    30.0958          0
-0 -0  1
1
    1.70004   -0.300003 6.98791e-05
-0.0288285 -0.0617027    31.4534          0          0          0
0 0 1
0
    1.70001    0.100012 2.75051e-05
 0.0464876 -0.0414431    222.645          0          0          0
-0 -0  1
4
0
    1.69999    0.100002 1.24677e-06
-0.000173281   0.00042531       200.51            0            0            0
-0 -0  1
1
    1.69999   -0.299999 6.65117e-07
0.000379834 0.000427079     199.293           0           0           0
0 0 1
4
   0.999994   0.0500011 3.16951e-06
-0.000338426 -0.000421871      115.701       3.0413     -9.25605            0
-0 -0  1
5
   0.999994   -0.249999 2.46368e-06
 0.000118781 -0.000428888      114.794      3.04136     -9.18353            0
-0 -0  1
