4
0
    0.699984     0.100015 -5.36576e-08
0.000670656 -0.00101999     197.868           0           0           0
0 0 1
1
    0.699995    -0.299988 -4.54467e-06
7.71211e-05 -0.00100949     196.931           0           0           0
-0 -0  1
4
-1.16295e-05 -9.20368e-06  4.82732e-06
-4.51133e-05  0.000984798      117.982      2.33797     -9.43837            0
0 0 1
5
-5.55721e-06    -0.200009  5.16095e-06
-0.000681834   0.00104507      117.516      2.33799     -9.40113            0
-0 -0  1
3
0
   0.699984    0.100014 7.30598e-07
 1.89113 -4.41773  204.473        0        0        0
0 0 1
4
-1.51584e-05 -1.62668e-05  4.24672e-06
 2.21702e-09  2.21756e-09 -5.19371e-09 -4.77827e-09  -4.7792e-09            0
0 0 1
5
-5.54439e-06    -0.200009  5.89574e-06
-1.88963  4.41499  425.825 -34.0637 -34.0683        0
-0 -0  1
4
0
   0.699978    0.100014 1.50819e-05
-0.000230597 -6.43804e-05      149.224            0            0            0
0 0 1
4
1.09124e-05 1.82693e-06 1.82264e-05
-0.000198127  2.37375e-05      166.534     -5.59447      13.3223            0
0 0 1
5
-2.8796e-05   -0.199986 3.42735e-05
0.000239292  0.00010384     167.647    -5.59404     13.4111           0
-0 -0  1
1
   0.899989   -0.300032 1.84075e-05
-0.000230588 -8.37478e-05      146.894            0            0            0
-0 -0  1
3
4
3.26187e-05 1.62825e-05 3.00699e-05
0.000134966 0.000429242     209.928       15.11    -8.96866           0
0 0 1
5
-4.80644e-05    -0.199967  5.80092e-05
-0.000302366  7.15379e-06      206.905        15.11     -8.96866            0
-0 -0  1
1
   0.899981   -0.300058 3.35924e-05
-0.000176849 -0.000464392      213.465            0            0            0
-0 -0  1
4
4
2.82121e-05 2.37092e-05 7.50442e-05
-6.16489e-05 -0.000121351       161.28      3.72477      7.40749            0
0 0 1
5
-4.65702e-05    -0.199968  8.04873e-05
 9.28386e-05 -0.000141668      160.536      3.72477      7.40749            0
-0 -0  1
1
   0.899985    -0.30004 4.65872e-05
-0.000101149  0.000498398      153.496            0            0            0
-0 -0  1
0
   0.899983    0.100075 2.81744e-05
-0.000465952  0.000566979      154.987            0            0            0
0 0 1
3
4
2.89912e-05 2.46891e-05 7.81172e-05
-0.0646339  -0.613309     301.15    -7.5766    24.0922          0
0 0 1
1
   0.899987   -0.300035 4.79969e-05
0.237527  0.30679  166.089        0        0        0
-0 -0  1
0
   0.899987    0.100093 3.57385e-05
-0.172976  0.306697   163.058         0         0         0
0 0 1
4
4
2.50104e-05 2.14052e-05 8.17311e-05
 7.83042e-05 -0.000455131      160.304       11.381      2.89768            0
0 0 1
1
   0.899989    -0.30003 5.03531e-05
2.96304e-05 2.87053e-05     154.281           0           0           0
-0 -0  1
0
   0.899991    0.100105 4.15548e-05
-5.22065e-05  0.000128838      158.835            0            0            0
0 0 1
5
        0.2   -0.249999 6.03459e-06
-0.000105835  0.000434529      156.879       11.381      2.89768            0
0 0 1
3
1
   0.899991   -0.300027 5.22339e-05
  0.0089396 5.16461e-05     50.4147           0           0           0
-0 -0  1
0
   0.899994    0.100116 4.62148e-05
-0.00546619  0.00301367      247.32           0           0           0
0 0 1
5
  0.199999  -0.249999 1.0728e-05
-0.00355891 -0.00287842     332.563     26.6045     26.6055           0
0 0 1
4
1
   0.899989    -0.30003 5.33958e-05
 0.000195096 -0.000202876      151.691            0            0            0
-0 -0  1
0
   0.899993    0.100115 4.68778e-05
 -0.00036634 -3.31194e-06      163.942            0            0            0
0 0 1
5
   0.199997    -0.24998 9.11363e-06
0.000301011 2.78914e-05      152.77     12.2219    -2.75179           0
0 0 1
4
   0.200001   0.0500007 1.59579e-06
-0.000117864   0.00039937      161.896      12.9516     -2.74944            0
-0 -0  1
3
1
   0.899987   -0.300034 5.44458e-05
 0.00232043 9.59519e-05     179.532           0           0           0
-0 -0  1
0
   0.899993    0.100114 4.74022e-05
0.00159963 1.4935e-05    174.928          0          0          0
0 0 1
4
   0.200002   0.0500013 2.94098e-06
-0.00393196 3.64293e-05     275.838    -11.5041     22.0673           0
-0 -0  1
4
1
   0.899988   -0.300033 5.55005e-05
4.52429e-05 -9.8394e-05     156.355           0           0           0
-0 -0  1
0
  0.899995   0.100117 4.9241e-05
 -0.00023791 -2.32932e-05      161.155            0            0            0
0 0 1
4
        0.2   0.0500006 4.33708e-06
-2.26858e-05 -2.29893e-05        157.8      11.9971     -3.93453            0
-0 -0  1
5
   0.400001   -0.250001 1.40417e-06
0.000219604 0.000166031     154.988     11.9971    -3.93453           0
-0 -0  1
3
0
  0.900044   0.100204 0.00011138
 -0.00607695 -0.000134153      271.472            0            0            0
0 0 1
4
 0.199957 0.0499815 5.064e-05
 0.00607453 0.000401853     159.887     -11.449    -12.7902           0
-0 -0  1
5
   0.400065   -0.250054 7.06682e-05
0.000638617 0.000108237     198.941    -11.4675    -15.9158           0
-0 -0  1
4
0
   0.900039    0.100208 0.000115594
-0.00036359  0.00141499     151.413           0           0           0
0 0 1
4
  0.199947    0.04996 5.9108e-05
-4.09121e-05 -0.000700376       153.23     -12.2585     -1.44923            0
-0 -0  1
5
   0.400064   -0.250058 9.37091e-05
-5.65345e-05  0.000374458      162.241     -12.9792     -1.44726            0
-0 -0  1
1
    1.09999   -0.300031 8.36176e-06
 0.0001319 -0.0015527    163.414          0          0          0
0 0 1
3
0
   0.900036    0.100212 0.000118981
 0.00544597 0.000674482     183.731           0           0           0
0 0 1
5
   0.400063   -0.250062 0.000112624
 0.00789122 -0.00491457     311.896     8.04946     24.9523           0
-0 -0  1
1
    1.09998   -0.300056 1.50333e-05
-0.0136452 0.00387844    134.671          0          0          0
0 0 1
4
0
   0.900038    0.100203 0.000121764
 0.00049276 0.000148947     154.159           0           0           0
0 0 1
5
   0.400064   -0.250066 0.000129563
0.000556761 0.000227426     161.786    -6.06971     11.0034           0
-0 -0  1
1
    1.09997   -0.300096 2.61283e-05
-0.000584485 -0.000443985      154.388            0            0            0
0 0 1
4
   0.400003   0.0500022 1.35316e-05
-0.000701286 -0.000476848      159.965     -6.06971      11.0034            0
-0 -0  1
3
5
  0.400065  -0.250069 0.00014363
-0.000693628  -0.00100587      207.218       14.811     -7.06025            0
-0 -0  1
1
    1.09996   -0.300129 3.51949e-05
 1.50984e-05 -0.000194685      211.418            0            0            0
0 0 1
4
   0.400005   0.0500043 2.48541e-05
0.000485739 0.000753384     211.662      14.811    -7.06025           0
-0 -0  1
4
5
   0.400076   -0.250077 0.000147954
 0.000952809 -0.000194327      160.973      1.89622      10.5262            0
-0 -0  1
1
    1.09995   -0.300135 3.73523e-05
-0.000212632 -1.68487e-06      153.511            0            0            0
0 0 1
4
   0.400009   0.0500068 2.90945e-05
-0.000291009  3.10584e-05      161.543      1.89622      10.5262            0
-0 -0  1
0
        1.1    0.100001 1.46352e-06
-0.000580639  6.63672e-05       154.27            0            0            0
0 0 1
3
5
   0.400086   -0.250085 0.000151686
-0.00956417   0.0162088     232.303    -18.5825    -18.5861           0
-0 -0  1
4
   0.400013   0.0500091 3.27634e-05
0.00251588 -0.0126451    165.932   -13.2746   -13.2746          0
-0 -0  1
0
    1.09999    0.100003 2.71102e-06
 0.00696663 -0.00368621     232.062           0           0           0
0 0 1
4
5
   0.400086   -0.250085 0.000152255
 0.0121167 -0.0305063    160.135   -1.46607     5.8523          0
-0 -0  1
4
   0.400013   0.0500091 3.35315e-05
-0.0115843  -0.030686    159.695   -1.46607     5.8523          0
-0 -0  1
0
    1.09999    0.100004 3.16343e-06
-0.0155947  0.0229321    155.526          0          0          0
0 0 1
1
        1.3   -0.300001 1.98729e-07
0.0150536 0.0382611   154.942         0         0         0
-0 -0  1
3
5
   0.400086   -0.250085 0.000152727
-0.103459   0.31427   166.934    13.356  -13.3534         0
-0 -0  1
4
   0.400013   0.0500091 3.41747e-05
0.244418 0.339968  236.114   18.889 -18.8892        0
-0 -0  1
1
        1.3   -0.300001 3.63905e-07
-0.140947 -0.654197    227.25         0         0         0
-0 -0  1
4
5
   0.400088   -0.250086 0.000154053
  0.00054329 -0.000960028      158.545      6.48216      4.31965            0
-0 -0  1
4
   0.400013   0.0500095 3.70253e-05
-0.000157885 -0.000201484      160.491      6.48216      4.31965            0
-0 -0  1
1
        1.3   -0.299999 1.00375e-06
-8.52857e-05  0.000618786      154.334            0            0            0
-0 -0  1
0
        1.3    0.100005 1.52624e-06
-0.000343824  0.000615399      156.927            0            0            0
-0 -0  1
3
4
  0.400013  0.0500098 3.9399e-05
-0.00585829  -0.0530658     301.564    -24.1249     24.1254           0
-0 -0  1
1
        1.3   -0.299997 1.53368e-06
0.0211609 0.0265002    181.95         0         0         0
-0 -0  1
0
        1.3    0.100009 2.77169e-06
-0.0153626  0.0266088    146.784          0          0          0
-0 -0  1
4
4
   0.400013   0.0500098 4.00768e-05
 0.000154346 -0.000182442      161.329      3.72046      6.39403            0
-0 -0  1
1
        1.3   -0.299997 2.04863e-06
-3.05733e-05  0.000108779      154.273            0            0            0
-0 -0  1
0
       1.3    0.10001 3.6405e-06
-8.69477e-05  0.000102856      155.761            0            0            0
-0 -0  1
5
        0.6       -0.25 2.94557e-07
-5.01074e-05 -1.16023e-06      158.935      3.72046      6.39403            0
0 0 1
3
4
   0.400013   0.0500098 4.06405e-05
-0.00417981  0.00589304     156.931    -12.5552    -12.5538           0
-0 -0  1
0
        1.3    0.100011 4.31213e-06
 0.00193245 -0.00398382     246.838           0           0           0
-0 -0  1
5
        0.6       -0.25 5.38473e-07
 0.00226076 -0.00191276     226.528    -18.1205    -18.1241           0
0 0 1
4
4
   0.400012   0.0500087 4.13221e-05
-0.000690401  -0.00287849      159.352     -1.33564      3.59551            0
-0 -0  1
0
        1.3    0.100011 4.46579e-06
-0.00108676  0.00182104     156.049           0           0           0
-0 -0  1
5
   0.600001   -0.250001 2.07205e-06
0.000751475 -0.00187567     159.033    -1.33564     3.59551           0
0 0 1
1
        1.5   -0.300003 1.83993e-07
0.00100852 0.00287063    155.864          0          0          0
-0 -0  1
3
0
        1.3    0.100011 4.58595e-06
-0.0897805   0.059819    203.637          0          0          0
-0 -0  1
5
  0.600003  -0.250003 3.3289e-06
0.0372471 -0.191847    322.32   25.7831   25.7882         0
0 0 1
1
        1.5   -0.300006 3.45693e-07
0.0524865  0.132002    104.34         0         0         0
-0 -0  1
4
0
        1.3    0.100011 4.55453e-06
4.62069e-05 0.000906573     66.4357           0           0           0
-0 -0  1
5
   0.600003   -0.250003 3.32895e-06
  0.00127585 -0.000207516      232.219     -18.5793      18.5757            0
0 0 1
1
        1.5   -0.300006 3.44642e-07
-0.000576725 -0.000862652      204.951            0            0            0
-0 -0  1
4
        0.6        0.05 1.56103e-10
-0.000748889  0.000105343      126.692     -10.1353      10.1354            0
-0 -0  1
3
0
    1.29998    0.100053 2.78546e-05
0.00156856 0.00408283    63.1291          0          0          0
-0 -0  1
1
        1.5   -0.299991 1.49951e-05
-0.00122423 -0.00274005     231.941           0           0           0
-0 -0  1
4
   0.599996   0.0500028 2.11179e-05
  -0.000822 -0.00105223     335.228    -26.8179     26.8186           0
-0 -0  1
4
0
    1.29998    0.100045 2.77848e-05
7.72443e-05 0.000472193     136.512           0           0           0
-0 -0  1
1
       1.5  -0.300017 1.9126e-05
-0.000183343 -0.000477881      174.389            0            0            0
-0 -0  1
4
   0.599992   0.0499887 2.18856e-05
 0.00017751 0.000625094      145.51    -11.6409    -3.11837           0
-0 -0  1
5
        0.8   -0.250001 5.41831e-06
-8.51897e-05  -0.00124528      173.887      -13.911     -3.11725            0
0 0 1
3
0
    1.29998    0.100048 3.06086e-05
-0.00667125  0.00720395     238.873           0           0           0
-0 -0  1
4
   0.599992   0.0499877 2.49189e-05
-0.000591801   0.00135389      4.91417    -0.393146    -0.393122            0
-0 -0  1
5
   0.800001   -0.250004 9.67073e-06
 0.00734816 -0.00876927     386.511    -30.9218    -30.9199           0
0 0 1
4
0
   1.30001   0.100038 4.4959e-05
0.000999292  0.00137374     126.279           0           0           0
-0 -0  1
4
   0.600013   0.0499867 1.81019e-05
 0.000276035 -0.000258198      154.699     -12.3751      12.3767            0
-0 -0  1
5
   0.800018   -0.250003 1.61905e-05
-0.000481813 -0.000671641      184.893     -14.7904      14.7924            0
0 0 1
1
    1.70001   -0.300057 2.63728e-05
-3.51475e-06  -0.00140104      164.428            0            0            0
0 0 1
3
4
   0.600033   0.0499859 1.14268e-05
0.000421679 -1.4426e-05      209.48      1.3993    -2.12839           0
-0 -0  1
5
   0.800034   -0.250003 2.15793e-05
 0.000229794 -0.000142155      209.486       1.3993     -2.12839            0
0 0 1
1
    1.70002   -0.300107 5.16257e-05
 0.000137404 -0.000695039      211.332            0            0            0
0 0 1
4
4
   0.600037   0.0499854 1.03625e-05
 0.000185082 -0.000118463      154.284     -12.3417      12.3437            0
-0 -0  1
5
   0.800037   -0.250003 2.13372e-05
-0.00148654   0.0007067      196.22    -15.6962     15.6989           0
0 0 1
1
    1.70004   -0.300118 7.52848e-05
0.000437751  0.00385527     169.072           0           0           0
0 0 1
0
   1.50002   0.100012 1.5586e-05
 0.00104959 -0.00454437     110.723           0           0           0
-0 -0  1
3
5
   0.800047   -0.250015 5.01903e-05
-0.00828223  0.00309527     366.076     8.75105     29.2852           0
0 0 1
1
    1.70004   -0.300086 0.000108307
 0.00896226 -0.00154207     103.344           0           0           0
0 0 1
0
    1.49998    0.100079 6.56028e-05
 -0.00121193 -0.000488701      160.879            0            0            0
-0 -0  1
4
5
   0.800052   -0.250015 4.99794e-05
  0.0007323 -0.00217619     147.075     11.7667     7.92969           0
0 0 1
1
    1.70004   -0.300086 0.000111521
 0.00242683 -0.00233131     125.218           0           0           0
0 0 1
0
    1.49998    0.100078 6.88581e-05
-0.00135329  0.00108752     175.012           0           0           0
-0 -0  1
4
    0.800018    0.0500127 -4.35971e-06
-0.0014927 0.00343881    182.991    14.6393    7.91965          0
-0 -0  1
3
5
   0.800028   -0.250049 6.11932e-05
 3.05749e-06 -0.000769031      206.138      16.2544     -8.68958            0
0 0 1
1
    1.70004   -0.300089 0.000112363
-0.00034608 0.000117002     213.145           0           0           0
0 0 1
4
    0.800018    0.0500129 -1.21851e-06
-2.73126e-05  0.000245417      211.015      16.2544     -8.68958            0
-0 -0  1
4
5
   0.800021   -0.250074 6.92681e-05
-4.91588e-05  6.01282e-05      158.414     -6.74197    -0.381531            0
0 0 1
1
    1.70004    -0.30011 0.000119346
-6.99279e-05  0.000367839      159.095            0            0            0
0 0 1
4
   0.800024   0.0500142 6.31549e-06
-1.51672e-05 -0.000364297      156.391     -6.74197    -0.381531            0
-0 -0  1
0
        1.7   0.0999983 8.16449e-07
-1.14079e-05 -0.000431281      156.397            0            0            0
-0 -0  1
3
1
    1.70004   -0.300127 0.000125216
-0.00411391     0.01503     256.786           0           0           0
0 0 1
4
    0.80003   0.0500153 1.24439e-05
0.00103718  0.0223518    287.672   -23.0143    23.0132          0
-0 -0  1
0
    1.69999   0.0999969 1.63641e-06
0.00294165 -0.0377662    85.8398          0          0          0
-0 -0  1
4
1
    1.70004   -0.300127 0.000125364
 0.000374959 -0.000290367      155.271            0            0            0
0 0 1
4
    0.80003   0.0500153 1.24617e-05
-4.4342e-05 0.000269227     160.349      1.0324     5.24045           0
-0 -0  1
0
    1.69999   0.0999973 1.94177e-06
-7.48676e-05  -0.00016292      155.685            0            0            0
-0 -0  1
5
         1      -0.25 5.6025e-09
-0.000257301  0.000183651      158.992       1.0324      5.24045            0
-0 -0  1
3
1
    1.70004   -0.300128 0.000125502
  0.019399 -0.0342023    78.8264          0          0          0
0 0 1
0
    1.69999   0.0999975 2.21713e-06
-0.00592677  0.00631121     210.325           0           0           0
-0 -0  1
5
         1      -0.25 1.2796e-08
-0.0135209  0.0279462    341.146    27.2923    27.2911          0
-0 -0  1
4
0
    1.69999    0.100002 1.24677e-06
-0.000149654  0.000475548       200.51            0            0            0
-0 -0  1
1
    1.69999   -0.299999 6.65117e-07
0.000403153 0.000477316     199.293           0           0           0
0 0 1
4
   0.999994   0.0500011 3.16951e-06
-0.000314838 -0.000371093      115.701      3.04128     -9.25605            0
-0 -0  1
5
   0.999994   -0.249999 2.46368e-06
0.000142137 -0.00037811     114.794     3.04135    -9.18352           0
-0 -0  1
