4
0
    0.699984     0.100015 -5.36576e-08
0.000670656 -0.00101999     197.868           0           0           0
0 0 1
1
    0.699995    -0.299988 -4.54467e-06
7.71211e-05 -0.00100949     196.931           0           0           0
-0 -0  1
4
-1.16295e-05 -9.20368e-06  4.82732e-06
-4.51133e-05  0.000984798      117.982      2.33797     -9.43837            0
0 0 1
5
-5.55721e-06    -0.200009  5.16095e-06
-0.000681834   0.00104507      117.516      2.33799     -9.40113            0
-0 -0  1
3
0
   0.699981     0.10001 9.36377e-07
-0.0411975  0.0408557    146.306          0          0          0
0 0 1
1
    0.699993    -0.299988 -3.94431e-06
0.0278573 0.0408477    147.14         0         0         0
-0 -0  1
5
-5.3165e-06    -0.20001 6.56134e-06
 0.013263 -0.081978   336.851  -2.07561   26.9479         0
-0 -0  1
4
0
   0.699979    0.100012 3.82187e-06
-2.34366e-05  1.29911e-05      157.026            0            0            0
0 0 1
1
   0.699992   -0.299997 1.72228e-06
-0.000190314  2.82595e-05      154.116            0            0            0
-0 -0  1
5
-1.39921e-05    -0.199976   2.5371e-05
-1.15077e-06  0.000124832      159.307       7.2745      6.37598            0
-0 -0  1
4
   0.200005   0.0500039 3.11351e-06
-4.7142e-05 0.000209993      159.85      7.2745     6.37598           0
-0 -0  1
3
0
   0.699978    0.100013 6.23091e-06
-0.00137142  0.00188512     133.468           0           0           0
0 0 1
1
   0.699991   -0.300004 6.51854e-06
0.00262856 0.00189304    144.294          0          0          0
-0 -0  1
4
   0.200009   0.0500072 5.74221e-06
-0.00154422 -0.00344888     352.535    -27.0738     28.2027           0
-0 -0  1
4
0
   0.699977    0.100015 7.32989e-06
-2.13173e-05  5.20859e-05      154.197            0            0            0
0 0 1
1
   0.699991   -0.300004 6.98194e-06
6.00158e-05 5.10006e-05     155.448           0           0           0
-0 -0  1
4
   0.200009   0.0500069 7.38106e-06
-1.01074e-05 -5.41969e-05      159.857     -3.12764      11.0086            0
-0 -0  1
5
   0.200002   -0.250005 8.88269e-07
-1.77115e-05 -7.45053e-05      160.796     -3.12764      11.0086            0
0 0 1
3
0
   0.699976    0.100016 8.33013e-06
0.000786523  -0.0015017     195.212           0           0           0
0 0 1
4
   0.200008   0.0500066 8.87886e-06
-0.000116472   0.00144084      180.891     -14.4712     -14.4714            0
-0 -0  1
5
  0.200005  -0.250009 1.6987e-06
-0.000643726 -2.51495e-06      254.195     -20.3353     -20.3359            0
0 0 1
4
0
  0.699976   0.100018 1.0248e-05
-2.88304e-05  6.93609e-05      155.096            0            0            0
0 0 1
4
   0.200008   0.0500066 1.10509e-05
-7.46327e-06 -6.97713e-05      159.735     -3.45924      8.93338            0
-0 -0  1
5
   0.200004   -0.250009 3.61047e-06
 1.12245e-05 -9.55103e-05      160.773     -3.45924      8.93338            0
0 0 1
1
  0.899997  -0.300002 1.0716e-06
2.73368e-06 9.43908e-05     154.693           0           0           0
-0 -0  1
3
4
   0.200008   0.0500067 1.28501e-05
 1.52169e-05 -8.87729e-05      214.625      17.1701     -10.1918            0
-0 -0  1
5
  0.200004  -0.250009 5.1463e-06
-1.6929e-05 0.000156795     205.583     16.4468    -10.1919           0
0 0 1
1
   0.899995   -0.300004 1.95209e-06
-1.39961e-05 -6.49008e-05       210.09            0            0            0
-0 -0  1
4
4
   0.200008   0.0500067 1.38914e-05
-8.70316e-06 -0.000133362      160.477     -2.77844      9.48333            0
-0 -0  1
5
   0.200004   -0.250009 5.88097e-06
 6.13992e-05 -0.000155621       161.31     -2.77844      9.48333            0
0 0 1
1
   0.899996   -0.300002 2.76364e-06
5.61763e-05  0.00017652     154.811           0           0           0
-0 -0  1
0
   0.900001    0.100006 2.52989e-06
-0.000140791  0.000175873        153.7            0            0            0
0 0 1
3
4
   0.200008   0.0500067 1.47765e-05
-0.000782649   0.00781951      125.692     -10.0553     -10.0555            0
-0 -0  1
5
   0.200004   -0.250009 6.48255e-06
-0.00392368  0.00493342     268.752    -21.4997    -21.5007           0
0 0 1
0
   0.900001    0.100012 4.63094e-06
0.00472807 -0.0127811    235.853          0          0          0
0 0 1
4
4
  0.200008  0.0500067 1.4904e-05
-0.00122439 -0.00339573     160.095    -1.29286     6.78644           0
-0 -0  1
5
   0.200004   -0.250009 6.64355e-06
 0.00127531 -0.00340644     160.483    -1.29286     6.78644           0
0 0 1
0
   0.900001    0.100013 5.54428e-06
-0.0017139 0.00255526     155.28          0          0          0
0 0 1
1
        1.1        -0.3 3.08998e-07
0.00165819 0.00425223     154.44          0          0          0
0 0 1
3
4
   0.200008   0.0500067 1.50079e-05
-0.0401914  -0.216713    321.209   -25.6969    25.6965          0
-0 -0  1
0
   0.900002    0.100014 6.34014e-06
-0.0615336  0.0684145    92.3246          0          0          0
0 0 1
1
        1.1        -0.3 5.90166e-07
0.101683 0.148231  216.764        0        0        0
0 0 1
4
4
   0.200008   0.0500067 1.50174e-05
 7.69571e-06 -0.000212141      161.296     -9.30038      11.3708            0
-0 -0  1
0
   0.900002    0.100014 6.34475e-06
-0.000124278  0.000174157      152.872            0            0            0
0 0 1
1
        1.1        -0.3 5.87619e-07
7.71024e-05  0.00025403     154.318           0           0           0
0 0 1
5
        0.4       -0.25 6.62591e-09
  3.7142e-05 -0.000218334      161.812     -9.30038      11.3708            0
-0 -0  1
3
0
   0.900002    0.100014 6.34784e-06
-0.00692748  0.00366859     174.307           0           0           0
0 0 1
1
        1.1        -0.3 5.89638e-07
0.00408134  0.0102278    101.019          0          0          0
0 0 1
5
        0.4       -0.25 1.08942e-08
 0.0027902 -0.0138938    354.971    19.6234     28.399          0
-0 -0  1
4
0
   0.900002    0.100013 6.46615e-06
-1.27085e-05   8.3785e-05      154.477            0            0            0
0 0 1
1
        1.1   -0.300001 9.46259e-07
5.19409e-05 0.000128278     153.595           0           0           0
0 0 1
5
        0.4   -0.249998 1.60593e-07
 2.64557e-05 -0.000101678      161.666     -3.69196      11.7938            0
-0 -0  1
4
       0.4       0.05 4.1578e-07
-6.78432e-05 -0.000100736      160.559     -3.69196      11.7938            0
-0 -0  1
3
0
   0.900002    0.100013 6.54958e-06
0.00431503 -0.0171819    263.274          0          0          0
0 0 1
5
   0.399999   -0.249996 2.77882e-07
-0.0119836 0.00318304    285.848   -22.8661   -22.8696          0
-0 -0  1
4
       0.4  0.0499999 7.5532e-07
0.00777931  0.0138872     81.176   -6.49416   -6.49401          0
-0 -0  1
4
0
        0.9    0.100028 1.48796e-05
 3.32323e-05 -5.25613e-05      155.019            0            0            0
0 0 1
5
   0.399996   -0.250004 4.72871e-06
 0.000108386 -0.000380866      162.632      -2.8043      13.0104            0
-0 -0  1
4
    0.400015    0.0499774 -2.67227e-06
-0.000168723 -0.000400886      161.796     -2.80433      12.9438            0
-0 -0  1
1
     1.29999    -0.300006 -5.04861e-06
8.64687e-06 0.000130558      150.85           0           0           0
-0 -0  1
3
5
        0.4   -0.249992 8.93321e-06
-0.00015752 -0.00163343     196.946      15.757    -15.7544           0
-0 -0  1
4
   0.400004   0.0499689 1.96334e-06
 -0.00028946 -0.000400127      220.171      17.6136     -17.6138            0
-0 -0  1
1
     1.29998    -0.300035 -2.57936e-06
0.000244673  0.00183953      213.18           0           0           0
-0 -0  1
4
5
   0.399999   -0.249992 8.88567e-06
-9.62915e-06  1.27174e-05      157.937     -7.08452     -1.74865            0
-0 -0  1
4
   0.400002   0.0499672 3.82444e-06
-2.14718e-05 -2.31388e-05      155.812     -7.08452     -1.74865            0
-0 -0  1
1
     1.29998    -0.300036 -2.76838e-06
1.42021e-05 -7.7602e-06     159.866           0           0           0
-0 -0  1
0
         1.1     0.100001 -2.28591e-07
-1.78361e-05 -3.56261e-06      156.682            0            0            0
0 0 1
3
4
  0.400008  0.0499742 1.3684e-05
0.00144141 0.00267304    272.624   -21.8097    21.8101          0
-0 -0  1
1
    1.29997   -0.300039 3.37609e-06
-0.00185894 -0.00180285     183.003           0           0           0
-0 -0  1
0
   1.09999   0.100015 5.1386e-06
-2.85048e-05 -0.000851112      174.671            0            0            0
0 0 1
4
4
   0.399986    0.049953 2.87988e-05
 -0.00024355 -0.000237281      156.138    -0.619287     -2.98545            0
-0 -0  1
1
     1.29997    -0.300039 -2.07104e-06
-1.15495e-05  0.000103191      159.042            0            0            0
-0 -0  1
0
    1.09997    0.100019 1.24784e-06
-0.000181302  2.53393e-05      158.197            0            0            0
0 0 1
5
   0.599991   -0.250009 4.57346e-06
-5.13761e-05 -0.000172371      156.921    -0.619287     -2.98545            0
0 0 1
3
4
   0.399968    0.049936 4.07768e-05
-0.00158723  -0.0162952     257.315     20.5849    -20.5855           0
-0 -0  1
1
     1.29996    -0.300039 -6.51807e-06
0.00116877  0.0117001    268.087          0          0          0
-0 -0  1
5
   0.599983   -0.250017 8.44506e-06
0.000105833  0.00449248     104.895     8.39168    -8.39152           0
0 0 1
4
4
   0.399968    0.049936 4.25617e-05
-4.47809e-05 -7.86533e-06      157.321    -0.189425    -0.449159            0
-0 -0  1
1
     1.29996    -0.300036 -4.93883e-06
 9.0469e-06 6.66951e-05     157.792           0           0           0
-0 -0  1
5
   0.599983   -0.250018 9.74958e-06
-2.19437e-06  4.48924e-06      157.468    -0.189425    -0.449159            0
0 0 1
0
        1.3     0.10001 4.69943e-06
-3.24237e-05  6.85246e-05      157.716            0            0            0
-0 -0  1
3
1
     1.29996    -0.300033 -3.61291e-06
-0.00642118 -0.00329383     98.9277           0           0           0
-0 -0  1
5
   0.599982   -0.250018 1.08039e-05
0.00045275  0.0100996    322.084    25.7664     25.767          0
0 0 1
0
        1.3    0.100017 8.55581e-06
 0.00586934 -0.00665193     209.286           0           0           0
-0 -0  1
4
1
     1.29995    -0.300027 -6.05385e-06
-2.47724e-05  0.000143991      158.404            0            0            0
-0 -0  1
5
   0.599974   -0.250019 2.01414e-05
-5.05648e-05 -3.78264e-05      158.062     -3.76236    -0.219955            0
0 0 1
0
    1.29999    0.100032 6.97687e-06
-0.000187881  0.000193031      156.899            0            0            0
-0 -0  1
4
   0.599984   0.0499902 5.36855e-06
-0.000167483 -9.34033e-05      156.933     -3.76236    -0.219955            0
-0 -0  1
3
5
   0.599974   -0.250018 2.01639e-05
0.580535 -0.61921  283.772 -22.7006  -22.703        0
0 0 1
0
    1.29999    0.100032 6.97118e-06
-0.360312   1.24632   193.501         0         0         0
-0 -0  1
4
   0.599984   0.0499902 5.37775e-06
-0.220122 -0.627175   153.024  -12.2415  -12.2423         0
-0 -0  1
4
5
    0.59998   -0.249999 3.20356e-05
-0.000420944   0.00185884      161.648     -2.15895      9.37501            0
0 0 1
0
    1.29998    0.100056 1.52246e-05
 0.00106206 -0.00145816      154.33           0           0           0
-0 -0  1
4
   0.599993   0.0499562 5.88966e-06
0.000739742  0.00180234     161.001    -2.15895     9.37501           0
-0 -0  1
1
        1.5   -0.299991 8.03182e-07
-0.000948047   -0.0024267      153.319            0            0            0
-0 -0  1
3
0
    1.29998    0.100076 2.20272e-05
 0.0297509 -0.0281111    82.6106          0          0          0
-0 -0  1
4
   0.599997   0.0499258 6.87112e-06
0.0269119  0.106013   329.411  -26.3541   26.3516         0
-0 -0  1
1
    1.49999   -0.299984 1.54407e-06
-0.0563854 -0.0781217    218.276          0          0          0
-0 -0  1
4
0
    1.29997    0.100092 4.37113e-05
-0.000574767  0.000462236      126.296            0            0            0
-0 -0  1
4
    0.59998   0.0498912 1.92325e-05
 0.00168952 -0.00177603      146.99    -11.7596     7.77979           0
-0 -0  1
1
    1.49999   -0.300035 3.24585e-05
-0.000889106   -0.0010507      174.506            0            0            0
-0 -0  1
5
   0.799995   -0.250009 5.05308e-05
-0.000621188   0.00157783      182.507     -14.6006      7.77421            0
0 0 1
3
4
   0.599964   0.0498585 2.91185e-05
 0.000141461 -0.000561178      204.807      1.50222     -15.3202            0
-0 -0  1
1
    1.49998   -0.300079 5.86264e-05
5.08656e-05 0.000324177      218.07           0           0           0
-0 -0  1
5
   0.799991   -0.250017 9.37586e-05
-0.000539077 -0.000451661      207.421      1.50222     -15.3202            0
0 0 1
4
4
   0.599945   0.0498302 3.37811e-05
  0.0010355 -0.00295639     147.063     -11.765    0.224369           0
-0 -0  1
1
    1.49998   -0.300111 6.55364e-05
-7.52867e-05   0.00233537      172.846            0            0            0
-0 -0  1
5
   0.799984   -0.250023 0.000107455
4.74666e-05  0.00373756     174.655    -13.9724    0.220487           0
0 0 1
0
         1.5    0.0999906 -1.93683e-06
-0.00153625 -0.00392299     135.735           0           0           0
-0 -0  1
3
1
    1.49998   -0.300114 6.71681e-05
-0.0141724 -0.0213384    89.0914          0          0          0
-0 -0  1
5
   0.799968   -0.249985 0.000122008
0.00950231  0.0225751    331.593    26.5256    26.5293          0
0 0 1
0
     1.49999    0.0999897 -1.09445e-06
 0.00436236 -0.00077681     209.613           0           0           0
-0 -0  1
4
1
    1.49998    -0.30012 6.92523e-05
 -4.7997e-05 -3.68167e-06      157.638            0            0            0
-0 -0  1
5
   0.799968   -0.249954 0.000129926
-8.65936e-05  4.32162e-05      157.154      1.02064    -0.764665            0
0 0 1
0
     1.49999    0.0999893 -5.81908e-07
6.76041e-05 6.75914e-05     158.046           0           0           0
-0 -0  1
4
        0.8   0.0499999 7.87343e-07
5.87857e-05 0.000175015      157.46     1.02064   -0.764665           0
-0 -0  1
3
5
   0.799968   -0.249926 0.000137083
-0.0115138  0.0190175    260.536   -20.8412   -20.8446          0
0 0 1
0
     1.49999     0.099989 -1.01813e-07
0.00371594  0.0228844    277.888          0          0          0
-0 -0  1
4
        0.8   0.0499999 1.50675e-06
0.00786315 -0.0417542    91.8738   -7.34991   -7.34989          0
-0 -0  1
4
5
    0.79997   -0.249929 0.000155326
7.82286e-05 0.000474569     159.161    -3.68453     2.58398           0
0 0 1
0
        1.5    0.100009 2.30506e-05
-5.41355e-05 -0.000431762      156.062            0            0            0
-0 -0  1
4
   0.799999   0.0499935 2.80311e-05
-7.11999e-05  5.52804e-06      158.056     -3.68453      2.58398            0
-0 -0  1
1
    1.69997   -0.300061 2.82693e-05
-0.000280088 -0.000532215       157.02            0            0            0
0 0 1
3
5
   0.799972   -0.249932 0.000169548
-0.00527584  -0.0232508     171.145     13.6927    -13.6905           0
0 0 1
4
   0.799999    0.049989 4.89186e-05
-0.000658927   0.00269204      223.598       17.888     -17.8876            0
-0 -0  1
1
    1.69994   -0.300108 4.99356e-05
0.00568634  0.0202045    235.556          0          0          0
0 0 1
4
5
   0.799972   -0.249931 0.000170522
-0.00112717  0.00498198     159.924    -2.75572     4.30313           0
0 0 1
4
   0.799998   0.0499884 4.93716e-05
0.00148522 0.00464785    159.097   -2.75572    4.30313          0
-0 -0  1
1
    1.69994    -0.30011 5.08885e-05
-0.00216626 -0.00475106      156.19           0           0           0
0 0 1
0
       1.7        0.1 9.6022e-08
 0.00179573 -0.00489161     155.087           0           0           0
-0 -0  1
3
4
   0.799998    0.049988 4.97144e-05
0.0540446  0.309555   301.789  -24.1434   24.1428         0
-0 -0  1
1
    1.69994   -0.300112 5.16324e-05
-0.124028  -0.14611   231.789         0         0         0
0 0 1
0
        1.7         0.1 1.61451e-07
0.0699451 -0.163512   96.7196         0         0         0
-0 -0  1
4
4
   0.799998   0.0499877 4.99328e-05
 0.0029636 0.00913878    162.204   -2.34113    9.96257          0
-0 -0  1
1
    1.69994   -0.300111 5.20015e-05
-0.00337313 -0.00719819     154.058           0           0           0
0 0 1
0
        1.7    0.100001 6.51156e-07
 0.0033808 -0.0073194    153.121          0          0          0
-0 -0  1
5
          1       -0.25 5.51524e-07
-0.00297574   0.0053914     160.914    -2.34113     9.96257           0
-0 -0  1
3
1
    1.69994   -0.300111 5.22922e-05
-0.153993 -0.265179    86.244         0         0         0
0 0 1
0
        1.7    0.100001 1.03549e-06
 0.268767 -0.252307   187.169         0         0         0
-0 -0  1
5
          1       -0.25 9.68771e-07
-0.114828  0.517539   356.884   28.5507   28.5508         0
-0 -0  1
4
0
    1.69999    0.100002 1.24677e-06
 -0.0001532 0.000419602      200.51           0           0           0
-0 -0  1
1
    1.69999   -0.299999 6.65117e-07
0.000403107  0.00042137     199.293           0           0           0
0 0 1
4
   0.999994   0.0500011 3.16951e-06
-0.000317945 -0.000433164      115.701       3.0413     -9.25605            0
-0 -0  1
5
   0.999994   -0.249999 2.46368e-06
 0.000141654 -0.000440181      114.794      3.04137     -9.18353            0
-0 -0  1
