4
0
    0.699984     0.100015 -5.36576e-08
0.000670656 -0.00101999     197.868           0           0           0
0 0 1
1
    0.699995    -0.299988 -4.54467e-06
7.71211e-05 -0.00100949     196.931           0           0           0
-0 -0  1
4
-1.16295e-05 -9.20368e-06  4.82732e-06
-4.51133e-05  0.000984798      117.982      2.33797     -9.43837            0
0 0 1
5
-5.55721e-06    -0.200009  5.16095e-06
-0.000681834   0.00104507      117.516      2.33799     -9.40113            0
-0 -0  1
3
0
   0.699989    0.100003 9.00319e-06
-0.0139666  0.0173442    116.337          0          0          0
0 0 1
1
   0.699994   -0.300019 1.22042e-05
0.0187583 0.0181298   214.457         0         0         0
-0 -0  1
4
-1.06532e-05 -2.46676e-05  1.16641e-05
-0.00486971  -0.0361626     299.504    -23.9618     23.9588           0
0 0 1
4
0
   0.699987    0.100003 1.04445e-05
 0.00476763 -0.00674144     271.691           0           0           0
0 0 1
1
    0.69999   -0.300027 1.54244e-05
-0.00430932 -0.00793203     176.058           0           0           0
-0 -0  1
4
-7.69278e-06 -2.28272e-05  1.08523e-05
0.00325746 0.00920593    93.3254    7.46649   -7.46557          0
0 0 1
5
   0.200008   -0.250026 1.55863e-05
-0.00365961  0.00518665     89.2232     7.13788    -7.13783           0
0 0 1
3
0
   0.699985    0.100003 1.16359e-05
-0.0063127 0.00695963    329.194          0          0          0
0 0 1
1
   0.699986   -0.300034 1.82286e-05
0.00398488 0.00344077    115.673          0          0          0
-0 -0  1
5
   0.200014   -0.250047 2.96426e-05
0.00233684 -0.0105795    185.431    14.8344    3.12492          0
0 0 1
4
0
   0.699983    0.100012 2.48649e-05
 0.00508046 -0.00375322     356.648           0           0           0
0 0 1
1
    0.69997   -0.300052 3.35509e-05
 -0.0162735 -0.00608996     248.991           0           0           0
-0 -0  1
5
   0.200013   -0.250044 3.56377e-05
-4.89764e-14  1.57159e-13 -7.33649e-13  8.06754e-13  -2.6408e-13            0
0 0 1
4
   0.200002   0.0500217 1.75018e-05
0.0109217 0.0102886   24.6593   1.97274  -1.97275         0
-0 -0  1
3
0
  0.699979   0.100028 3.2434e-05
-0.00017711 -0.00264562     222.465           0           0           0
0 0 1
5
   0.199999   -0.250023 3.87836e-05
-0.00228342  0.00585304      248.17    -19.8532     -19.854           0
0 0 1
4
   0.199999   0.0500211 2.57108e-05
 0.00229197 -0.00280594     159.663     -12.773     -12.773           0
-0 -0  1
4
0
   0.699972    0.100016 3.31657e-05
 4.93928e-05 -9.68432e-05      158.568            0            0            0
0 0 1
5
   0.199998   -0.250003 3.75831e-05
-6.70675e-05  4.85767e-05       156.91      5.50655     0.537263            0
0 0 1
4
   0.199998   0.0500207 3.01541e-05
 3.0801e-05 8.94851e-05     158.562     5.50655    0.537263           0
-0 -0  1
1
   0.900001   -0.300024 8.55892e-06
-9.96437e-05 -2.92555e-05      156.258            0            0            0
-0 -0  1
3
5
   0.199999   -0.250007 4.05699e-05
-0.00317336  0.00165007     57.3223     4.58592    -4.58565           0
0 0 1
4
   0.199987   0.0500528 3.59738e-05
 0.00601616 -0.00667329     322.951     25.8369    -25.8352           0
-0 -0  1
1
   0.899998    -0.30003 1.23342e-05
-0.00280238  0.00536844     250.025           0           0           0
-0 -0  1
4
5
   0.199994   -0.249963 4.68067e-05
-0.000204825   0.00026228      154.157      6.62843     -6.92308            0
0 0 1
4
   0.199992   0.0500667 4.95096e-05
-3.58893e-05  0.000244365      156.146      6.62843     -6.92308            0
-0 -0  1
1
   0.899992   -0.300055 2.66861e-05
-9.68577e-05 -4.21528e-05      158.671            0            0            0
-0 -0  1
0
   0.899995    0.100011 1.22846e-05
0.000253059 5.33044e-05     161.323           0           0           0
0 0 1
3
5
   0.199989   -0.249962 4.75056e-05
-0.00159943 0.000775086     183.653    -13.2093    -14.6925           0
0 0 1
4
   0.199989   0.0500673 5.06251e-05
 -0.00168596 -0.000402497      179.715     -13.2128     -14.3779            0
-0 -0  1
0
    0.89999    0.100011 1.10515e-05
  0.00313542 -0.000431929      266.929            0            0            0
0 0 1
4
5
   0.199987    -0.24995 4.75303e-05
-0.000287028   0.00015208      147.702      11.8162       -3.906            0
0 0 1
4
   0.199988   0.0500694 5.60788e-05
0.000661048   -0.000849     169.038     13.5232    -3.90785           0
-0 -0  1
0
   0.899987    0.100018 1.38769e-05
 0.00060031 0.000411208     170.703           0           0           0
0 0 1
1
        1.1   -0.300004 1.07752e-06
  -0.001101 0.000451656     142.854           0           0           0
0 0 1
3
4
   0.199988   0.0500711 6.04573e-05
 0.00409577 -0.00414804     279.492    -11.4696      22.359           0
-0 -0  1
0
   0.899985    0.100023 1.61165e-05
-0.00239945   0.0016372     185.336           0           0           0
0 0 1
1
    1.09999   -0.300006 1.93663e-06
-0.00181861   0.0026318      165.47           0           0           0
0 0 1
4
4
   0.199986    0.050071 6.23641e-05
 0.00180389 -0.00581232     184.265     14.7414    -8.16908           0
-0 -0  1
0
   0.899982    0.100023 1.58851e-05
 0.00110088 -0.00018188     186.253           0           0           0
0 0 1
1
    1.09999   -0.300008 2.40421e-06
-0.00180488 0.000511268     122.573           0           0           0
0 0 1
5
    0.400003        -0.25 -1.13913e-07
-0.00108665   0.0055101     137.206     10.9766    -8.16586           0
-0 -0  1
3
4
   0.199981   0.0500757 8.07485e-05
-0.00683269  0.00234333     141.986    -11.3588    -11.3591           0
-0 -0  1
0
   0.899979    0.100056 3.21538e-05
0.00276316 -0.0037213    294.086          0          0          0
0 0 1
5
   0.399999   -0.249994 1.05863e-05
 0.0035903 0.00207274    194.226   -12.1509   -15.5382          0
-0 -0  1
4
4
   0.199981   0.0500756 8.08622e-05
-5.88462e-05 -0.000247244      157.734      10.4476     -2.81547            0
-0 -0  1
0
   0.899979    0.100037 3.36008e-05
 0.000102907 -0.000155452      160.227            0            0            0
0 0 1
5
   0.399998   -0.249992 1.01864e-05
-3.21758e-05  0.000376288      155.162      10.4476     -2.81547            0
-0 -0  1
1
        1.3   -0.300006 3.33637e-06
-4.16101e-05 -6.89747e-05      157.174            0            0            0
-0 -0  1
3
4
   0.199981   0.0500754 8.09484e-05
  0.00264534 -0.000921328      247.135     -18.3718      19.7705            0
-0 -0  1
0
   0.899979    0.100022 3.47139e-05
-0.000806209  0.000333858       200.13            0            0            0
0 0 1
1
        1.3    -0.30001 5.77568e-06
-0.00186807 0.000508864     183.032           0           0           0
-0 -0  1
4
4
   0.199984   0.0500776 9.02844e-05
-3.29566e-05 -6.13271e-05      157.963    -0.336405     0.797948            0
-0 -0  1
0
    0.89997    0.100048 4.92747e-05
-7.54711e-05  6.20284e-05      157.388            0            0            0
0 0 1
1
        1.3   -0.300004 1.57622e-05
-2.38286e-05  0.000129135      157.203            0            0            0
-0 -0  1
5
   0.600008   -0.250016 8.63188e-06
-3.93125e-05 -1.04171e-05      157.745    -0.336405     0.797948            0
0 0 1
3
4
   0.199986   0.0500794 9.83346e-05
-0.00786606   0.0128312     58.0345     -4.6427    -4.64282           0
-0 -0  1
0
   0.899963    0.100069 6.18594e-05
 0.00177628 -0.00970724     293.614           0           0           0
0 0 1
5
   0.600014    -0.25003 1.59695e-05
 0.00601471 -0.00305982      278.65    -22.2923    -22.2917           0
0 0 1
4
4
   0.199987   0.0500786 9.75209e-05
0.00642562 0.00265604    164.931    13.1947   -13.1942          0
-0 -0  1
0
   0.899964     0.10007 6.22068e-05
  0.0063874 -0.00255216     334.936           0           0           0
0 0 1
5
   0.600016    -0.25003 1.56332e-05
-2.75304e-13  9.23105e-13 -2.46224e-12  2.10359e-12 -2.01484e-12            0
0 0 1
1
        1.5   -0.299998 9.88518e-07
 -0.0127108 9.70624e-05     130.431           0           0           0
-0 -0  1
3
4
   0.199988   0.0500777 9.67709e-05
0.00650719 0.00272961    164.832    13.1868   -13.1863          0
-0 -0  1
0
   0.899965     0.10007 6.24844e-05
 0.00622654 -0.00260739     335.134           0           0           0
0 0 1
1
       1.5  -0.299997 2.0028e-06
 -0.0126309 7.12652e-05     130.331           0           0           0
-0 -0  1
4
4
 0.199986 0.0500834 9.823e-05
 0.00725301 -0.00956113     99.7579     7.98051    -7.98076           0
-0 -0  1
0
   0.899963    0.100068 6.21421e-05
 0.00680974 -0.00142691     412.231           0           0           0
0 0 1
1
        1.5   -0.300003 2.49013e-06
-0.0140059  0.0111783    118.308          0          0          0
-0 -0  1
5
   0.799988   -0.250007 1.32112e-06
 1.12009e-13   1.8217e-13 -2.16756e-12  1.54526e-12 -2.13017e-12            0
0 0 1
3
0
   0.899965     0.10007 6.33191e-05
  0.0082961 -0.00525331     261.739           0           0           0
0 0 1
1
     1.49998         -0.3 -5.07603e-06
-0.0060771  0.0105049    43.4701          0          0          0
-0 -0  1
5
   0.799986   -0.250009 8.71431e-07
-0.00250109 -0.00523193     325.089   0.0646437     26.0071           0
0 0 1
4
0
   0.899958     0.10007 6.24452e-05
-8.12437e-05   0.00534998      130.574            0            0            0
0 0 1
1
     1.49997    -0.300002 -1.04435e-05
-0.000393079  -0.00139789      165.045            0            0            0
-0 -0  1
5
    0.79998    -0.25001 1.67599e-07
 0.00116235 -0.00122588     180.556    -14.4436     14.4453           0
0 0 1
4
   0.399996   0.0500008 2.30118e-06
-0.000832552  -0.00279688      154.122     -12.3295      12.3301            0
-0 -0  1
3
1
     1.49997    -0.300004 -1.81355e-05
-6.80053e-05  0.000564235      204.545            0            0            0
-0 -0  1
5
    0.799973     -0.25001 -8.11092e-07
 3.74317e-05 -0.000112907      210.759      2.51452      8.69803            0
0 0 1
4
   0.399989   0.0500016 5.41526e-06
-0.000179958 -0.000490597      214.993      2.51452      8.69803            0
-0 -0  1
4
1
     1.49997    -0.300004 -1.86359e-05
-0.000514736  9.64434e-05      163.429            0            0            0
-0 -0  1
5
    0.799972     -0.25001 -9.05691e-07
0.00359721 0.00091793    196.813   -15.7443    15.7457          0
0 0 1
4
   0.399989   0.0500016 5.71768e-06
-0.00105846 -0.00207894     160.673    -12.8535     12.8541           0
-0 -0  1
0
         1.1    0.0999999 -1.86752e-07
-0.00207664  0.00102738     109.383           0           0           0
0 0 1
3
5
    0.799967    -0.250005 -9.05614e-07
0.00540935 0.00141691    270.744   -21.6607   -21.6583          0
0 0 1
4
    0.400027    0.0499801 -1.82481e-06
-0.0017162 0.00159613     131.42   -10.5138   -10.5133          0
-0 -0  1
0
    1.10001   0.0999967 3.96412e-06
-0.00290731 -0.00348415     228.134           0           0           0
0 0 1
4
5
    0.799985    -0.250007 -2.61873e-06
0.0194251 0.0073112   48.1812   3.85434  -3.85465         0
0 0 1
4
    0.400043    0.0499747 -1.27657e-05
-0.00702533 0.000591154     166.498     13.3197    -13.3199           0
-0 -0  1
0
    1.10002   0.0999974 8.46898e-06
-0.00830382 -0.00531683     280.573           0           0           0
0 0 1
1
    1.70002   -0.299999 2.06209e-05
-0.00343323 -0.00243205     135.046           0           0           0
0 0 1
3
5
   0.799968   -0.250021 2.16416e-05
0.0686663 0.0234385   6.07986  0.486367 -0.486415         0
0 0 1
4
    0.400068    0.0499891 -1.20701e-06
 -0.0412048 -0.00725617     344.288      27.543    -27.5431           0
-0 -0  1
1
    1.70002   -0.300038 6.56504e-05
-0.0273831 -0.0163824    279.931          0          0          0
0 0 1
4
5
   0.799972   -0.250025 2.06285e-05
 0.00139144 0.000296593     144.878   0.0578548    -11.5903           0
0 0 1
4
    0.400068    0.0499891 -3.00822e-07
 0.000690257 -0.000774078      121.839    0.0553998     -9.74711            0
-0 -0  1
1
    1.70002   -0.300058 7.59725e-05
-0.00300744 0.000359945     193.384           0           0           0
0 0 1
0
        1.3   0.0999987 1.21582e-06
 0.000930217 -3.58101e-05      170.196            0            0            0
-0 -0  1
3
5
    0.79998   -0.250019 2.44791e-05
-0.000423037   0.00449386      340.612      20.9783      27.2477            0
0 0 1
1
    1.70004    -0.30002 8.71239e-05
 0.00988976 -0.00352074     89.0807           0           0           0
0 0 1
0
    1.30001   0.0999998 7.95258e-06
 -0.00923592 -0.000573924      200.605            0            0            0
-0 -0  1
4
5
    0.79998   -0.250019 2.45345e-05
5.53971e-05 6.03606e-05      159.39    -1.75147     5.17477           0
0 0 1
1
    1.70006   -0.299979 9.57601e-05
0.000428543 0.000267441      154.82           0           0           0
0 0 1
0
    1.30001   0.0999998 7.82456e-06
-6.30895e-05  7.68317e-05      156.189            0            0            0
-0 -0  1
4
        0.6   0.0499996 3.51234e-09
-9.89881e-05 -8.96999e-07      159.899     -1.75147      5.17477            0
-0 -0  1
3
5
   0.799979   -0.250019 2.45831e-05
 0.00343726 0.000957904     196.788     15.7421    -15.7439           0
0 0 1
1
   1.70008  -0.299946 0.00010374
 -0.00112021 -0.000359284      207.238            0            0            0
0 0 1
4
        0.6   0.0499992 1.20202e-08
 -0.0020359 -0.00024781     226.272     18.1017    -18.1017           0
-0 -0  1
4
5
   0.799979   -0.250019 2.48738e-05
-4.88767e-05  4.89956e-05      159.778     0.723346      6.60533            0
0 0 1
1
    1.70009   -0.299939 0.000108211
 0.000497598 -8.33098e-05      153.796            0            0            0
0 0 1
4
        0.6   0.0499991 2.32816e-07
-0.000187632  8.28211e-05      161.316     0.723346      6.60533            0
-0 -0  1
0
        1.5    0.100001 4.30397e-07
-0.000182326  1.06634e-05      155.407            0            0            0
-0 -0  1
3
5
  0.799979  -0.250019 2.5073e-05
0.00220908 0.00468977    329.696    26.3771    26.3742          0
0 0 1
1
     1.7001   -0.299934 0.000111925
 0.0127408 -0.0126812    88.0487          0          0          0
0 0 1
0
       1.5   0.100002 8.0942e-07
-0.0149207 0.00807049    212.553          0          0          0
-0 -0  1
4
5
   0.799978   -0.250021 2.83833e-05
-0.00014251 0.000125806     160.993    -2.35828     7.66129           0
0 0 1
1
     1.7001   -0.299934 0.000113926
 0.000493191 -2.71112e-05      154.215            0            0            0
0 0 1
0
        1.5         0.1 1.90837e-06
-0.000207432  -0.00021244      154.805            0            0            0
-0 -0  1
4
   0.800001   0.0500003 2.98873e-06
-0.000218855  6.59092e-05      160.285     -2.35828      7.66129            0
-0 -0  1
3
1
   1.70009  -0.299933 0.00011559
0.00577807  0.0180924    222.716          0          0          0
0 0 1
0
       1.5  0.0999986 2.8489e-06
-0.00372447  -0.0263448     81.9482           0           0           0
-0 -0  1
4
   0.800003   0.0500007 5.44963e-06
-0.00215185  0.00813701     325.633      -26.05     26.0512           0
-0 -0  1
4
1
   1.70009  -0.299933 0.00011605
0.000928773 8.37939e-05     152.868           0           0           0
0 0 1
0
        1.5   0.0999985 2.94346e-06
-0.000190997  -0.00037032      153.243            0            0            0
-0 -0  1
4
   0.800003   0.0500002 5.41076e-06
-0.000201715  0.000239339      162.556     -5.52132      12.9109            0
-0 -0  1
5
           1        -0.25 -5.11701e-10
-0.000527026  3.91661e-05      161.631     -5.52132      12.9109            0
-0 -0  1
3
1
     1.7001   -0.299933 0.000116427
-0.000411965 -8.28095e-05      212.881            0            0            0
0 0 1
4
   0.800003   0.0499999 5.37726e-06
-0.000122891 -0.000208528      210.142       15.638     -9.12287            0
-0 -0  1
5
          1       -0.25 -3.0995e-10
0.000546872 0.000289364     207.275      15.638    -9.12287           0
-0 -0  1
4
1
    1.70009   -0.299938 0.000117297
 0.000859705 -0.000676612      151.899            0            0            0
0 0 1
4
   0.800002   0.0499988 9.74573e-06
-0.000266301    0.0001017      163.855      8.13925      10.1186            0
-0 -0  1
5
   0.999998   -0.250001 1.81447e-06
 -0.0003142 0.000187824     159.389     8.13925     10.1186           0
-0 -0  1
0
         1.7    0.0999997 -5.74732e-07
-0.000376122  0.000282764      155.155            0            0            0
-0 -0  1
3
1
    1.70009   -0.299941 0.000118055
 0.0294823 -0.0373403     28.599          0          0          0
0 0 1
5
   0.999997   -0.250002 3.29871e-06
-0.0121536  0.0107901    358.514    28.6801    28.6821          0
-0 -0  1
0
         1.7    0.0999992 -1.04562e-06
-0.017463 0.0265515   243.185         0         0         0
-0 -0  1
4
0
    1.69999    0.100002 1.24677e-06
-0.000171687  0.000404227       200.51            0            0            0
-0 -0  1
1
    1.69999   -0.299999 6.65117e-07
0.000365654 0.000405996     199.293           0           0           0
0 0 1
4
   0.999994   0.0500011 3.16951e-06
-0.000338804  -0.00041535      115.701       3.0413     -9.25605            0
-0 -0  1
5
   0.999994   -0.249999 2.46368e-06
 0.000106572 -0.000422366      114.794      3.04137     -9.18352            0
-0 -0  1
