4
0
    0.699984     0.100015 -5.36576e-08
0.000670656 -0.00101999     197.868           0           0           0
0 0 1
1
    0.699995    -0.299988 -4.54467e-06
7.71211e-05 -0.00100949     196.931           0           0           0
-0 -0  1
4
-1.16295e-05 -9.20368e-06  4.82732e-06
-4.51133e-05  0.000984798      117.982      2.33797     -9.43837            0
0 0 1
5
-5.55721e-06    -0.200009  5.16095e-06
-0.000681834   0.00104507      117.516      2.33799     -9.40113            0
-0 -0  1
3
0
   0.699983    0.100014 4.97463e-07
-3.42996e-05 -0.000453093      202.462            0            0            0
0 0 1
4
-1.54237e-05   -8.411e-06  7.37291e-06
2.13445e-05 0.000381271      205.73    -16.4573     -14.639           0
0 0 1
5
-9.30751e-06    -0.200009  7.25292e-06
-6.46516e-05  1.71705e-05      222.106     -17.7672      -14.638            0
-0 -0  1
4
0
   0.699987    0.100014 3.51314e-06
-0.000112819  1.07143e-05      154.927            0            0            0
0 0 1
4
-1.46944e-05 -8.07307e-06   1.5682e-05
1.23614e-05 -0.00013997     160.889   -0.588794     8.43348           0
0 0 1
5
-8.43339e-06     -0.20001  1.32116e-05
 3.66276e-05 -0.000141423      161.007    -0.588794      8.43348            0
-0 -0  1
1
   0.899988   -0.300019 2.17273e-06
-3.39169e-05   5.5025e-05      153.475            0            0            0
-0 -0  1
3
4
-1.41107e-05 -7.89043e-06  2.20247e-05
0.00365414 0.00519812    254.818    20.3869    -20.384          0
0 0 1
5
-7.74176e-06    -0.200011  1.78327e-05
-0.000785654    0.0038308      156.104      12.4894     -12.4872            0
-0 -0  1
1
   0.899979   -0.300033 3.98773e-06
-0.00290773 -0.00911182     219.375           0           0           0
-0 -0  1
4
4
-6.82749e-06  4.06862e-07  6.51825e-05
7.27614e-05 0.000105968     163.058     8.65251     10.2631           0
0 0 1
5
-1.17443e-05    -0.199969  3.78323e-05
-0.000129828  0.000342614      161.328      8.65251      10.2631            0
-0 -0  1
1
        0.9   -0.300026 3.56902e-05
-0.00011273 0.000712697     151.225           0           0           0
-0 -0  1
0
   0.899973    0.100092 3.49106e-05
-0.000277019  0.000719433      154.688            0            0            0
0 0 1
3
5
8.66105e-06   -0.199972 3.49521e-05
 -0.00400685 -0.000141176      363.257      17.6369      29.0612            0
-0 -0  1
1
   0.900023   -0.300039 6.27472e-05
  0.00251703 -0.000148913      129.991            0            0            0
-0 -0  1
0
  0.899999    0.10008 5.9049e-05
  0.00248341 -8.36614e-05       137.05            0            0            0
0 0 1
4
5
4.21589e-06   -0.199945 4.86436e-05
-0.00101865  0.00265798      80.851    -6.46818    -6.46797           0
-0 -0  1
1
  0.900024  -0.300034 6.4376e-05
-0.00879561  0.00166724     312.851           0           0           0
-0 -0  1
0
   0.900006    0.100081 6.93852e-05
-0.00287632  0.00330246     182.257           0           0           0
0 0 1
4
   0.200005   0.0500251 1.15823e-05
 0.0128982 -0.0070224    54.3382   -4.34717   -4.34694          0
-0 -0  1
3
1
   0.900019   -0.300043 6.90707e-05
0.00683125  0.0058628    165.817          0          0          0
-0 -0  1
0
   0.899999    0.100093 7.36834e-05
0.00313831 0.00634595     123.89          0          0          0
0 0 1
4
  0.199999  0.0500421 1.8375e-05
-0.0101257 -0.0117918    340.591   -27.2471    27.2475          0
-0 -0  1
4
1
   0.900018   -0.300041 7.00402e-05
0.000600272 0.000335608     151.964           0           0           0
-0 -0  1
0
   0.899995    0.100101 7.60892e-05
0.00018806 0.00031128    153.572          0          0          0
0 0 1
4
  0.199994  0.0500398 2.3381e-05
-0.000467014 -0.000349627       162.98      4.01706      13.0384            0
-0 -0  1
5
   0.200004   -0.250007 2.24935e-06
-0.000388141 -0.000261189      161.782      4.01706      12.9426            0
0 0 1
3
0
   0.899992    0.100144 9.00525e-05
 -0.011143 0.00108313    288.945          0          0          0
0 0 1
4
        0.2   0.0500405 2.85767e-05
  0.0103829 0.000483943      118.64    -9.49116    -9.49128           0
-0 -0  1
5
   0.200011   -0.250009 9.41926e-06
0.000589022 -0.00113244     222.713    -17.8169    -17.8172           0
0 0 1
4
0
   0.900005    0.100181 0.000117458
-3.94539e-05  0.000318005      157.208            0            0            0
0 0 1
4
   0.200008   0.0500221 3.79206e-05
-7.96321e-06 -6.66697e-05      157.173     -2.13532    -0.202375            0
-0 -0  1
5
   0.200023   -0.250015 1.72792e-05
 8.82987e-05 -0.000110741      157.814     -2.13532    -0.202375            0
0 0 1
1
    1.10001   -0.299993 2.27941e-05
0.000102522  0.00017725     158.103           0           0           0
0 0 1
3
0
   0.900015    0.100207 0.000137696
0.0132201 0.0268507   99.9234         0         0         0
0 0 1
4
   0.200014   0.0500077 4.44785e-05
-0.00445242  -0.0114908     301.884    -24.1513     24.1501           0
-0 -0  1
1
    1.10001    -0.29999 4.07214e-05
-0.00865452  -0.0152349     228.491           0           0           0
0 0 1
4
0
  0.900019   0.100225 0.00015174
 0.00077869 0.000563595     154.262           0           0           0
0 0 1
4
   0.200016   0.0500031 5.07924e-05
-0.000189774 -0.000165052       161.34     -4.30474      9.80273            0
-0 -0  1
1
    1.10001   -0.299983 5.10024e-05
-4.06746e-05  0.000213969      154.024            0            0            0
0 0 1
5
   0.400004   -0.249991 4.10767e-06
-0.000521374 -0.000281997      160.671     -4.30474      9.80273            0
-0 -0  1
3
0
   0.900022    0.100237 0.000162135
-0.0145551 -0.0013346    244.259          0          0          0
0 0 1
4
   0.200018   0.0499994 5.53381e-05
0.0137944 0.0153812   104.175   -8.3338  -8.33424         0
-0 -0  1
5
   0.400008   -0.249978 6.84173e-06
0.00087289 -0.0138184    281.863   -22.5493   -22.5488          0
-0 -0  1
4
0
   0.900023    0.100239 0.000163236
-7.83753e-05 -0.000648648      159.033            0            0            0
0 0 1
4
   0.200021   0.0499992 5.43609e-05
 4.1961e-05 6.84735e-05     157.929     6.15268    -1.13642           0
-0 -0  1
5
   0.400014   -0.249973 5.73978e-06
7.69673e-05 0.000354125      156.31     6.15268    -1.13642           0
-0 -0  1
1
        1.3   -0.299999 3.07519e-06
7.66187e-05 0.000309772     157.025           0           0           0
-0 -0  1
3
4
   0.200024   0.0499992 5.35776e-05
0.00149602 -0.0118589    296.289    23.7039   -23.7023          0
-0 -0  1
5
   0.400018    -0.24997 4.84201e-06
-0.000333523     0.034854      89.5025      7.16017     -7.16024            0
-0 -0  1
1
        1.3   -0.299998 5.46682e-06
-0.00101203  -0.0227739     244.506           0           0           0
-0 -0  1
4
4
   0.200023   0.0499994 5.44219e-05
 7.28483e-05 -0.000204144      159.532       7.8582      1.41618            0
-0 -0  1
5
   0.400018    -0.24997 5.13684e-06
-4.86556e-05  0.000148674      156.891       7.8582      1.41618            0
-0 -0  1
1
        1.3   -0.299997 5.08064e-06
-5.73586e-05 -6.01935e-06      155.224            0            0            0
-0 -0  1
0
        1.1    0.100002 2.57537e-08
4.43264e-06 6.81783e-05      158.65           0           0           0
0 0 1
3
4
   0.200023   0.0499996 5.50628e-05
 0.00235333 -0.00188653     267.881    -21.4312     21.4297           0
-0 -0  1
1
      1.3 -0.299997 4.743e-06
0.000133019    0.001663     186.188           0           0           0
-0 -0  1
0
        1.1    0.100003 9.60395e-09
-0.00252504 0.000216112     176.229           0           0           0
0 0 1
4
4
   0.200025   0.0499987 5.93506e-05
 0.000376293 -0.000145578      164.102     0.163275      10.8385            0
-0 -0  1
1
    1.30001   -0.299992 9.97409e-06
-3.17401e-05  0.000262058      152.123            0            0            0
-0 -0  1
0
        1.1    0.100013 6.54308e-06
-0.000214231  0.000189964      154.356            0            0            0
0 0 1
5
   0.599998   -0.249983 1.91288e-06
-0.000137278  9.09225e-06      159.718     0.163275      10.8385            0
0 0 1
3
4
  0.200027  0.0499978 6.2828e-05
-0.00632701  0.00596184     140.078    -11.2058    -11.2067           0
-0 -0  1
0
        1.1    0.100022 1.21367e-05
 0.00266477 -0.00265893     241.718           0           0           0
0 0 1
5
   0.599996    -0.24997 3.60141e-06
 0.00368066 -0.00306486     248.502    -19.8803      -19.88           0
0 0 1
4
4
   0.200029   0.0499972 6.16563e-05
-0.00207648 -0.00704983     183.644     14.6921    -14.6909           0
-0 -0  1
0
        1.1    0.100026 1.61949e-05
  0.00348663 -0.000817523       229.21            0            0            0
0 0 1
5
  0.599998  -0.249969 3.2582e-06
0.000254795   0.0106584     104.241     8.33919    -8.33931           0
0 0 1
1
    1.50001   -0.300001 5.16102e-06
-0.00159959 -0.00270366     113.203           0           0           0
-0 -0  1
3
4
    0.20003   0.0499967 6.07309e-05
 0.000629021 -0.000382017       229.57      18.3649       17.149            0
-0 -0  1
0
        1.1    0.100029 1.91924e-05
0.000171395 0.000320386     214.065           0           0           0
0 0 1
1
    1.50001   -0.300001 8.89222e-06
-0.000758547  9.60692e-05      186.663            0            0            0
-0 -0  1
4
4
   0.200032   0.0499966 6.06771e-05
 0.000326259 -6.60692e-05      164.165    -0.102614      9.43782            0
-0 -0  1
0
      1.1  0.100012 2.374e-05
-2.45791e-05 -2.96923e-05      155.666            0            0            0
0 0 1
1
    1.50001   -0.300008 1.44084e-05
-9.47953e-05 -1.27968e-05      151.932            0            0            0
-0 -0  1
5
   0.799997       -0.25 3.26368e-07
-0.000229931 -4.54846e-05      158.534    -0.102614      9.43782            0
0 0 1
3
4
   0.200034   0.0499965 6.06193e-05
-0.00653373  0.00242083     118.897     -9.5114    -9.51217           0
-0 -0  1
0
   1.10001  0.0999978 2.7598e-05
 0.000912568 -0.000180781      256.917            0            0            0
0 0 1
5
   0.799995   -0.250001 5.98056e-07
 0.00563548 -0.00238125     254.483    -20.3586    -20.3587           0
0 0 1
4
4
   0.200045   0.0500011 7.85085e-05
-0.00498099 -0.00701578     139.966     11.1974    -11.1971           0
-0 -0  1
0
    1.10002   0.0999672 3.59174e-05
0.00434234 0.00270381     240.61          0          0          0
0 0 1
5
   0.799998   -0.250005 2.81359e-05
0.00144192 0.00938784    95.8602    7.66858   -7.66905          0
0 0 1
1
    1.69999   -0.300037 3.85177e-05
-0.00135953 -0.00641237     153.863           0           0           0
0 0 1
3
4
  0.200046  0.0500018 7.9018e-05
-0.000229253  -4.4176e-05      204.734      7.16227     -7.60201            0
-0 -0  1
0
    1.09999   0.0999616 4.04191e-05
7.38625e-05 5.77901e-05     211.934           0           0           0
0 0 1
1
    1.69999   -0.300039 4.17288e-05
-1.36497e-05 -6.79234e-05       213.63            0            0            0
0 0 1
4
4
   0.200046    0.050002 7.91785e-05
-0.0166367  -0.028174    106.575    8.52607   -8.52586          0
-0 -0  1
0
    1.09999   0.0999687 3.88086e-05
   0.0125653 -0.000402938      417.899            0            0            0
0 0 1
1
    1.69998   -0.300038 4.09217e-05
-0.00790494  -0.0328308     91.6821           0           0           0
0 0 1
5
         1  -0.250002 7.2716e-07
0.0120033 0.0616737    14.142   1.13136  -1.13136         0
-0 -0  1
3
0
    1.09998   0.0999654 4.12216e-05
-0.00130152   -0.010127      359.39           0           0           0
0 0 1
1
    1.69998   -0.300039 4.16037e-05
  0.0059212 0.000372026     8.66852           0           0           0
0 0 1
5
          1   -0.250002 7.15524e-07
-0.00470539  0.00979536     262.239     20.9792     20.9791           0
-0 -0  1
4
0
    1.09999   0.0999811 5.68226e-05
-0.0299926 -0.0476672    548.228          0          0          0
0 0 1
1
    1.69999   -0.300023 4.88389e-05
0.0103567 0.0221682   81.6375         0         0         0
0 0 1
5
          1   -0.249994 1.70573e-05
  1.5073e-12  8.56606e-15  -1.2761e-12  1.11668e-12 -2.15507e-12            0
-0 -0  1
4
   0.400005    0.049998 1.15816e-05
 0.0199131  0.0263192   0.432544  0.0346041 -0.0346031          0
-0 -0  1
3
1
    1.69999    -0.30002 6.36025e-05
-0.00764627 -0.00917575     256.823           0           0           0
0 0 1
5
   1.00001      -0.25 3.2113e-05
0.0123563 0.0183585   66.7736    5.3419  -5.34187         0
-0 -0  1
4
   0.400007   0.0499949 2.40627e-05
-0.00450541 -0.00885466     306.701     24.5366    -24.5356           0
-0 -0  1
4
1
    1.69999   -0.300014 7.18952e-05
 0.000219637 -0.000111817      151.571            0            0            0
0 0 1
5
   1.00001  -0.250002 4.4706e-05
-3.72725e-06 -2.87193e-05      157.474      6.00567      8.00446            0
-0 -0  1
4
   0.400013   0.0499907 3.15337e-05
-0.000143532 -1.83471e-05      164.078      6.00567      8.00446            0
-0 -0  1
0
        1.3   0.0999955 1.95136e-05
-0.000245475  0.000156945      157.175            0            0            0
-0 -0  1
3
1
    1.69999   -0.300009 7.86659e-05
  0.0100185 -0.00482742     5.58823           0           0           0
0 0 1
5
    1.00001   -0.250004 5.48169e-05
-0.00212372  0.00427088      402.81     30.1489     32.2252           0
-0 -0  1
0
    1.29999   0.0999917 3.51621e-05
 -0.0081236 0.000556704       221.9           0           0           0
-0 -0  1
4
1
    1.69996   -0.299987 7.24261e-05
 9.86527e-05 -0.000135957      151.742            0            0            0
0 0 1
5
    1.00001    -0.25001 5.68121e-05
-6.11225e-05 -1.49301e-05      159.291    -0.617374      10.8303            0
-0 -0  1
0
        1.3   0.0999734 5.26014e-05
-4.13906e-05 -7.35321e-05      155.826            0            0            0
-0 -0  1
4
   0.599999   0.0499988 1.92007e-06
-0.000599617   2.5855e-05      163.438    -0.617374      10.8303            0
-0 -0  1
3
1
   1.69996  -0.299987 7.2059e-05
0.000135727 2.26107e-06     206.401           0           0           0
0 0 1
5
    1.00001    -0.25001 5.68162e-05
4.55957e-05 1.28014e-05     210.575     1.33162     5.86734           0
-0 -0  1
4
   0.599999   0.0499988 1.92713e-06
-0.000280639  8.03166e-05      213.321      1.33162      5.86734            0
-0 -0  1
4
1
    1.69995   -0.300001 6.72215e-05
0.000807407  0.00178573     151.985           0           0           0
0 0 1
5
         1  -0.250011 5.5384e-05
0.000602745  0.00319557     183.254    -14.6605     14.6602           0
-0 -0  1
4
        0.6   0.0499986 3.97025e-06
-0.000608966 -0.000782786      171.772     -13.7417      13.7419            0
-0 -0  1
0
     1.49998    0.0999957 -5.50564e-06
-0.000974447  -0.00432292      123.287            0            0            0
-0 -0  1
3
1
   1.69995  -0.300011 6.2944e-05
  0.0102588 -0.00771784     44.6171           0           0           0
0 0 1
5
          1   -0.250012 5.39556e-05
0.00730569  0.0103412    436.506      8.687    34.9206          0
-0 -0  1
0
     1.49997    0.0999916 -9.85661e-06
 -0.0177823 -0.00270717     149.174           0           0           0
-0 -0  1
4
1
    1.69995   -0.300019 6.07932e-05
0.000406927  0.00484706     164.234           0           0           0
0 0 1
5
   0.999985   -0.250022 5.15234e-05
0.00208661 0.00834329    213.784    -17.103    17.1025          0
-0 -0  1
0
     1.49997    0.0999956 -1.34573e-05
-0.00185747  -0.0100037     90.3256           0           0           0
-0 -0  1
4
   0.799998   0.0500022 1.76162e-06
-0.000889072  -0.00332883      161.954     -12.9563      12.9563            0
-0 -0  1
3
1
    1.69996   -0.300018 6.41702e-05
-0.0126125  0.0062402    237.194          0          0          0
0 0 1
5
   0.999971   -0.250021 5.99548e-05
 0.0111619 -0.0341819    12.0245   0.962002  -0.961922          0
-0 -0  1
4
  0.800001  0.0499919 2.6911e-06
0.00166233  0.0281901     381.08    30.4867    -30.486          0
-0 -0  1
4
1
    1.69999   -0.300008 7.60894e-05
 0.000522931 -0.000249551      151.673            0            0            0
0 0 1
5
   0.999981    -0.25002 5.91002e-05
 0.000342772 -0.000223991      159.171      9.43283      10.0381            0
-0 -0  1
4
   0.800009   0.0499887 8.98164e-07
-0.000299197   0.00028654      164.008      9.43283      10.0381            0
-0 -0  1
0
    1.70001    0.100009 1.18833e-05
-0.000198552    0.0003561      155.446            0            0            0
-0 -0  1
3
1
    1.69998   -0.299984 7.41123e-05
-0.0021718 -0.0183251    81.6972          0          0          0
0 0 1
5
   0.999971    -0.25002 6.83756e-05
0.00556162 0.00165078    246.583    19.7261    19.7272          0
-0 -0  1
0
        1.7    0.100014 1.01257e-05
-0.00380556    0.016919     302.017           0           0           0
-0 -0  1
4
0
    1.69999    0.100002 1.24677e-06
-0.000107464  0.000398076       200.51            0            0            0
-0 -0  1
1
    1.69999   -0.299999 6.65117e-07
0.000378847 0.000399845     199.293           0           0           0
0 0 1
4
   0.999994   0.0500011 3.16951e-06
-0.000280959 -0.000332198      115.701      3.04129     -9.25605            0
-0 -0  1
5
   0.999994   -0.249999 2.46368e-06
 0.000126144 -0.000339214      114.794      3.04136     -9.18353            0
-0 -0  1
