 0.0817944 -0.0459652   0.562943    3.22873    1.29048    3.13332   0.287751   -1.22788   0.335744  0.0259489  -0.633213  -0.194167  -0.983884   -1.21671   -1.10644     0.4062  -0.865606   0.249889   0.118649  0.0118292   -3.32887    2.05704   -1.67603   -1.81254   0.959125      1.478   0.241725    -3.2857  -0.251944   -1.40935   -1.43088    -1.5163   -1.09998 -0.0285249
 -0.0465092   -0.196552    0.602945     2.92792     1.03322     3.27778     1.23947    -1.29668      1.4885           0   -0.577823   -0.261799    -1.21067    -1.62903    -1.10001     0.03169   -0.538108 -0.00474058     0.44556    0.310365      -3.352     1.98209    -1.24216   -0.301836    0.570941    0.156634    0.241764    -3.20321  -0.0334279       -2.55   -0.684588    -1.62438   -0.848948  -0.0283854
 0.0196063 -0.0673693   0.641923    3.11856    1.50209     3.2651   0.302946   -1.25015   0.334354   0.221838  -0.594377  -0.204693   -1.02271   -1.23019    -1.0607   0.581331  -0.823999   0.195779   0.409044   0.665298     -3.352    1.95219   -1.42822   -1.71408    0.93877    1.42809   0.241724   -3.27017  -0.216098   -1.35181   -1.26908   -1.60525  -0.829998 -0.0285235
   -0.188934   -0.0491094     0.699607      2.86609      1.28188      3.43246     0.919437      -1.5396      1.01218 -2.77278e-14    -0.293174   -0.0546845     -1.43052     -1.36869     -1.40622            0     -0.31585     0.180141     0.152838     0.609984     -3.33716       1.3299       -1.289    -0.943861     0.782231      0.27409     0.241777     -3.12929    -0.632245     -1.10428    -0.148862     -1.38633   0.00169994   -0.0286519
 -0.141805 -0.0768163   0.732534     3.1605    1.61275    3.16411   0.429576   -1.25431   0.442378  0.0320887  -0.277527   -0.17519   -1.05225   -1.34243   -1.05611   0.446709  -0.517843   0.157099   0.100231   0.067786   -3.27264    1.13504   -1.54574   -1.06793   0.662699   0.655268   0.241743   -3.20455          0   -1.46555  -0.525527   -1.72262  -0.399558   -0.23834
 -0.171323   0.072922   0.732894    3.21581    1.58148    3.21177   -0.24026   -1.32275   -0.24764          0  -0.230517 -0.0844393  -0.941625   -1.02382  -0.998207          0  -0.303371   0.261799 -0.0962134  -0.309559   -3.01571   0.395949   -1.54086  -0.349089   0.662535   0.102013   0.241747   -3.07624  -0.637903  -0.995128  -0.260386   -1.67944  0.0687073  -0.591332
-0.178974 -0.142041  0.758996   3.08458   1.68114   3.14727   0.74074  -1.17634  0.749727 0.0897515 -0.271118 -0.215333 -0.645191  -1.90194 -0.696855  0.565938 -0.195278 -0.160311 0.0602167  0.213189  -2.96556  0.832365  -1.51454 -0.266133  0.568504 0.0474493  0.241773  -2.95295 -0.248712  -1.06697 -0.277173  -2.01436 -0.155773 -0.957214
-0.177088 -0.143731     0.761   3.09726   1.70333   3.14082  0.724962  -1.17081  0.729837  0.113758 -0.281722 -0.219914 -0.628164  -1.89855 -0.682315  0.605645 -0.212267 -0.161144 0.0639402  0.195297  -2.94018   0.84995  -1.51951 -0.262815  0.569891 0.0540943  0.241773  -2.91891 -0.258014  -1.07245 -0.283467  -2.01116 -0.175048 -0.957215
  -0.16224  -0.217938   0.768743    3.17665    1.66612    3.20034   0.656347   -1.62719   0.654712   0.203669 -0.0637422 -0.0595498  -0.581237   -1.85969  -0.622848   0.534897  -0.201523  -0.261794   0.120668   0.165347   -2.98634   0.970749   -1.50964   -0.19704   0.568261  0.0694304   0.241773   -2.90743  -0.212632   -1.03778 -0.0455887   -2.10254 -0.0484309   -1.12988
 -0.198022 -0.0622211   0.774246    3.09638    1.63661     3.1678   0.549133   -1.79927   0.567412   0.319486  -0.059593   0.141235  -0.209134   -1.59711  -0.211302          0  0.0914395  0.0133887  0.0519759  0.0248163   -3.04577    0.71148   -1.44109  -0.242366   0.561063  0.0346494   0.241777   -2.96701  -0.363726  -0.983236  -0.170569   -2.16654 -0.0106608   -1.22265
-0.0767089  -0.208084   0.830538    3.03036    2.01734    3.33469   0.188035   -1.29594   0.088467   0.386712  -0.222759  -0.128835   0.232384    -1.3702   0.131171   0.569926  -0.331036  -0.130984  -0.112547  -0.192723   -2.52862    0.78925   -1.48049 -0.0779796   0.618159    0.33682   0.241774   -3.19462  -0.393853   -1.00922  -0.131536   -2.16455  0.0761524   -1.22267
 -0.020223 -0.0257599     0.8408    3.05829    2.14059    3.44971  -0.398603   -1.01984  -0.499059   0.391944   -0.32695  0.0183074  -0.584183    -1.1999  -0.671019   0.833893  -0.573822 -0.0121901 -0.0548467   -0.12727   -2.00531   0.740287  -0.932474  -0.462478   0.567185   0.440025   0.535413   -3.34756  -0.337206   -2.10265  -0.452131   -1.33481    0.49574   0.293246
 0.0197209   0.048464   0.851699    2.96426    2.27753       3.44  -0.299567  -0.891849  -0.419844   0.485692  -0.423561    0.12554  -0.811675     -1.315  -0.911361   0.732441  -0.205255  0.0509498  0.0524398 -0.0962008   -1.82659   0.727297   -0.92747  -0.456469   0.573164   0.473315   0.557529    -3.2878  -0.410168   -2.21472  -0.600354   -1.31624   0.585852   0.407415
-0.0345778 -0.0936496   0.859576    3.02985    2.23255    3.45797  -0.208514   -1.01826  -0.360356   0.424835  -0.311812 -0.0515967  -0.789302   -1.42669  -0.947445   0.624087 -0.0799961  -0.137461  0.0316308  -0.287957    -1.9164    1.01351  -0.871634  -0.357336   0.514651   0.344189   0.566155   -3.16237  -0.250185   -2.33824  -0.571472   -1.25696   0.391281   0.451934
-0.0124998 -0.0298789    0.88517    3.08396    2.45468    3.47547  -0.263542   -0.71872  -0.423382   0.443188  -0.373296  0.0270097  -0.747116   -1.20828  -0.858109   0.855974  -0.238346  -0.039104   0.118319 -0.0347347   -2.34926   0.805313  -0.750609  -0.526124   0.509533   0.295076     0.5672   -3.08502  -0.367375   -2.33758  -0.650998   -1.27798    0.44171   0.457348
  0.0336007   -0.117896    0.875736     3.11798     2.50952     3.55268   -0.183314   -0.653404   -0.438921    0.487305    -0.45232  -0.0869283   -0.727774    -1.19097   -0.917846     1.05758   -0.410533   -0.159183    0.112399 0.000456033    -2.27117     0.87119   -0.791771   -0.544284    0.522134    0.385141    0.567661    -3.11519   -0.171056    -2.44522    -0.90445    -1.43076    0.760812    0.459728
    0.407528   -0.0968841     0.883148  -0.00162774      0.15692  -0.00292443  -0.00648968   0.00966607   0.00195202     0.542779     -0.70941   0.00817249   0.00155724   0.00922317   0.00320325     0.541962    -0.708126  3.98585e-05   0.00581766   -0.0013043   -0.0521013     0.898862     0.717268     -1.80036     0.104449    -0.309487  0.000464595   -0.0829701    -0.892037    -0.702099     -1.79818   -0.0774796    -0.295238 -0.000545319
