4
0
   0.700069    0.400003 2.26456e-05
 49.1115 -35.6032  223.419
-0 -0  1
1
   0.70009  -0.599983 1.9368e-05
 53.278 37.0859 213.826
-0 -0  1
4
   -0.499996 -1.05724e-06 -1.52059e-06
-31.8832  32.0597  92.9953
0 0 1
5
        -0.5    -0.200001 -4.86774e-06
-70.5062 -33.5424   156.46
0 0 1
3
1
   0.70009  -0.599983 1.9368e-05
 33.0623 -15.9276   314.01
-0 -0  1
4
   -0.499996 -1.05724e-06 -1.52059e-06
-29.4511  4.80434   307.69
0 0 1
5
        -0.5    -0.200001 -4.86774e-06
-3.61124  11.1233       65
0 0 1
4
1
   0.70009  -0.599983 1.9368e-05
 53.8181 -23.8669  152.379
-0 -0  1
4
   -0.499996 -1.05724e-06 -1.52059e-06
61.0201 40.6862  203.18
0 0 1
5
        -0.5    -0.200001 -4.86774e-06
117.088 32.1478 259.431
0 0 1
0
  1 0.2 0.7
-231.926 -48.9671  71.7101
-1  0  0
3
4
   -0.499996 -1.05724e-06 -1.52059e-06
       32.5 0.000200072          65
0 0 1
5
        -0.5    -0.200001 -4.86774e-06
246.861 70.1628 514.289
0 0 1
0
  1 0.2 0.7
-279.361  -70.163  107.411
-1  0  0
4
4
   -0.499996 -1.05724e-06 -1.52059e-06
 162.227 0.441459  324.743
0 0 1
5
        -0.5    -0.200001 -4.86774e-06
112.335 1.34518  225.03
0 0 1
0
  1 0.2 0.7
-150.063 0.157803  74.9038
-1  0  0
1
   1 -0.4  0.7
  -124.5 -1.94444  62.0236
-1 -0 -0
3
4
   -0.499996 -1.05724e-06 -1.52059e-06
 243.525 -62.2434  502.707
0 0 1
5
        -0.5    -0.200001 -4.86774e-06
 31.7525 -6.93015       65
0 0 1
1
   1 -0.4  0.7
-275.277  69.1736  118.993
-1 -0 -0
4
4
   -0.499996 -1.05724e-06 -1.52059e-06
 32.279 3.78377      65
0 0 1
5
        -0.5    -0.200001 -4.86774e-06
243.197 31.5868 490.479
0 0 1
1
   1 -0.4  0.7
-84.4647  -20.606  36.8641
-1 -0 -0
0
  1 0.2 1.4
-191.011 -14.7646  94.3573
-1 -0 -0
3
4
   -0.499996 -1.05724e-06 -1.52059e-06
 279.196 -12.4314  558.945
0 0 1
1
   1 -0.4  0.7
-124.144 -21.7101  58.1517
-1 -0 -0
0
  1 0.2 1.4
-155.052  34.1415  69.6032
-1 -0 -0
4
4
   -0.499996 -1.05724e-06 -1.52059e-06
 109.602 -2.64741    252.3
0 0 1
1
   1 -0.4  0.7
-84.3102 -1.80714  8.19035
-1 -0 -0
0
  1 0.2 1.4
-207.054 -32.4766  24.8257
-1 -0 -0
5
-0.3 -0.2    0
181.763 36.9312 401.384
-0 -0  1
3
4
   -0.499996 -1.05724e-06 -1.52059e-06
22.982  22.98     65
0 0 1
0
  1 0.2 1.4
-203.844 -55.6503  19.8654
-1 -0 -0
5
-0.3 -0.2    0
180.862 32.6703 601.835
-0 -0  1
4
4
   -0.499996 -1.05724e-06 -1.52059e-06
 149.634 -26.3861  327.516
0 0 1
0
  1 0.2 1.4
-191.581  -3.2461  55.0901
-1 -0 -0
5
-0.3 -0.2    0
133.033 52.3598  307.57
-0 -0  1
1
   1 -0.4  1.4
-91.0859 -22.7275 -3.47612
-1 -0 -0
3
0
  1 0.2 1.4
-150.151 -19.0019  58.8159
-1 -0 -0
5
-0.3 -0.2    0
197.728 38.8807 640.948
-0 -0  1
1
   1 -0.4  1.4
 -47.577 -19.8788 -13.0639
-1 -0 -0
4
0
  1 0.2 1.4
-124.878 -12.3464  41.7612
-1 -0 -0
5
-0.3 -0.2    0
 245.615 -14.9759  522.179
-0 -0  1
1
   1 -0.4  1.4
-166.048  4.69913 -16.2476
-1 -0 -0
4
-0.2    0    0
45.3115 22.6232 139.007
0 0 1
3
0
  1 0.2 1.4
-134.212 -15.9689 -55.1928
-1 -0 -0
1
   1 -0.4  1.4
-200.224  60.3417  3.13423
-1 -0 -0
4
-0.2    0    0
 334.436 -44.3727  738.759
0 0 1
4
0
  1 0.2 1.4
-89.4351  24.9033  17.2828
-1 -0 -0
1
   1 -0.4  1.4
-72.717 -0.4116 11.6961
-1 -0 -0
4
-0.2    0    0
144.037 84.5746 393.513
0 0 1
5
   0 -0.2    0
 18.1152 -109.066  264.208
0 0 1
3
0
  1 0.2 1.4
-135.154 -51.0623   42.062
-1 -0 -0
1
   1 -0.4  1.4
        -15 0.000670952    -7.49995
-1 -0 -0
5
   0 -0.2    0
150.154 51.0616 652.138
0 0 1
4
0
  1 0.2 1.4
-117.058 -25.0701 -39.7866
-1 -0 -0
1
        1 -0.400001       1.4
-88.9313   15.164  35.7521
-1 -0 -0
4
-8.89159e-08 -4.46423e-09 -1.79299e-07
  95.655 -43.4779  397.017
0 0 1
5
 -1.3012e-07         -0.2 -2.97536e-07
110.335 53.3839 293.717
0 0 1
