4
0
         2.2     0.399984 -8.70448e-06
-21.584 10.4387 184.788
0 0 1
1
    2.19998    -0.39999 1.22699e-06
  82.695 -30.9573  179.808
0 0 1
4
     1.00002     0.300023 -4.07205e-06
 -2.07268 -0.368131   137.894
0 0 1
5
     1.00002     -0.29999 -1.30409e-05
-59.0383  20.8867  127.807
-0 -0  1
3
0
         2.2     0.399984 -8.70448e-06
-45.7621  4.40666  288.176
0 0 1
1
    2.19998    -0.39999 1.22699e-06
 19.6934 -32.7423  76.4171
0 0 1
5
     1.00002     -0.29999 -1.30409e-05
26.0688 28.3357 265.705
-0 -0  1
4
0
         2.2     0.399984 -8.70448e-06
-19.1114  48.1512  200.865
0 0 1
1
    2.19998    -0.39999 1.22699e-06
-2.35777 -64.0519  166.382
0 0 1
5
     1.00002     -0.29999 -1.30409e-05
 24.2391 -5.48005  165.863
-0 -0  1
4
1.2 0.3   0
-2.7699 21.3807 97.1867
-0 -0  1
3
0
         2.2     0.399984 -8.70448e-06
-26.9183  4.06746  54.4477
0 0 1
1
    2.19998    -0.39999 1.22699e-06
 68.2794 -54.5547  278.049
0 0 1
4
1.2 0.3   0
-41.3611  50.4872    297.8
-0 -0  1
4
0
         2.2     0.399984 -8.70448e-06
 67.6629 -23.2402  163.697
0 0 1
1
    2.19998    -0.39999 1.22699e-06
-39.9548  77.3467   205.55
0 0 1
4
1.2 0.3   0
 4.57845 -53.0407  175.118
-0 -0  1
5
 1.2 -0.3    0
-32.2865 -1.06578  85.9323
0 0 1
3
1
    2.19998    -0.39999 1.22699e-06
 9.03132 -11.9347  310.167
0 0 1
4
1.2 0.3   0
-18.3857  5.07037  254.614
-0 -0  1
5
 1.2 -0.3    0
 9.3544 6.86431 65.5168
0 0 1
4
1
    2.19998    -0.39999 1.22699e-06
  87.289 -38.5943  214.171
0 0 1
4
1.2 0.3   0
86.4792 59.9618 244.679
-0 -0  1
5
 1.2 -0.3    0
25.3947  15.327 82.5568
0 0 1
0
 2.5 0.35 0.25
-199.163 -36.6945  88.8909
          -1  1.27584e-05 -2.47218e-08
3
1
    2.19998    -0.39999 1.22699e-06
 49.1341 -109.667  269.181
0 0 1
4
1.2 0.3   0
126.243 58.5109 319.008
-0 -0  1
0
 2.5 0.35 0.25
-175.377  51.1558  42.1085
          -1  1.27584e-05 -2.47218e-08
4
1
    2.19998    -0.39999 1.22699e-06
 95.5561 -24.3984  214.899
0 0 1
4
1.2 0.3   0
84.7811 71.6787 238.415
-0 -0  1
0
 2.5 0.35 0.25
-220.547 -61.9889  86.8096
          -1  1.27584e-05 -2.47218e-08
5
 1.4 -0.3    0
40.2103 14.7086  90.174
-0 -0  1
3
1
    2.19998    -0.39999 1.22699e-06
27.5476 -19.569 328.891
0 0 1
4
1.2 0.3   0
-22.0754  1.72438  236.406
-0 -0  1
5
 1.4 -0.3    0
-5.47227  17.8446       65
-0 -0  1
4
1
    2.19998    -0.39999 1.22699e-06
 48.8689 -12.2227  212.261
0 0 1
4
1.2 0.3   0
93.5007 19.6912 251.337
-0 -0  1
5
 1.4 -0.3    0
3.75592 19.8509 136.242
-0 -0  1
0
 2.5 0.35 0.65
-146.126 -27.3194  30.4585
         -1 1.27831e-05 1.27831e-05
3
4
1.2 0.3   0
59.3262 21.9072 126.484
-0 -0  1
5
 1.4 -0.3    0
202.187 96.2803 447.881
-0 -0  1
0
 2.5 0.35 0.65
-261.513 -118.188  55.9326
         -1 1.27831e-05 1.27831e-05
4
4
1.2 0.3   0
73.7157 21.0406 153.319
-0 -0  1
5
 1.4 -0.3    0
179.133  46.757 370.269
-0 -0  1
0
 2.5 0.35 0.65
-193.796  -51.938  81.8038
         -1 1.27831e-05 1.27831e-05
1
  2.5 -0.35  0.25
-59.0523 -15.8596  24.9058
          -1 -1.27584e-05 -2.47218e-08
3
5
 1.4 -0.3    0
262.845 115.031 573.828
-0 -0  1
0
 2.5 0.35 0.65
-199.537 -83.4239  54.7177
         -1 1.27831e-05 1.27831e-05
1
  2.5 -0.35  0.25
-63.3084 -31.6067  1.75171
          -1 -1.27584e-05 -2.47218e-08
4
5
 1.4 -0.3    0
162.519 31.3364 331.025
-0 -0  1
0
 2.5 0.35 0.65
-163.627 -27.3448  77.1104
         -1 1.27831e-05 1.27831e-05
1
  2.5 -0.35  0.25
-88.5546  -16.412  41.1239
          -1 -1.27584e-05 -2.47218e-08
4
1.4 0.3   0
89.6628 12.4204 181.038
0 0 1
3
5
 1.4 -0.3    0
 129.418 -22.1149  262.587
-0 -0  1
1
  2.5 -0.35  0.25
-251.72 78.1521 98.6527
          -1 -1.27584e-05 -2.47218e-08
4
1.4 0.3   0
 122.302 -56.0372  269.058
0 0 1
4
5
 1.4 -0.3    0
170.385 -4.3151 346.428
-0 -0  1
1
  2.5 -0.35  0.25
-127.512 -46.8808  42.3006
          -1 -1.27584e-05 -2.47218e-08
4
1.4 0.3   0
 84.372 27.6887 185.433
0 0 1
0
 2.5 0.35 1.05
-127.246  23.5071  56.1354
          -1   1.2709e-05 -2.54928e-05
3
5
 1.4 -0.3    0
206.074 123.684 533.944
-0 -0  1
4
1.4 0.3   0
 42.4067 0.014288  84.8134
0 0 1
0
 2.5 0.35 1.05
-248.481 -123.699  11.5399
          -1   1.2709e-05 -2.54928e-05
4
5
 1.4 -0.3    0
165.382 5.38206 363.633
-0 -0  1
4
1.4 0.3   0
92.8398 19.1332  268.19
0 0 1
0
 2.5 0.35 1.05
-136.545  28.0425  14.6525
          -1   1.2709e-05 -2.54928e-05
1
  2.5 -0.35  0.65
-121.677 -52.5578 -16.1777
          -1 -1.27831e-05  1.27831e-05
3
5
 1.4 -0.3    0
284.612 123.141 651.582
-0 -0  1
0
 2.5 0.35 1.05
-213.837 -106.453  9.92083
          -1   1.2709e-05 -2.54928e-05
1
  2.5 -0.35  0.65
-70.7747  -16.688 -31.2049
          -1 -1.27831e-05  1.27831e-05
4
5
 1.4 -0.3    0
 113.208 -16.3018  308.085
-0 -0  1
0
 2.5 0.35 1.05
 -105.98  6.55188 -15.3217
          -1   1.2709e-05 -2.54928e-05
1
  2.5 -0.35  0.65
-143.817 -1.58375   8.5699
          -1 -1.27831e-05  1.27831e-05
4
1.5 0.2   0
136.589 11.3337 328.965
0 0 1
3
5
 1.4 -0.3    0
162.442 108.659 539.716
-0 -0  1
0
 2.5 0.35 1.05
-202.265 -100.695  9.35803
          -1   1.2709e-05 -2.54928e-05
4
1.5 0.2   0
  39.823 -7.96469  81.2233
0 0 1
4
5
 1.4 -0.3    0
157.001 38.1036  362.59
-0 -0  1
0
 2.5 0.35 1.05
-101.592 -29.8652  -24.567
          -1   1.2709e-05 -2.54928e-05
4
1.5 0.2   0
31.0349 4.28135 314.022
0 0 1
1
  2.5 -0.35  1.05
-86.4438 -12.5198 -21.7475
          -1  -1.2709e-05 -2.54927e-05
3
5
 1.4 -0.3    0
 55.4199 -22.9759  173.181
-0 -0  1
4
1.5 0.2   0
  94.826 -29.6519  480.308
0 0 1
1
  2.5 -0.35  1.05
-150.246  52.6277 -23.1912
          -1  -1.2709e-05 -2.54927e-05
4
5
 1.4 -0.3    0
 133.153 -33.8729  355.429
-0 -0  1
4
1.5 0.2   0
 46.298 40.2492 303.777
0 0 1
1
  2.5 -0.35  1.05
-125.434 -15.5137 -22.0043
          -1  -1.2709e-05 -2.54927e-05
0
2.5 0.3 1.4
-54.0162  9.13735 -6.90382
         -1 1.89877e-05  7.6509e-05
3
5
 1.4 -0.3    0
30.9556 17.8972 326.099
-0 -0  1
4
1.5 0.2   0
131.138 12.0002 335.332
0 0 1
0
2.5 0.3 1.4
-162.093 -29.8974 -31.1339
         -1 1.89877e-05  7.6509e-05
4
5
 1.4 -0.3    0
84.5354 18.4313 321.059
-0 -0  1
4
1.5 0.2   0
  92.6625 -0.371829   355.172
0 0 1
0
2.5 0.3 1.4
 -110.39 -22.6862 -25.1799
         -1 1.89877e-05  7.6509e-05
1
 2.5 -0.3  1.4
-66.8083  4.62678 -20.7534
          -1 -1.89877e-05   7.6509e-05
3
4
1.5 0.2   0
138.165 -60.082 642.539
0 0 1
0
2.5 0.3 1.4
    -15.0006 -0.000952289     -7.49889
         -1 1.89877e-05  7.6509e-05
1
 2.5 -0.3  1.4
-123.164  60.0829 -4.74268
          -1 -1.89877e-05   7.6509e-05
4
4
1.5 0.2   0
 74.9812 -22.0613  295.098
0 0 1
0
2.5 0.3 1.4
-50.2133  2.30573 0.841636
         -1 1.89877e-05  7.6509e-05
1
 2.5 -0.3  1.4
 -56.1791   8.19802 0.0107154
          -1 -1.89877e-05   7.6509e-05
5
 1.5 -0.2    0
31.4112 11.5575 334.347
0 0 1
