    00.3200593218279921 0.008096925878081878 1.0282792356802024 0.16838350759489504 -0.30302013335968736 0.3512072508454366 0.507467910980714 -0.07516021470590199 0.9148902144362595 0.000669894509788815 -0.8688031189499579 0.26132689821261257 -0.8046441011813179 0.4345793636064521 -1.5515514452870958 -0.00011527315778107634 -0.8724990331370358 -0.04107426047284445 0.013102202895877671 0.09550390559041548 -1.509954067370546 0.8479532044827958 0.7923230683652975 -0.21551785154597872 1.2969413998416537 -0.9919507112461751 -2.3075010956220643 -1.5936106416010714 -0.9749475622712191 -0.8603546221073854 -1.719708827316671 -1.583302998043476 -0.5744508761868147 -2.55 
    0.31676   0.0052737     1.02108    0.275557   -0.398448    0.476337    0.451829 -0.00224013    0.777137           0   -0.872665    0.261799   -0.886739    0.628499    -1.55895           0   -0.872665   0.0284465   -0.245088   -0.459981   -0.026751     1.46181    0.651841   -0.938342   -0.440012     1.43711    0.608684     1.31983    -2.51539       -2.55       0.292    -2.07792    -1.05425     2.10932
  0.381486  0.0819689    1.03634   0.294023  -0.150724   0.969551   0.202448   -0.32738   0.373873          0  -0.872665   0.257804   -1.49529    1.22143    -1.5708   0.524826  -0.872665   0.261799    0.19458   -0.30311  -0.413282    1.17484   0.427821   -1.24854 -0.0178957    1.33809   0.753356   0.385037   -2.73045      -2.55   -1.51228   -1.78185  -0.946044   -2.03613
   0.381394   0.0818778     1.03645    0.293941    -0.15196    0.969611    0.203491   -0.326759    0.373733 4.20699e-23   -0.872665    0.257733    -1.49399     1.22155     -1.5708    0.524161   -0.872665    0.261799    0.195564   -0.301487   -0.423795     1.16896    0.424843    -1.24411  -0.0248673     1.33565    0.748751    0.385642    -2.73023       -2.55    -1.51296    -1.78151   -0.944845    -2.03515
    0.366182    0.0323791      1.17721     0.670253   -0.0322999     0.717836    -0.080915    -0.108524     0.645022 -1.50731e-13    -0.872665     0.261799     -1.65806     0.842678      -1.5708     0.262599    -0.872665       0.1568   -0.0509871    -0.272876    -0.151175      0.90364     0.628831    -0.470781    -0.279599      0.63367      1.07445      1.13771     -2.49451        -2.55     -2.08884     -1.83543     -1.46404     -2.11252
    0.366182    0.0323791      1.17721     0.670253   -0.0322999     0.717836    -0.080915    -0.108524     0.645022 -1.63292e-13    -0.872665     0.261799     -1.65806     0.842678      -1.5708     0.262599    -0.872665       0.1568   -0.0516544    -0.271789    -0.154243     0.901965     0.632965    -0.471829    -0.285471     0.634609      1.07225      1.13742      -2.4917        -2.55      -2.0901     -1.83681     -1.46478     -2.11205
    0.313584   0.00371527      1.21944     0.302199    -0.422318      0.49593     0.441618    0.0232165     0.754993 -1.31666e-15    -0.872665     0.261799     -0.91221     0.659449     -1.53844            0    -0.872665     0.034197    -0.310559     -0.86169     0.731324      2.21999     -1.77203     -1.10373     -1.02625    -0.512192     -1.75153        1.606     -2.99741      0.36099    -0.368078      1.14512      -1.0914      1.79805
     0.31374   0.00379484      1.21953     0.300798    -0.421136     0.494889     0.442153    0.0219266      0.75612 -1.31666e-15    -0.872665     0.261799    -0.910852     0.657876      -1.5395  1.73472e-18    -0.872665     0.033894    -0.310185    -0.864108      0.72945      2.22203     -1.78024     -1.11071     -1.02607    -0.506547     -1.74805        1.606     -2.99954     0.364959    -0.366973      1.13994     -1.09006      1.79824
   0.326105  -0.0565986       1.291    0.775987   -0.634088  0.00177428  -0.0318538    0.617662      1.5708           0   -0.821666    0.023815    -1.43694 -0.00956739   -0.834969           0   -0.872665   -0.137638   -0.523599   -0.400095       1.603     1.17771   -0.814003   -0.570134    -1.07829   -0.401786    -1.76686       1.606    -3.23274   -0.625327   -0.220373   -0.911443     1.31214    -1.29019
   0.325728   -0.056685     1.29104    0.774806   -0.633601 0.000570386   -0.031098    0.616682      1.5708 2.63387e-31   -0.821541   0.0245128     -1.4355  -0.0106777   -0.834505 1.38778e-17   -0.872665   -0.138783   -0.523599   -0.399701       1.603     1.18212   -0.824637   -0.574986    -1.06925   -0.398084    -1.76448       1.606    -3.23045   -0.634302   -0.223181   -0.902666     1.31332     -1.2921
    0.362576   -0.0570086      1.29137     0.851884    -0.517582    0.0539143   -0.0923475     0.521046       1.5708            0    -0.825798  -0.00137019     -1.52888    0.0248097     -1.00052 -9.96366e-17    -0.872665   -0.0715887    -0.523599    -0.228439        1.603       1.5082    -0.915798    -0.836576     -1.10715    -0.217754     -1.49774      1.33968      -3.2519    -0.848593        0.292    -0.728148      1.21632    -0.678171
    0.361934   -0.0570794      1.29141     0.850618    -0.517505    0.0525344   -0.0915692     0.520106       1.5708            0    -0.825705 -0.000285701     -1.52718     0.023111     -0.99931 -1.00738e-16    -0.872665   -0.0733267    -0.523599    -0.227574        1.603      1.51168    -0.920399    -0.839396     -1.10321    -0.215997     -1.49646      1.34002     -3.25107    -0.853838        0.292    -0.723485      1.21528    -0.680237
  0.311611 0.00268607    1.41824   0.320791  -0.437345   0.509808    0.43449  0.0399122   0.740399          0  -0.872665   0.261799  -0.930419   0.679778   -1.52448          0  -0.872665  0.0381817  -0.523599  -0.346347    1.24532    2.91029  -0.901685   -1.44744   -1.39696  -0.885151    -1.2351   -0.57161    -0.9275    1.90318      0.292    1.78417   -0.89124    2.08116
  0.311469 0.00260887    1.41814   0.322199  -0.438442    0.51087   0.433956  0.0411499   0.739312          0  -0.872665   0.261799  -0.931809    0.68129   -1.52344          0  -0.872665  0.0384857  -0.523599  -0.344566    1.24612    2.90675  -0.895634   -1.44046   -1.39798  -0.889386   -1.23904  -0.570228  -0.928138    1.90557      0.292    1.78158  -0.892788    2.08174
  0.318743 0.00618854    1.42195   0.260542  -0.383786   0.465509   0.457659 -0.0173984   0.790217          0  -0.872665   0.261799  -0.872686   0.610138    -1.5708          0  -0.872665  0.0251861  -0.454516   0.206001    1.27051    3.17164  -0.390742  -0.721408   -1.39707   -1.17084   -1.69585     0.8995   -1.31539   0.818223      0.292    1.01811  -0.876113    2.54724
  0.318743 0.00618854    1.42195   0.260542  -0.383786   0.465509   0.457659 -0.0173984   0.790217          0  -0.872665   0.261799  -0.872686   0.610138    -1.5708          0  -0.872665  0.0251861  -0.454464   0.206618     1.2706    3.17006  -0.385804  -0.719306    -1.4015   -1.17267   -1.69673   0.900096   -1.31509   0.811471      0.292    1.02341  -0.874781    2.54829
  0.318743 0.00618855    1.42195   0.260542  -0.383786   0.465509   0.457659 -0.0173985   0.790217          0  -0.872665   0.261799  -0.872686   0.610137    -1.5708          0  -0.872665   0.025186  -0.402973  -0.216576    1.07459    2.67455  -0.415739   -0.38274    -1.4445   -1.20705   -2.19454    -1.0483   -1.35737    2.16373      0.292    1.65856  -0.946963    2.51382
  0.318743 0.00618855    1.42195   0.260542  -0.383786   0.465509   0.457659 -0.0173985   0.790217          0  -0.872665   0.261799  -0.872686   0.610137    -1.5708          0  -0.872665   0.025186  -0.402994  -0.216517    1.07487    2.67446  -0.415206   -0.38217   -1.44473   -1.20717   -2.19486    -1.0459     -1.358    2.17436      0.292    1.64576  -0.949653    2.51412
  0.312193  -0.072909    1.49176   0.720162  -0.342589  -0.102202  0.0176669   0.258387     1.5708          0  -0.803448   0.125575   -1.35212  -0.200789   -1.00683          0  -0.872665  -0.261799  -0.523599  -0.506946   -1.96857    2.57707   0.435412  -0.680344   -1.01155   0.472243  -0.111896   -1.93166 -0.0781187    2.23265      0.292    2.32797   -1.18949    2.34771
   0.312094  -0.0729052     1.49178    0.719903   -0.343465    -0.10223   0.0178449    0.259358      1.5708 6.00949e-26   -0.803443    0.125466    -1.35179   -0.200537    -1.00595           0   -0.872665   -0.261799   -0.523599   -0.504772    -1.97182     2.57021     0.44087   -0.686389    -1.01496    0.471506   -0.118655    -1.93044  -0.0797083     2.23413       0.292     2.32688    -1.18968     2.34787
   0.318745  -0.0061884     1.62195   -0.260531   -0.383782   -0.465501    0.872676    0.610125      1.5708           0   -0.872665   -0.025179   -0.457676   -0.017398   -0.790228 8.67362e-19   -0.872665   -0.261799  -0.0347007     1.30413    -1.74196           0     1.20909  0.00156548    0.314753    -1.33689    -2.03026     1.09051   -0.518563    0.155334       0.292     1.15476   -0.334835     2.49692
   0.318745  -0.0061884     1.62195   -0.260531   -0.383782   -0.465501    0.872676    0.610125      1.5708 1.73472e-18   -0.872665   -0.025179   -0.457676   -0.017398   -0.790228 7.38531e-21   -0.872665   -0.261799  -0.0346806     1.30416    -1.74139           0     1.19964  0.00118251    0.324014    -1.33652     -2.0298     1.09035   -0.519643    0.141178       0.292     1.16519   -0.332075     2.50062
    0.33389  0.00316932     1.61651   -0.352531   -0.445844   -0.551262    0.953233    0.756122      1.5708 1.34356e-19   -0.872665   -0.101893   -0.436134   0.0663997   -0.737382           0   -0.872665   -0.219237   -0.113601    0.680016    -2.08948     0.17781     1.40717    -0.28873   -0.177789    -1.35952    -2.54993     0.23063    -1.00056    0.889281    0.283011     1.57295   -0.479645     2.18391
   0.334074  0.00326195     1.61646    -0.35336   -0.446308   -0.552012    0.954018    0.757375      1.5708 1.34356e-19   -0.872665   -0.102638   -0.436002   0.0671436   -0.737025  3.1984e-18   -0.872665   -0.218783   -0.112295    0.679542    -2.08832    0.179243     1.40704   -0.288267   -0.177341    -1.35966    -2.54989    0.229304    -1.00116     0.89117    0.282382     1.57473   -0.480399     2.18282
   0.349607  -0.0281417     1.66374   -0.312869    -0.74555   -0.974748    0.911668     1.34391      1.5708    0.138441   -0.824227   -0.261799   -0.717793  0.00293876   -0.296151 1.43397e-19   -0.872665   -0.171755   -0.263743     1.16833     -1.9197    0.208637     1.44576   -0.288259   -0.164567    -1.32276    -2.49837    0.236924   -0.843323     1.01593       0.292     1.66458   -0.502551     2.03072
    0.349596   -0.0282455      1.66369    -0.313579    -0.744056    -0.975423     0.913299      1.34381       1.5708     0.138648    -0.823982    -0.261799    -0.716012    0.0024282    -0.295961 -7.34435e-20    -0.872665    -0.172164    -0.266008      1.17247     -1.92438     0.203302      1.44434    -0.287624    -0.164594     -1.32404     -2.50005     0.243417    -0.841809      1.00802        0.292      1.66007    -0.498622      2.03258
    0.355133   -0.0334065      1.66762    -0.236858    -0.726591     -0.92009     0.904847      1.30612       1.5708     0.225024    -0.866935    -0.261799    -0.738527   -0.0362122    -0.339903 -7.34435e-20    -0.872665    -0.167553    -0.195601      1.16351     -1.84189     0.298285      1.50426    -0.302704     -0.11752     -1.25232      -2.4314     0.351455     -1.32279     0.837262     0.158907      1.54064    -0.713914       2.4303
   0.355202  -0.0334083     1.66768   -0.235665   -0.727082   -0.919119    0.903975     1.30573      1.5708    0.225798   -0.867488   -0.261799   -0.739626  -0.0363418   -0.340513 2.76821e-17   -0.872665   -0.167299   -0.196556     1.16413    -1.84205    0.297668      1.5044   -0.302912   -0.117214    -1.25205     -2.4312    0.351407    -1.32117    0.834853     0.16346     1.53966   -0.713224     2.43442
  0.375265  0.0259993    1.79791  -0.560709  -0.527174   -0.73391    1.19746    1.01739    1.50923          0  -0.872665  -0.261799  -0.411541   0.225951  -0.652085 2.1684e-19  -0.865996  -0.123755   0.307456   0.995997   -1.49806   0.131411    1.59922  -0.257731 -0.0579434   -1.27273   -2.19779   0.687522  -0.932124    0.81372    0.23566    1.52984  -0.587117    2.20877
    0.375609    0.0258379      1.79812    -0.559385    -0.527092    -0.731688      1.19634      1.01564      1.50961 -5.42101e-19    -0.872665    -0.261799    -0.412078     0.226535    -0.654501            0    -0.866483    -0.122907     0.305897     0.998681     -1.49999     0.128996      1.59853    -0.256598   -0.0576249     -1.27269     -2.19772     0.691353     -0.92649     0.806807     0.242278      1.52453      -0.5841      2.21593
    0.33007 -0.00712514     1.79573     -0.5904   -0.329966   -0.705894     1.28412    0.843295     1.52419 3.46945e-18   -0.817308   -0.125244   -0.173586   0.0644322   -0.634566           0   -0.872665   -0.261799    0.240103    0.490743    -2.17141     0.35088     1.85236   -0.677697    -0.76581    -1.14736    -2.33573   -0.369688    -1.04794     1.38189       0.292     1.85024   -0.651854     2.14912
   0.330521 -0.00732139     1.79519   -0.595403   -0.326193   -0.708623     1.29218     0.84516     1.52364           0   -0.815914   -0.126428    -0.16761   0.0644367   -0.633437           0   -0.872665   -0.261799    0.247399    0.487344    -2.17541    0.353687     1.85624   -0.684673   -0.774776    -1.14468    -2.33208   -0.379447    -1.04726     1.38914       0.292     1.85356   -0.653931     2.15028
    0.31676   0.0052737     1.82108    0.275557   -0.398448    0.476337    0.451829 -0.00224013    0.777137           0   -0.872665    0.261799   -0.886739    0.628499    -1.55895           0   -0.872665   0.0284465   -0.245088   -0.459981   -0.026751     1.46181    0.651841   -0.938342   -0.440012     1.43711    0.608684     1.31983    -2.51539       -2.55       0.292    -2.07792    -1.05425     2.10932
