4
0
0.499994 0.699989  1.70002
 18.0892 -196.434  157.147
-2.08602e-05           -1 -7.81734e-05
1
0.499998     -0.7      1.7
18.0955 196.242 156.993
-2.08602e-05            1 -7.81734e-05
4
0.400001      0.7 0.300003
-18.0957 -197.502  158.002
-6.85448e-06           -1 -4.68276e-06
5
0.399999     -0.7 0.300003
-18.089 197.694 158.156
-6.85448e-06            1 -4.68276e-06
3
0
0.499982  0.69999  1.70002
 16.0973 -374.842  299.874
-2.08602e-05           -1 -7.81734e-05
1
0.499997     -0.7      1.7
-0.822505   393.936   315.149
-2.08602e-05            1 -7.81734e-05
4
0.400001      0.7 0.300003
-15.2748 -19.0935  15.2748
-6.85448e-06           -1 -4.68276e-06
4
0
0.499959 0.699994  1.70002
 16.7481 -209.556  167.645
-2.08602e-05           -1 -7.81734e-05
1
 0.499999 -0.700001       1.7
16.3701 184.486 147.589
-2.08602e-05            1 -7.81734e-05
4
     0.4 0.700002 0.300007
-18.9177 -184.379  147.504
-6.85448e-06           -1 -4.68276e-06
5
 0.400007 -0.699996  0.499997
-14.2005   209.45   167.56
-7.00358e-06            1 -1.16726e-05
3
0
0.499964 0.699993  1.70002
0.0107034  -398.901   311.176
-2.08602e-05           -1 -7.81734e-05
1
 0.499999 -0.700001       1.7
-0.0106406    398.901    319.121
-2.08602e-05            1 -7.81734e-05
5
 0.400007 -0.699996  0.499997
-7.54241e-12   9.4208e-12  7.55129e-12
-7.00358e-06            1 -1.16726e-05
4
0
0.499972 0.699989  1.70002
 19.8172 -197.019  157.615
-2.08602e-05           -1 -7.81734e-05
1
      0.5 -0.700001       1.7
19.8751 195.304 156.243
-2.08602e-05            1 -7.81734e-05
5
 0.400007 -0.699996  0.499997
-19.817 198.632 158.906
-7.00358e-06            1 -1.16726e-05
4
0.400001      0.7      0.5
-19.8753 -196.917  157.533
-7.00358e-06           -1 -1.16726e-05
3
0
 0.49997 0.699989  1.70002
 21.0676 -36.0513   28.841
-2.08602e-05           -1 -7.81734e-05
5
 0.400007 -0.699996  0.499997
-6.22725  393.936  315.149
-7.00358e-06            1 -1.16726e-05
4
0.400001 0.699999      0.5
-14.8404 -357.885  286.308
-7.00358e-06           -1 -1.16726e-05
4
0
0.499955  0.69999  1.70001
 14.4081 -202.884  162.307
-2.08602e-05           -1 -7.81734e-05
5
 0.400001 -0.699979   0.49999
-16.959 205.487 164.389
-7.00358e-06            1 -1.16726e-05
4
0.400007 0.699987 0.499995
-16.2048 -191.051  152.841
-7.00358e-06           -1 -1.16726e-05
1
0.499989     -0.7      1.9
18.7557 188.449 150.759
-1.52125e-05            1 -7.30142e-05
3
0
0.499916  0.70001  1.69999
0.0183301  -478.348   382.679
-2.08602e-05           -1 -7.81734e-05
4
0.400014 0.699984 0.499993
-1.60014e-11 -1.99843e-11  1.59588e-11
-7.00358e-06           -1 -1.16726e-05
1
 0.499981 -0.700001       1.9
-0.0185723    478.348    247.618
-1.52125e-05            1 -7.30142e-05
4
0
0.499916  0.70001  1.69999
 8.87608 -239.804  191.843
-2.08602e-05           -1 -7.81734e-05
4
0.400014 0.699983 0.499993
-13.9541 -154.132  123.306
-7.00358e-06           -1 -1.16726e-05
1
0.49999    -0.7     1.9
13.9541 150.416 120.333
-1.52125e-05            1 -7.30142e-05
5
      0.4 -0.699998  0.700002
-8.87602   243.52  194.816
 -7.0034e-06            1 -2.33451e-05
3
4
0.399993  0.70001  0.50003
-1.96014 -411.452  329.162
-7.00358e-06           -1 -1.16726e-05
1
 0.499988 -0.700008   1.89997
 3.81917e-14  3.55271e-15 -1.77636e-15
-1.52125e-05            1 -7.30142e-05
5
 0.400025 -0.699975  0.699981
1.96032 411.453 301.135
 -7.0034e-06            1 -2.33451e-05
4
4
0.399993  0.70001  0.50003
-15.1943 -189.445  151.556
-7.00358e-06           -1 -1.16726e-05
1
 0.499985 -0.700006   1.89997
13.1363 189.333 151.466
-1.52125e-05            1 -7.30142e-05
5
 0.400025 -0.699975  0.699981
-11.5627  204.603  163.683
 -7.0034e-06            1 -2.33451e-05
0
0.499992 0.700001  1.90001
13.6207 -204.49 163.592
-1.52125e-05           -1 -7.30142e-05
3
1
 0.499955 -0.700013   1.89999
35.9746 349.939 279.951
-1.52125e-05            1 -7.30142e-05
5
 0.400025 -0.699975  0.699981
-34.0846  43.9968  35.1974
 -7.0034e-06            1 -2.33451e-05
0
0.499991 0.700001  1.90001
 -1.8902 -393.936  315.149
-1.52125e-05           -1 -7.30142e-05
4
1
 0.499957 -0.700013   1.89998
14.1181 186.379 149.103
-1.52125e-05            1 -7.30142e-05
5
 0.400025 -0.699975  0.699981
-13.4247  207.557  166.045
 -7.0034e-06            1 -2.33451e-05
0
0.499991 0.700001  1.90001
 13.4248 -205.976  164.781
-1.52125e-05           -1 -7.30142e-05
4
0.4 0.7 0.7
-14.1181  -187.96  150.368
 -7.0034e-06           -1 -2.33451e-05
3
1
 0.499955 -0.700013   1.89998
1.86517e-14 3.55271e-14 9.23706e-14
-1.52125e-05            1 -7.30142e-05
5
 0.400005 -0.699976  0.699985
0.00928013     400.15    310.177
 -7.0034e-06            1 -2.33451e-05
4
0.400001 0.699993 0.700002
-0.00942544     -400.15      320.12
 -7.0034e-06           -1 -2.33451e-05
4
1
 0.499945 -0.700024   1.89994
12.9637 196.646 157.317
-1.52125e-05            1 -7.30142e-05
5
 0.400005 -0.699976  0.699985
-14.1182   197.29  157.832
 -7.0034e-06            1 -2.33451e-05
4
0.400001 0.699993 0.700002
-15.2209  -197.78  158.224
 -7.0034e-06           -1 -2.33451e-05
0
0.499995  0.70001  2.09999
 16.3753 -196.155  156.924
-2.08616e-05           -1 -1.30297e-05
3
5
 0.400005 -0.699976  0.699985
-3.72482  393.936  315.149
 -7.0034e-06            1 -2.33451e-05
4
0.400001 0.699993 0.700002
-10.6865 -345.966  276.773
 -7.0034e-06           -1 -2.33451e-05
0
0.499987 0.700026  2.09997
 14.4112 -47.9698  38.3758
-2.08616e-05           -1 -1.30297e-05
4
5
 0.400004 -0.699976  0.699985
-11.7576  201.628  161.303
 -7.0034e-06            1 -2.33451e-05
4
0.400001 0.699992 0.700002
-12.0544 -193.186  154.549
 -7.0034e-06           -1 -2.33451e-05
0
0.499986 0.700028  2.09997
11.7573 -200.75   160.6
-2.08616e-05           -1 -1.30297e-05
1
 0.500004 -0.700012   2.09998
12.0545 192.307 153.846
-2.08616e-05            1 -1.30297e-05
3
5
 0.400004 -0.699976  0.699985
-11.2666  14.0833  11.2666
 -7.0034e-06            1 -2.33451e-05
0
0.499986 0.700028  2.09997
-0.60293 -393.936  315.149
-2.08616e-05           -1 -1.30297e-05
1
 0.500004 -0.700012   2.09998
11.8696 379.853 303.882
-2.08616e-05            1 -1.30297e-05
4
5
 0.400005 -0.699976  0.699985
-24.8535  180.462   144.37
 -7.0034e-06            1 -2.33451e-05
0
0.499973 0.700031  2.09997
 21.5065 -180.543  144.434
-2.08616e-05           -1 -1.30297e-05
1
 0.499975 -0.700033   2.09998
21.9976 213.474 170.779
-2.08616e-05            1 -1.30297e-05
4
     0.4      0.7 0.900001
-18.6509 -213.393  170.715
-1.02818e-05           -1 -6.24357e-06
3
0
 0.49996 0.700033  2.09997
 13.9212 -377.414  301.931
-2.08616e-05           -1 -1.30297e-05
1
 0.499946 -0.700053   2.09998
-0.703869   393.936   315.149
-2.08616e-05            1 -1.30297e-05
4
0.400001      0.7 0.900001
-13.2175 -16.5219  13.2175
-1.02818e-05           -1 -6.24357e-06
4
0
0.499953 0.700035  2.09998
 10.9478 -192.027  153.622
-2.08616e-05           -1 -1.30297e-05
1
 0.499949 -0.700051   2.09998
10.6335 200.927 160.742
-2.08616e-05            1 -1.30297e-05
4
0.400001      0.7 0.900001
-10.6335 -201.909  161.527
-1.02818e-05           -1 -6.24357e-06
5
 0.4 -0.7  0.9
-10.9479  193.009  154.407
-1.02818e-05            1 -6.24357e-06
3
0
0.499949 0.700036  2.09998
 3.24855 -4.06068  3.24855
-2.08616e-05           -1 -1.30297e-05
4
0.400001      0.7 0.900001
-2.23939 -389.875    311.9
-1.02818e-05           -1 -6.24357e-06
5
 0.4 -0.7  0.9
-1.00921  393.936  315.149
-1.02818e-05            1 -6.24357e-06
4
0
0.499947 0.700037  2.09999
 11.3753 -196.875    157.5
-2.08616e-05           -1 -1.30297e-05
4
0.400001      0.7 0.900001
-12.4025 -197.061  157.649
-1.02818e-05           -1 -6.24357e-06
5
 0.4 -0.7  0.9
-13.357 197.903 158.322
-1.02818e-05            1 -6.24357e-06
1
 0.499999 -0.699999       2.3
14.3841 196.033 156.826
-2.04272e-05            1 -4.20239e-05
3
4
0.399999 0.699999 0.900001
-2.39935 -393.936  315.149
-1.02818e-05           -1 -6.24357e-06
5
 0.400002 -0.699998  0.899999
-5.3912 384.198 307.358
-1.02818e-05            1 -6.24357e-06
1
 0.499992 -0.699993   2.30001
7.79043 9.73803 7.79043
-2.04272e-05            1 -4.20239e-05
4
4
0.399999 0.699999 0.900001
-15.1848 -200.076  160.061
-1.02818e-05           -1 -6.24357e-06
5
 0.400002 -0.699998  0.899999
-15.3667  194.924  155.939
-1.02818e-05            1 -6.24357e-06
1
 0.499989 -0.699997   2.30001
15.1849 199.012 159.209
-2.04272e-05            1 -4.20239e-05
0
0.499996 0.699999  2.30001
15.3666 -193.86 155.088
-2.04272e-05           -1 -4.20239e-05
3
5
 0.400002 -0.699998  0.899999
-18.0885  22.6106  18.0885
-1.02818e-05            1 -6.24357e-06
1
 0.499986 -0.699993   2.30002
19.0584 371.325  297.06
-2.04272e-05            1 -4.20239e-05
0
0.499998 0.699997  2.30001
-0.969914  -393.936   315.149
-2.04272e-05           -1 -4.20239e-05
4
5
 0.400005 -0.699998  0.899999
-17.7423  176.264  141.011
-1.02818e-05            1 -6.24357e-06
1
 0.499995 -0.699987   2.30003
15.1247 217.672 174.137
-2.04272e-05            1 -4.20239e-05
0
0.500012 0.699993  2.29999
 15.3943 -177.181  141.745
-2.04272e-05           -1 -4.20239e-05
4
     0.4 0.699999      1.1
-12.7767 -216.755  173.404
-6.85459e-06           -1 -1.87318e-05
3
1
 0.49999 -0.69997  2.30004
0.00580357    402.245    308.501
-2.04272e-05            1 -4.20239e-05
0
0.500008 0.699992      2.3
-0.00581236    -402.245     321.796
-2.04272e-05           -1 -4.20239e-05
4
0.400001 0.699998      1.1
-1.42109e-14  2.23951e-15  3.55271e-15
-6.85459e-06           -1 -1.87318e-05
4
1
 0.49999 -0.69997  2.30004
13.3535 187.844 150.275
-2.04272e-05            1 -4.20239e-05
0
0.500009 0.699991      2.3
 12.7567 -204.662  163.729
-2.04272e-05           -1 -4.20239e-05
4
0.400001 0.699998      1.1
-13.3531 -189.274  151.419
-6.85459e-06           -1 -1.87318e-05
5
 0.4 -0.7  1.1
-12.7571  206.092  164.874
-6.85459e-06            1 -1.87318e-05
3
1
 0.499986 -0.699969   2.30004
2.44249e-14 2.84217e-14  3.9968e-14
-2.04272e-05            1 -4.20239e-05
4
0.400002 0.699999      1.1
-0.0036198    -397.68    318.144
-6.85459e-06           -1 -1.87318e-05
5
0.399999     -0.7      1.1
0.00356208     397.68    312.153
-6.85459e-06            1 -1.87318e-05
4
1
 0.499988 -0.699963   2.30006
14.9427 196.417 157.133
-2.04272e-05            1 -4.20239e-05
4
0.400002 0.699999      1.1
-17.5421 -197.694  158.155
-6.85459e-06           -1 -1.87318e-05
5
0.399999     -0.7      1.1
-16.2605  197.519  158.015
-6.85459e-06            1 -1.87318e-05
0
0.499999      0.7      2.5
 18.8599 -196.242  156.993
-1.16726e-05           -1  -8.4043e-05
3
4
0.400002 0.699999      1.1
-12.9606 -345.151   276.12
-6.85459e-06           -1 -1.87318e-05
5
0.399999     -0.7      1.1
-4.82334  393.936  315.149
-6.85459e-06            1 -1.87318e-05
0
0.499999      0.7      2.5
 17.7839 -48.7854  39.0283
-1.16726e-05           -1  -8.4043e-05
4
4
0.400002 0.699999      1.1
-17.1291  -193.26  154.608
-6.85459e-06           -1 -1.87318e-05
5
 0.4 -0.7  1.1
-16.8234  201.914  161.531
-6.85459e-06            1 -1.87318e-05
0
0.499992 0.700001      2.5
 16.8232 -200.676  160.541
-1.16726e-05           -1  -8.4043e-05
1
 0.499997 -0.699996   2.50001
17.1292 192.022 153.617
-1.16726e-05            1  -8.4043e-05
