   1.39042 -0.0219583   0.734258    2.76777    1.73926    -2.8314   0.170881   -1.60988   0.119859    0.87461  -0.675455   0.064191  -0.336827   -1.43114  -0.383639     0.6051  -0.574155   0.112267   0.287972   0.044163   -0.85435   0.371813   0.525569  -0.420894   0.585002 -0.0739966  -0.464848  -0.775705  -0.457755  -0.437267   -0.84569   0.118002   0.341633  0.0739499
   1.26129   0.063523   0.743504    3.21238    1.66483   -3.32897   0.530387   -1.83631   0.577563    0.80484  -0.487495   0.261799   -0.73949   -1.47024  -0.718298   0.286694  -0.269937   0.183797   0.322344   0.169004   -1.41152   0.483708   0.286098   0.154736   0.665818  -0.166803   -0.38769   -1.04992  -0.710679  -0.298009  -0.920015 -0.0257217   0.702685    0.21849
   1.22467   0.072907   0.759093    3.17959    1.77727   -3.31685   0.425798   -1.81963   0.499855   0.892244  -0.468101   0.261799  -0.697671   -1.46967  -0.650999   0.366759   -0.24365   0.203482   0.229825   -0.14955   -1.36384   0.790386   0.282281    0.28039   0.797142  -0.162798  -0.541672   -1.38492  -0.622358 0.00942839    -1.7821  -0.112934   0.303575  -0.103754
  1.22419 0.0730133  0.759344   3.17996    1.7795  -3.31764  0.424132  -1.81893  0.498817  0.893961 -0.468157  0.261799 -0.696842  -1.46981 -0.649499  0.369043 -0.243755  0.203812   0.22717 -0.156728  -1.36331  0.797218  0.275079  0.285485  0.791989 -0.163064  -0.53059  -1.38302 -0.619899  0.010815  -1.77172 -0.106989  0.291641 -0.114472
   1.21758 -0.0400593   0.783393    3.20143    1.78388   -3.22896   0.451236   -1.70941   0.488063   0.713616  -0.378301  0.0958736   -0.79365   -1.56998  -0.774663  0.0557789   0.155904  0.0301201  0.0634382  -0.264778   -1.29937   0.907615   0.243616   0.159893   0.724883 -0.0324694  -0.572587   -1.25523  -0.370802  -0.145621   -1.87708  0.0597222   0.250962 -0.0627487
   1.21628 -0.0449227   0.783973    3.20427    1.78255   -3.22689   0.454216   -1.70558    0.48984   0.702065  -0.371567   0.089269  -0.791209   -1.57216  -0.773117  0.0529604   0.158994  0.0235713  0.0569168  -0.267848   -1.30366   0.912549   0.240828   0.157744   0.722386 -0.0262097  -0.577086   -1.25679  -0.361856  -0.149307   -1.87948  0.0665901   0.251857 -0.0600231
   1.23709  0.0597312   0.769614    3.14014    1.89399   -3.30212   0.523402   -1.72217   0.610912   0.977794  -0.533354   0.261799  -0.768436   -1.55988  -0.712646   0.256643  0.0539963    0.17808   0.122151  -0.399741   -1.01399   0.961598 -0.0972151   0.193827   0.908157 -0.0630604  -0.107056   -1.48703  -0.500013  -0.155897   -2.07368  -0.278804   0.780877  -0.129405
   1.19282  -0.160291   0.793589    3.31029    1.83898   -3.29564   0.779778   -1.55606   0.819002   0.568467   -0.31358  -0.020188  -0.474148   -1.73854  -0.457673   0.302306   0.114111 -0.0855712  -0.252241   -0.46931   -1.27857    1.16535 -0.0601301   0.126551    0.59723   0.136697  -0.415116   -1.45736  -0.370012   -0.27457   -2.32351  0.0957714   0.975391  -0.237308
    1.27175   0.0127338    0.738359     3.24817     1.98659    -3.41014    0.834915    -1.65509    0.982828     1.16861   -0.720722    0.261799   -0.653712    -1.63306   -0.551793   0.0619477    0.391312    0.150119 -0.00837246   -0.342427   -0.887794    0.875737   0.0656003    0.180534    0.856591   -0.115633   -0.212902    -1.29071   -0.540332   -0.248122    -2.28654   -0.216262    0.903605   -0.232045
    1.4015  0.0996014   0.739408    3.00601    1.91226   -3.27574   0.124347   -1.48002   0.167138    1.03452  -0.785719   0.261799  -0.594573   -1.59945   -0.55259   0.241652   0.121031   0.261799   0.274421  -0.403281  -0.597736   0.720103   0.170178  0.0955911   0.970885  -0.338013 0.00223703   -1.10637  -0.536924  -0.217699     -2.488  -0.377139   0.831887  -0.244122
   1.21883  -0.288695   0.779924    3.33323    2.22388   -3.15978   0.377004   -1.34941   0.341979   0.934401  -0.488306  -0.261799  -0.187756   -1.81132  -0.219818   0.692662   0.196252  -0.234296  -0.222254  0.0511603   -1.09592   0.923838  -0.262296  -0.806036   0.655493  -0.502223 0.00896251   -1.13643   -0.18849    -0.2683   -2.12194   0.564304   0.743592  0.0267608
