4
0
     1.70001     0.199997 -1.11792e-05
18.4982 -5.5069 184.714
0 0 1
1
     1.70001    -0.400005 -1.14756e-05
-37.258 29.2446 119.581
0 0 1
4
         0.7     0.200001 -6.08985e-06
21.0645 32.8766 151.907
-0 -0  1
5
         0.7    -0.400001 -7.45364e-06
-2.30462 -56.6143  174.096
-0 -0  1
3
0
     1.70001     0.199997 -1.11792e-05
15.1744 5.37441 287.712
0 0 1
4
         0.7     0.200001 -6.08985e-06
-6.21687 -5.73117  65.0001
-0 -0  1
5
         0.7    -0.400001 -7.45364e-06
 -8.9575 0.356761  277.586
-0 -0  1
4
0
     1.70001     0.199997 -1.11792e-05
60.2561 10.7627 194.177
0 0 1
4
         0.7     0.200001 -6.08985e-06
 83.2815 -9.37391  244.136
-0 -0  1
5
         0.7    -0.400001 -7.45364e-06
 65.0795 -64.1885   227.64
-0 -0  1
1
 1.9 -0.4 0.55
-208.617  62.7997 -35.6553
          -1  5.48367e-05 -7.49257e-05
3
0
     1.70001     0.199997 -1.11792e-05
58.7004 122.974 272.535
0 0 1
5
         0.7    -0.400001 -7.45364e-06
 238.359 -49.8445  487.056
-0 -0  1
1
 1.9 -0.4 0.55
 -297.06 -73.1293 -129.294
          -1  5.48367e-05 -7.49257e-05
4
0
     1.70001     0.199997 -1.11792e-05
99.3287 19.5959 247.767
0 0 1
5
         0.7    -0.400001 -7.45364e-06
 99.9183 -27.2186  250.822
-0 -0  1
1
 1.9 -0.4 0.55
-234.277  52.4881 -37.7208
          -1  5.48367e-05 -7.49257e-05
4
0.9   0   0
 35.0297 -44.8654  169.429
0 0 1
3
5
         0.7    -0.400001 -7.45364e-06
 29.0693 -14.5337       65
-0 -0  1
1
 1.9 -0.4 0.55
-264.052  91.0865  65.1802
          -1  5.48367e-05 -7.49257e-05
4
0.9   0   0
 234.983 -76.5528  500.117
0 0 1
4
5
         0.7    -0.400001 -7.45364e-06
 54.3104 -23.6005  164.341
-0 -0  1
1
 1.9 -0.4 0.55
-123.043  -19.207 -12.3698
          -1  5.48367e-05 -7.49257e-05
4
0.9   0   0
204.928 28.0667 454.003
0 0 1
0
 1.9  0.2 0.55
-136.195  14.7408  24.3225
          -1 -2.39911e-05 -7.49256e-05
3
5
         0.7    -0.400001 -7.45364e-06
34.9466 23.8379 147.124
-0 -0  1
4
0.9   0   0
188.716 30.1058 422.072
0 0 1
0
 1.9  0.2 0.55
-223.663 -53.9436  61.1011
          -1 -2.39911e-05 -7.49256e-05
4
5
         0.7    -0.400001 -7.45364e-06
29.4115 -12.216 88.6516
-0 -0  1
4
0.9   0   0
246.659 11.2379 608.403
0 0 1
0
 1.9  0.2 0.55
-158.737  37.8707 -26.4361
          -1 -2.39911e-05 -7.49256e-05
1
 1.9 -0.4  1.1
-117.333 -36.8925 -40.3214
          -1  5.48379e-05 -0.000124879
3
5
         0.7    -0.400001 -7.45364e-06
 29.0682 -14.5358       65
-0 -0  1
4
0.9   0   0
 77.9846 -13.7508   559.93
0 0 1
1
 1.9 -0.4  1.1
-107.053  28.2867  5.36773
          -1  5.48379e-05 -0.000124879
4
5
         0.7    -0.400001 -7.45364e-06
168.646 60.9699 446.485
-0 -0  1
4
0.9   0   0
 47.7572 -35.4706  197.419
0 0 1
1
 1.9 -0.4  1.1
-121.743 -30.7718   8.1364
          -1  5.48379e-05 -0.000124879
0
 1.9  0.2 1.15
-94.6599  5.27247 -21.7425
          -1 -3.42724e-05  -7.4925e-05
3
5
         0.7    -0.400001 -7.45364e-06
32.9177 64.3897 305.247
-0 -0  1
4
0.9   0   0
 110.286 -35.4598   331.19
0 0 1
0
 1.9  0.2 1.15
-143.203 -28.9299 -6.13908
          -1 -3.42724e-05  -7.4925e-05
4
5
         0.7    -0.400001 -7.45364e-06
-13.1284   7.5332  240.457
-0 -0  1
4
0.9   0   0
 171.261 -14.9272  423.888
0 0 1
0
 1.9  0.2 1.15
-104.362 0.265836 -33.4857
          -1 -3.42724e-05  -7.4925e-05
1
 1.9 -0.4  1.4
 -53.7709   7.12819 -0.562405
          -1  4.79796e-05 -7.49183e-05
3
4
0.9   0   0
 126.286 -41.5148  634.484
0 0 1
0
 1.9  0.2 1.15
-14.9994 -2.88533 -6.92413
          -1 -3.42724e-05  -7.4925e-05
1
 1.9 -0.4  1.4
-111.287  44.4001  2.73748
          -1  4.79796e-05 -7.49183e-05
4
4
0.9   0   0
 128.412 -18.6027  266.456
0 0 1
0
 1.9  0.2 1.15
-17.3726  4.85598 -6.89878
          -1 -3.42724e-05  -7.4925e-05
1
 1.9 -0.4  1.4
-101.644  34.2063 -15.1854
          -1  4.79796e-05 -7.49183e-05
5
 0.9 -0.2    0
-9.39524 -20.4595  385.926
-0 -0  1
3
4
0.9   0   0
-19.1309 -33.5102  232.202
0 0 1
1
 1.9 -0.4  1.4
-92.4475  14.6633  11.6978
          -1  4.79796e-05 -7.49183e-05
5
 0.9 -0.2    0
111.578 18.8468 386.398
-0 -0  1
4
4
0.9   0   0
28.4485  3.1902      65
0 0 1
1
 1.9 -0.4  1.4
-119.294  26.3756  -17.117
          -1  4.79796e-05 -7.49183e-05
5
 0.9 -0.2    0
 107.353 -26.1357  589.078
-0 -0  1
0
1.9 0.2 1.4
-16.5076 -3.43013 -6.66325
          -1  -3.4273e-05 -7.49196e-05
