    1.33827 -0.00217744    0.705991     2.59735     1.95099    -2.44997    0.182659    -1.73621  -0.0713825     1.16209   -0.707202   -0.196242     -1.0651    -1.11442    -1.21558    0.961322   -0.811172    0.261799    0.307117   -0.176011   -0.901178    0.485413    0.240006   -0.226283    0.734657   -0.072093   -0.440681    -0.70564   -0.605065    -0.34431   -0.717141   -0.192935    0.314359   0.0750764
   1.30205 -0.0424903    0.70674    2.55657    1.97932   -2.35587   0.220165   -1.78056 -0.0839061    1.12067  -0.626922  -0.261799   -1.20885   -1.14731     -1.393     1.0974  -0.864821   0.191482   0.269563  -0.213426  -0.983122   0.555039   0.218982   -0.18441   0.702819 0.00635753  -0.475658  -0.777756  -0.568516  -0.388366  -0.665666  -0.107189   0.321284  0.0121228
    1.13863  -0.0599026    0.748672     2.67992     2.12754    -2.49363    0.372838    -1.84153   0.0160583     1.06373   -0.358102   -0.261799     -1.3603    -1.19602    -1.53838     1.11808   -0.660978    0.148812    0.463919    0.282564    -1.30253    0.608419 0.000439488   -0.966073    0.702178   -0.401229  -0.0568598   -0.744985    -1.09461   -0.572541   -0.420587 -0.00876849    0.502999  0.00966861
   1.13892 -0.0595843   0.747958    2.67848      2.129    -2.4926   0.374397   -1.84448   0.016143    1.07029  -0.360981  -0.261799   -1.35943   -1.19558   -1.53843    1.12112  -0.663127   0.149385   0.464888   0.280227    -1.2977   0.608372 0.00589425  -0.975617   0.704581  -0.395171  -0.063634   -0.74224   -1.09315   -0.56671  -0.424158 -0.0141345   0.504719 0.00693634
   1.12094 -0.0628384   0.764733    2.78524    2.25585   -2.63474   0.392595   -1.75839  0.0174702    1.15162  -0.377862  -0.261799    -1.1515   -1.21415   -1.30598    1.14147  -0.610621   0.150811   0.295637 -0.0773462    -1.2577   0.805899 -0.0307746  -0.805729   0.601081  -0.380761   -0.12504  -0.940445   -1.06551  -0.342652   -1.24259  -0.418155 -0.0295259  0.0702682
   1.11184 -0.0184575    0.76935    2.79299    2.21511    -2.6817   0.383473   -1.79993  0.0743408    1.17307  -0.376063  -0.186038   -1.15095   -1.20181   -1.25819     1.0195  -0.527577   0.213451   0.333427 0.00854482   -1.30778   0.708504  0.0121748  -0.793743   0.614855  -0.396617  -0.196268  -0.984867   -1.25367  -0.235496   -1.20428  -0.455841 -0.0237809 -0.0147554
   1.13218  0.0134021   0.785707    2.74757    2.23098   -2.69135    0.38291   -1.74814  0.0658053    1.16847   -0.40649  -0.141229   -1.16558   -1.35175   -1.35226   0.914912  -0.362619   0.102184   0.421611  0.0633676   -1.23167   0.648493  0.0551037  -0.785007   0.641581  -0.477833  -0.213774  -0.919392   -1.32018  -0.197041   -1.17934   -0.47265 -0.0769601 -0.0570164
    1.16638 -0.00648592    0.752248     2.81174     2.31308    -2.74008    0.401458    -1.75108   0.0680317     1.41622   -0.564679   -0.177268    -1.22836    -1.35793    -1.40608     1.19441   -0.540218   0.0766835    0.461263   0.0578891    -1.03345     0.66435    0.112233   -0.864945    0.689847   -0.480983     -0.1451   -0.765668    -1.16042   -0.373005    -1.40166   -0.319438    0.101359  -0.0265778
    1.1369 -0.0126552   0.803806     2.8781    2.24731   -2.80132   0.389276   -1.62067   0.132458      1.067  -0.386241  -0.154515   -1.09451   -1.36639   -1.22063   0.915701  -0.341613   0.075792    0.17231  -0.122284   -1.18522   0.743325  0.0329952  -0.771216   0.568593  -0.438064  -0.283321  -0.893153   -1.23678  -0.465656      -1.58  -0.439427   0.403321  -0.213892
    1.12404  -0.0605709    0.782622     2.83511     2.31033    -2.71274    0.513005    -1.66784     0.16345     1.14715   -0.391468   -0.227735     -1.2251    -1.37741    -1.43894     1.08617   -0.437482 -0.00411346    0.102773   -0.266786    -1.21998    0.869871  -0.0615259   -0.706482     0.52169   -0.377705   -0.219903   -0.931188    -1.06467   -0.440273    -1.45696   -0.394847    0.307806    -0.20827
    1.1209  -0.104303   0.770891    2.79452    2.31992   -2.72451   0.438599   -1.86029    0.10692    1.21806  -0.257619  -0.158151   -1.18488   -1.47037   -1.46578    1.09586  -0.430232 -0.0691815   0.057981  -0.258759   -1.24703   0.955316  -0.133099  -0.727888   0.498446   -0.30905   -0.17367  -0.944616  -0.956004  -0.478978   -1.45861  -0.339772   0.310439  -0.215701
    1.1629  -0.198689   0.780444     2.8886    2.29736   -2.71654   0.541811   -1.68417   0.209765    1.00458  -0.243412  -0.261799   -1.10929   -1.49841   -1.40653     1.1375  -0.497289  -0.201673  -0.177502  -0.371039   -1.18939    1.13113  -0.309461  -0.798937   0.511769  -0.266393 -0.0590883  -0.800656  -0.623217  -0.667444   -1.62741  -0.203916   0.301877  -0.226521
  1.12393 0.0247643  0.772091   2.88807   2.28829  -2.88864   0.55196  -1.87152  0.466278   1.27166 -0.303849 0.0966607  -1.31897  -1.41642  -1.40881  0.842311 -0.167608  0.121096  0.192926 -0.061833  -1.24764  0.686231 0.0244391 -0.670106  0.594714 -0.451426 -0.353151 -0.973597  -1.39136 -0.273741  -1.35779 -0.616868  0.282434 -0.186277
   1.14072 -0.0080976   0.777817    2.92439    2.30267   -2.90576    0.56375   -1.82041   0.464744    1.27098  -0.334271  0.0510356   -1.30765   -1.43921   -1.40417   0.905022  -0.212391  0.0758289    0.19013 -0.0832462   -1.10642   0.753867  0.0899355  -0.750025   0.571478  -0.444383  -0.250655   -1.00872   -1.21805  -0.287754   -1.49383  -0.415167   0.393103  -0.216217
   1.15397 0.00861484   0.786578    2.97697    2.31047    -2.9631   0.537646   -1.82036   0.495033    1.10192  -0.149812    0.08262   -1.21903   -1.42736    -1.2605   0.893735  -0.204132   0.108062   0.189052 -0.0721168   -1.05611   0.730474   0.108016  -0.725666   0.592814  -0.504698  -0.247804  -0.997789   -1.18583  -0.292278   -1.48507  -0.475952   0.379729  -0.114157
    1.1542 0.00918055   0.787869    2.98108    2.30797   -2.96903   0.537138   -1.81513   0.498117    1.09344  -0.148047  0.0842938   -1.20862   -1.42844   -1.24606   0.884197  -0.197953   0.109818   0.187113 -0.0694291    -1.0558   0.730479   0.107566  -0.724578   0.594023   -0.50776   -0.24777   -1.00014   -1.18217  -0.293977   -1.48499  -0.481752   0.379697  -0.103347
   1.17375  0.0125963   0.777838    2.98419    2.36932   -2.97274   0.567663   -1.81846    0.53678    1.24114  -0.235133  0.0959253   -1.22121   -1.42394   -1.25466   0.688624  0.0593361    0.11556   0.212908 -0.0823948  -0.976087    0.71782   0.116277   -0.69059   0.617401  -0.554721  -0.221386  -0.947625   -1.12389  -0.311559   -1.49086  -0.483933   0.387489 -0.0543595
  1.31198 -0.227767  0.818474   3.04331    2.3062  -2.91773  0.513511  -1.39899  0.278476  0.814371  -0.26559 -0.261799 -0.853569  -1.57085  -1.05173  0.896334 -0.183179 -0.199589 -0.238508 -0.130235 -0.564929   1.00791 0.0999494  -1.18715  0.609729 -0.361796 -0.145713 -0.401536 -0.250095 -0.860758  -2.25117 -0.170115    0.3852 -0.137254
   1.35043  -0.193143   0.877465    3.19803    2.51364   -2.92076  0.0409472  -0.906359  -0.158983   0.446537  -0.188415  -0.261799  -0.671947   -1.28018  -0.732166    1.01527  -0.299193  -0.103782 -0.0609708    0.03753  -0.480691   0.783668   0.116219   -1.29302   0.721923  -0.269563 -0.0756087  -0.183318  -0.220061  -0.855023   -2.12389 -0.0517374   0.225692  0.0169108
   1.35194  -0.192709    0.87824    3.19578     2.5172   -2.91637  0.0407985  -0.898207   -0.16308   0.440949  -0.188101  -0.261799  -0.666842   -1.27339  -0.729198    1.01647  -0.303026  -0.102762 -0.0595762  0.0345871  -0.478141    0.78194   0.112734   -1.28891   0.720998  -0.274317 -0.0749572  -0.177694  -0.215935  -0.855528   -2.11892 -0.0522848   0.217352  0.0157785
   1.37245  -0.191309   0.880841    3.20371    2.55214   -2.92287     0.0206  -0.943168   -0.17969   0.407146 -0.0726944  -0.261799  -0.608836   -1.23672  -0.660412    1.05891  -0.350004 -0.0907356 -0.0632687  0.0433358  -0.431743   0.763607  0.0917731   -1.27022   0.717401  -0.315462 -0.0650809  -0.117689  -0.162283  -0.857443     -2.104 -0.0515458   0.157856  0.0122316
    1.46302   -0.156593    0.899912     3.22969     2.61561    -2.91696  -0.0307408   -0.726887     -0.2134    0.388129   -0.197243   -0.216351   -0.507517    -1.01787   -0.510104     1.05247    -0.48636  -0.0175474 -0.00202726   0.0501027   -0.189584    0.611898   0.0875985    -1.33267    0.716788   -0.491972  -0.0710955    0.166974           0     -0.8498    -2.19738  -0.0606387  -0.0107848  0.00230424
    1.47393    -0.14743    0.903883     3.22693     2.63314    -2.92088  -0.0318822   -0.695836   -0.211522    0.397684   -0.219159   -0.203902   -0.531547    -1.03705   -0.524315     1.03031   -0.424274 -0.00825775   0.0187182   0.0435828    -0.15401    0.584656   0.0888788    -1.32669    0.716791   -0.525269  -0.0731698    0.197773           0   -0.833515    -2.18278  -0.0620446  -0.0356496  0.00173702
     1.4752   -0.146325     0.90422     3.22735     2.63455    -2.92131  -0.0329478   -0.691984   -0.211704    0.397471    -0.22109   -0.202443   -0.530243    -1.03295   -0.521578     1.02938   -0.425849 -0.00633647   0.0207575   0.0425688   -0.149599    0.581371   0.0894394    -1.32717    0.717025   -0.528799  -0.0735546    0.201519           0   -0.831843    -2.18282  -0.0621946  -0.0374684    0.001774
   1.48968  -0.135731   0.907716    3.24642    2.65517   -2.94188 -0.0803911  -0.772399  -0.223015    0.39851  -0.113639  -0.190321  -0.518102  -0.990835  -0.477276    1.02704  -0.444814  0.0154876  0.0273205  0.0374198   -0.10347   0.548484  0.0902659   -1.31841   0.718208  -0.570407 -0.0731465   0.238484          0  -0.808222    -2.1678 -0.0621826 -0.0623905 0.00340193
