4
0
     1.67984       0.1619 -8.31865e-07
-9.11082e-05 -8.88035e-05      204.607
-0 -0  1
1
     1.69494     -0.30598 -1.84034e-06
-6.49499e-05 -7.95159e-05       200.69
0 0 1
4
    0.997946     0.205272 -9.36961e-07
-7.33724e-05  4.62456e-05      116.667
-0 -0  1
5
    0.993968      -0.4035 -4.34011e-06
0.000251083 0.000124086     108.333
0 0 1
3
1
   1.69495  -0.305988 5.9747e-06
0 0 0
0 0 1
4
   0.997948    0.205255 2.68984e-06
0 0 0
-0 -0  1
5
  0.993961   -0.40348 8.4678e-07
0 0 0
0 0 1
4
1
    1.69493   -0.305973 4.74505e-06
20.6991 1.32945 197.421
0 0 1
4
   0.997946    0.205254 7.02436e-06
23.4479 5.07695 205.342
-0 -0  1
5
   0.993961    -0.40348 2.42787e-06
20.1749 5.09842 195.373
0 0 1
0
 2.09999 0.200005  0.65001
-64.3221 -11.5047   32.161
         -1 1.28488e-10 7.49511e-05
3
4
   0.997944    0.205253 1.05032e-05
   88.2453 -0.0906052    263.117
-0 -0  1
5
   0.993961   -0.403479 3.74523e-06
    74.6448 -0.00233808     285.736
0 0 1
0
 2.09999 0.200008 0.650019
  -162.89 0.0930583   81.4451
         -1 1.28488e-10 7.49511e-05
4
4
  0.997943   0.205252 1.1058e-05
   79.9945 -0.0692377    275.158
-0 -0  1
5
   0.993961   -0.403479 4.07557e-06
   79.9948 -0.0693163    275.145
0 0 1
0
 2.09999 0.200009 0.650036
 -79.9695 0.0693219   39.9847
         -1 1.28488e-10 7.49511e-05
1
  2.09999 -0.399969  0.650019
 -80.0201 0.0693183   40.0101
          -1 -4.80007e-05  7.49512e-05
3
4
    0.99794     0.20525 1.79211e-05
0 0 0
-0 -0  1
0
 2.09999 0.199999 0.650042
0 0 0
         -1 1.28488e-10 7.49511e-05
1
  2.09997 -0.399983  0.650018
0 0 0
          -1 -4.80007e-05  7.49512e-05
4
4
  0.997939   0.205249 1.8741e-05
 70.6102 -1.25226  278.696
-0 -0  1
0
 2.09999 0.199998 0.650043
-71.7251  1.13822  35.8626
         -1 1.28488e-10 7.49511e-05
1
  2.09997 -0.399983   0.65002
-70.6249  1.13819  35.3125
          -1 -4.80007e-05  7.49512e-05
5
        1.1   -0.299999 2.50811e-06
 71.7398 -1.02414  280.426
0 0 1
3
4
   0.997952    0.205246 4.21098e-05
 80.9206 -2.25253  258.919
-0 -0  1
0
 2.09999 0.199997 0.650059
-151.325  6.62953  75.6626
         -1 1.28488e-10 7.49511e-05
5
        1.1   -0.299997 3.12432e-05
 70.4041 -4.37772  295.716
0 0 1
4
4
   0.997951    0.205249 6.85833e-05
  66.1477 -0.889249   281.752
-0 -0  1
0
 2.09998  0.20001 0.650061
-66.8367 0.944203  33.4183
         -1 1.28488e-10 7.49511e-05
5
        1.1   -0.299992 4.68857e-05
  67.4273 -0.630782   281.758
0 0 1
1
      2.1 -0.399986       0.9
-66.7386 0.576152  33.3693
          -1 -6.17129e-05  0.000112424
3
0
 2.09996 0.200042 0.650055
0 0 0
         -1 1.28488e-10 7.49511e-05
5
    1.09999   -0.299984 6.78653e-05
0 0 0
0 0 1
1
  2.09999 -0.399964  0.900006
0 0 0
          -1 -6.17129e-05  0.000112424
4
0
 2.09996 0.200051 0.650045
 -62.3207 -0.168512   31.1604
         -1 1.28488e-10 7.49511e-05
5
    1.09998   -0.299984 7.20995e-05
 61.9868 0.289254  283.979
0 0 1
1
  2.09999 -0.399958  0.900001
 -61.5852 -0.409857   30.7926
          -1 -6.17129e-05  0.000112424
4
   1.09999   0.100004 6.9328e-06
 61.9187 0.289319  284.365
0 0 1
3
0
 2.09995 0.200046  0.65003
0 0 0
         -1 1.28488e-10 7.49511e-05
1
  2.09997 -0.399993  0.900004
0 0 0
          -1 -6.17129e-05  0.000112424
4
    1.09999     0.10004 3.20127e-05
0 0 0
0 0 1
4
0
 2.09993  0.20005 0.650031
-64.6425 -4.75376  32.3213
         -1 1.28488e-10 7.49511e-05
1
  2.09994 -0.400035  0.899997
-53.2427 -11.9881  26.6214
          -1 -6.17129e-05  0.000112424
4
    1.09998    0.100039 4.70502e-05
57.7446 8.07093 291.851
0 0 1
5
    1.19999   -0.299998 1.14746e-05
60.1393 8.67077 279.504
0 0 1
3
0
 2.09994 0.200043 0.650052
0 0 0
         -1 1.28488e-10 7.49511e-05
1
  2.09993 -0.400062  0.900021
0 0 0
          -1 -6.17129e-05  0.000112424
5
    1.19999   -0.299998 1.68709e-05
0 0 0
0 0 1
4
0
 2.09993 0.200055 0.650038
 -59.155 -2.37471  29.5775
         -1 1.28488e-10 7.49511e-05
1
 2.09993 -0.40005 0.900012
-51.7576 -5.67099  25.8788
          -1 -6.17129e-05  0.000112424
5
        1.2   -0.299975 3.77617e-05
55.9396 4.02311 284.792
0 0 1
4
    1.19998    0.100011 5.65314e-06
54.9731 4.02349 290.049
0 0 1
3
0
 2.09993 0.200064 0.650027
-2.23477  1.11738 -1.11738
         -1 1.28488e-10 7.49511e-05
1
 2.09993 -0.40004 0.900006
-99.8312  49.9156  49.9156
          -1 -6.17129e-05  0.000112424
4
    1.19997    0.100019 9.79923e-06
 102.066 -51.0325  581.499
0 0 1
4
0
 2.09993 0.200068 0.650027
-48.9836 -2.36314  24.4918
         -1 1.28488e-10 7.49511e-05
1
  2.09993 -0.400038  0.900007
-37.4664 -5.12529  18.7332
          -1 -6.17129e-05  0.000112424
4
    1.19997    0.100021 1.14558e-05
42.9645 3.64643 298.828
0 0 1
5
       1.35   -0.299996 3.45764e-07
43.4853 3.84213 288.244
0 0 1
3
1
  2.09994 -0.400031  0.900027
-86.6009  8.16663  43.3004
          -1 -6.17129e-05  0.000112424
4
   1.19997   0.099983 1.3349e-05
 41.4599 -4.77376  292.076
0 0 1
5
    1.34999   -0.299992 4.78962e-06
 45.1409 -3.39313  294.922
0 0 1
4
1
  2.09993 -0.400036  0.900022
-61.1537  8.26157  30.5768
          -1 -6.17129e-05  0.000112424
4
    1.19996    0.099949 1.01219e-05
 58.1479 -7.86006  282.801
0 0 1
5
    1.34998   -0.299988 1.30379e-05
 56.0091 -8.66232  290.418
0 0 1
0
 2.09999 0.200004 0.899995
-53.0036   8.2606  26.5018
          -1 -5.78184e-10  0.000112424
3
1
  2.09992 -0.400041  0.900018
0 0 0
          -1 -6.17129e-05  0.000112424
5
    1.34997   -0.299985 2.04691e-05
0 0 0
0 0 1
0
 2.09999 0.200008 0.899991
0 0 0
          -1 -5.78184e-10  0.000112424
4
1
  2.09991 -0.400048   0.90002
-54.6549  7.84321  27.3275
          -1 -6.17129e-05  0.000112424
5
    1.34996   -0.299971 2.71578e-05
49.9755 -7.9614   293.4
0 0 1
0
 2.09998 0.200009 0.899991
-47.2006  7.84226  23.6003
          -1 -5.78184e-10  0.000112424
4
        1.3   0.0999941 1.85656e-06
 51.8799 -7.72397   285.97
-0 -0  1
3
1
  2.09991 -0.400043  0.900015
0 0 0
          -1 -6.17129e-05  0.000112424
0
 2.09997 0.200026 0.899999
0 0 0
          -1 -5.78184e-10  0.000112424
4
        1.3   0.0999924 6.95856e-06
0 0 0
-0 -0  1
4
1
 2.09991 -0.40004 0.900012
-60.2088  4.01732  30.1044
          -1 -6.17129e-05  0.000112424
0
 2.09997 0.200035 0.900004
-56.4668  4.01709  28.2334
          -1 -5.78184e-10  0.000112424
4
        1.3   0.0999914 9.35729e-06
  58.808 -3.89954  284.263
-0 -0  1
5
        1.4   -0.299995 4.08368e-06
 57.8674 -4.13472  287.697
-0 -0  1
3
1
   2.0999 -0.400037  0.900009
0 0 0
          -1 -6.17129e-05  0.000112424
0
 2.09996 0.200043 0.900008
0 0 0
          -1 -5.78184e-10  0.000112424
5
   1.39999   -0.29999 7.5645e-06
0 0 0
-0 -0  1
4
1
   2.0999 -0.400036  0.900006
-54.6807  3.69312  27.3403
          -1 -6.17129e-05  0.000112424
0
 2.09996 0.200049 0.900012
-51.372 3.69306  25.686
          -1 -5.78184e-10  0.000112424
5
    1.39999   -0.299985 1.03925e-05
 52.6249 -3.69298  290.586
-0 -0  1
4
        1.4    0.100001 1.95447e-06
 53.4276 -3.69307  286.685
0 0 1
