   0.345159  -0.0659159    0.727154     2.77275     1.69407    -2.83265   0.0208293    -1.77879  -0.0364217     0.99962   -0.668932   0.0467975 -0.00478575    -1.70346  -0.0622767    0.890602   -0.634987   0.0427115  -0.0236055   0.0327607   -0.707632    0.659625   0.0465484   -0.996233    0.676377    0.443535   -0.279072    -0.69928   -0.614039   -0.100137   -0.940449   -0.642097     0.31942    0.179788
    0.25174   -0.212211    0.744495     2.87902     1.63283    -2.71743   0.0141281    -1.74397  -0.0307259    0.592337    -0.36129   -0.169819   0.0397559    -1.91986 -0.00521535    0.929751   -0.522457   -0.169678   -0.299519   -0.206711    -1.13245    0.844221  -0.0116005    -0.76978    0.712337     0.76662   -0.569232    -1.03398   -0.499778   -0.135558   -0.679001   -0.557005    0.297815   0.0713324
  0.408538   -0.26326   0.706062    2.84232    1.72488   -2.60275   0.102207   -1.46347 0.00393677   0.597247  -0.572579  -0.248849   0.146237   -1.62821  0.0479553    0.97395  -0.784369  -0.249054  -0.235227  -0.190779   -1.05015    0.87089 0.00174642  -0.714033     0.4257   0.567614  -0.209772  -0.902318  -0.244293   -0.31507  -0.394067  -0.378758  -0.102196   0.154509
 0.236234 0.0474833  0.750924   2.66658   1.63762  -2.85612  0.178714  -1.91986   0.15606  0.871071 -0.453943   0.23998  -0.15559  -1.59248 -0.192036   0.32049 -0.226979  0.179041  0.297342  0.148435  -1.33142   0.80227 0.0706489 -0.521783  0.243007  0.534865  0.252767  -1.38662 -0.598502 -0.196758 -0.373736 -0.378628  0.508545  0.628693
   0.26972  0.0649365     0.7361    2.63425    1.64268   -2.86932   0.114998   -1.91986  0.0866128   0.970212  -0.544562   0.261799 -0.0451436   -1.59394 -0.0815531   0.411385    -0.3102   0.226672   0.210309   0.264697   -1.35751   0.610149 -0.0357963  -0.576732 -0.0175119   0.573732   0.471765   -1.59059  -0.850542  -0.144069  -0.333357  -0.168161   0.576671   0.341769
  0.509828   0.125195   0.718389    2.94332    1.87902    -2.8866  -0.388694  -0.844426  -0.495906    0.22419   -0.56953   0.261799   -0.45563  -0.926657  -0.546844   0.428937  -0.681534   0.253986   0.478115  -0.188397  -0.888931   0.417256   0.408121  -0.260182   0.811784  -0.129433  -0.365253   -1.15919  -0.689325 -0.0746243  -0.300459  -0.266952   0.273926   0.416875
  0.324984   -0.28874   0.752326    2.84787    1.64928   -2.83959    1.09755   -1.30672    1.07147  0.0341541 -0.0859721  -0.241002   0.523599   -1.20279   0.496275          0  -0.246245  -0.187848  -0.327318 -0.0847384   -1.54247    0.90724 -0.0583322  -0.545164   0.209878   0.700993  -0.313735   -1.24748  -0.513424  -0.134525  -0.624694   0.098472    0.46515  -0.583525
   0.29114   0.110182    0.75244     2.7803    1.63263   -2.81243   0.704501   -1.91986   0.728955   0.538672  -0.213537   0.261799  -0.894998    -1.4108  -0.931279   0.322543  -0.354191   0.154367   0.327398  0.0941845   -1.28375   0.638354 -0.0359169  -0.660707  0.0671471   0.537298    0.56601   -1.72241  -0.844638  0.0929147   -0.31251  -0.151221    0.60084   0.301588
   0.642422 -0.00832709    0.721759     2.91503     1.80224    -2.70509   -0.150576   -0.947182   -0.265159   0.0711008   -0.466054  -0.0632658   -0.735738    -1.06766   -0.820917    0.666234   -0.801062    0.148671    0.264697   -0.353059   -0.522466    0.396349    0.545833   -0.554887    0.186828    -0.20102   0.0836568   -0.842909   -0.449852   -0.213204   -0.361129   -0.401153   -0.106701    0.416233
  0.280851  -0.238185   0.757707       2.72    1.62755    -2.6963    1.14353   -1.41073    1.11673          0 -0.0190896  -0.168187    -1.5354   -1.78121    -1.5708   0.252821  -0.200451  -0.235006  -0.337746  -0.139571   -1.76174   0.787418  -0.098692     -0.327 -0.0422145   0.645394  -0.196033   -1.57096   -0.62698 -0.0984381 -0.0473993  -0.355871   0.188125 -0.0666058
 0.323734 -0.288883  0.739812   2.74419    1.5095  -2.73429   1.42197  -1.36531    1.4603  0.101633 -0.182224 -0.215067 -0.977456  -1.87826 -0.961424  0.320062 -0.198387 -0.261799 -0.448696 -0.433287  -2.32145  0.843593 -0.249892 -0.307541 -0.322651  0.950061 -0.343163  -1.72401 -0.312079 0.0804841 0.0929206 -0.474704 0.0373832 -0.183505
  0.390379  -0.115032   0.765145    2.77777     1.6568   -2.78062    1.21483   -1.57411    1.18461   0.447352  -0.365787 0.00475975   -1.00749   -1.61572   -1.04148   0.466268  -0.363083 -0.0372893  -0.084615  -0.105415   -1.70025   0.805722   0.004248   -0.22444  -0.018791   0.511934 -0.0371662    -1.3689  -0.586057  -0.037455  -0.106828  -0.389127  0.0738539  0.0708003
    0.41151  -0.0779457    0.759087     2.77101     1.65441    -2.78326     1.18616    -1.61787     1.16053    0.520156    -0.42314   0.0544618    -1.01231    -1.56777    -1.04146    0.471579   -0.394838   0.0137048  -0.0412551 -0.00764704    -1.63746    0.690904   -0.011258   -0.234645   -0.037862    0.459613   0.0940099    -1.60794   -0.775574  -0.0066417   -0.132478   -0.341146    0.345542    0.142178
  0.455608  -0.175285   0.746515    2.81727    1.69724   -2.74626   0.849195   -1.50255   0.795697   0.490368  -0.421426  -0.122977   -1.02076   -1.63694   -1.07738   0.722231  -0.574038  -0.132531  -0.198603  -0.109719    -1.5935   0.738385  0.0148873  -0.192815 -0.0139384   0.438236   -0.10544   -1.44953   -0.67049 -0.0804411 -0.0557412  -0.392562   0.169904   0.023706
   0.52603  -0.177977   0.746222    2.90679    1.70952    -2.7185   0.858915    -1.6537   0.810949   0.379478  -0.195582  -0.131443  -0.931064   -1.50135  -0.982006   0.782834   -0.69479  -0.133679  -0.224155  -0.191096   -1.41582   0.712415  0.0702713  -0.171919  0.0473247   0.302732  -0.142474   -1.24473  -0.626802  -0.133453  -0.088394  -0.432743  0.0522633 0.00927738
  0.511332  -0.285044   0.724559    2.91319    1.68883   -2.73352   0.981906   -1.47198   0.928537    0.13925 -0.0899189  -0.261799  -0.678613   -1.68848  -0.737612   0.884224  -0.688354  -0.261799  -0.447187  -0.225379   -1.59773   0.761038 -0.0108629   -0.18549 -0.0387125   0.490434  -0.293165   -1.30313  -0.547449  -0.165276 -0.0210133  -0.487669  0.0229068 -0.0833698
  0.562538  -0.282292   0.708124    2.92402     1.6377   -2.70938   0.972926    -1.5137   0.942754    0.23135  -0.204114  -0.261799  -0.679555   -1.64149  -0.711566   0.870187  -0.755843  -0.261799    -0.4556  -0.390022   -1.82176    0.81728  -0.089701  -0.217742  -0.141025   0.688848  -0.262212   -1.33348   -0.37908   -0.13197  0.0612088  -0.511097   -0.11034 -0.0548824
 0.491411 0.0263491  0.756732   2.89744   1.66818  -2.83683   0.52194  -1.91986  0.535964   0.63438 -0.236758  0.114346 -0.781951   -1.2332 -0.817043  0.232622  -0.37273  0.182951  0.230724   -0.1261  -1.68213  0.822097  0.210018 -0.189682 0.0515059  0.467444 0.0256908  -1.62826 -0.666296  0.136541 -0.104316 -0.182075  0.312272  0.122079
 0.568961 0.0944253  0.745243   2.82439   1.71412  -2.89343   0.38742  -1.91986  0.391792  0.921645 -0.456994  0.198824 -0.899667  -1.32734 -0.922193  0.195072 -0.202443  0.261799  0.423572 0.0209139  -1.41988  0.739651  0.357741 -0.102615  0.224536  0.238223 0.0248642  -1.48017 -0.708445  0.107725 -0.131308 -0.189633  0.292373    0.2653
   0.448423  0.00899585    0.766212     2.80669     1.57961     -2.7963    0.496047    -1.78593    0.503618    0.199553 -0.00210815   0.0928563    -1.35805    -1.44925    -1.36155           0  -0.0169482     0.10853    0.124695    -0.11153    -1.90516    0.820614   0.0579492   -0.235506  -0.0692015    0.612646   0.0688677    -1.73925   -0.663283   0.0932273   -0.131006   -0.227543    0.365584    0.168088
 0.489894 0.0565572  0.754666   2.79524    1.5508   -2.7895  0.583311  -1.88535  0.610131  0.390793 -0.149248  0.172454  -1.35347  -1.38549  -1.35365 0.0197514 -0.079161   0.17516  0.142609 0.0857718  -1.80573  0.565318 0.0715209 -0.305565 -0.138093   0.57256  0.269033  -2.03823 -0.874472   0.15913 -0.211307  -0.13205   0.66529  0.263705
 0.533199 0.0941064  0.746395   2.78968   1.61539  -2.80804  0.655265  -1.91986  0.680027   0.62379 -0.304816  0.235019  -1.27216  -1.34968  -1.28443  0.173293 -0.193569   0.23025  0.249065  0.119967  -1.62439   0.54315  0.113732 -0.309018 -0.112861   0.47045  0.367569  -1.92945 -0.888986  0.146365 -0.169291  -0.15049  0.601204  0.321679
   0.573317  -0.0963871     0.77062      2.7974     1.63605    -2.79092     1.02112    -1.59567    0.999949    0.353279   -0.278518   0.0137992    -1.26273    -1.45464    -1.28019           0     0.02814     0.10428 -0.00509891  -0.0144854    -1.63922    0.731357    0.174114   -0.168667 -0.00906591    0.379712  -0.0785839    -1.63015    -0.72384    0.107662   -0.143391   -0.196902     0.34231  -0.0627121
  0.860126 -0.0299178   0.715531    2.78189    1.81305   -2.88029    0.36726   -1.29216   0.294993   0.779908  -0.812384 0.00850058  -0.698187   -1.32222  -0.737489   0.616466  -0.565054   0.261799   0.215903  0.0280041  -0.879897   0.528405   0.330942 -0.0268058   0.147837  -0.286004   0.120075  -0.998698  -0.574046  0.0536147 -0.0409243   -0.27981  -0.159061 -0.0392723
  0.688523 -0.0943084    0.77898     2.8633    1.68122   -2.83203    1.01788   -1.62566   0.989645   0.250327  -0.114928  0.0130585   -1.20529   -1.42115   -1.22766   0.305899  -0.250476   0.108582 -0.0102306 -0.0328618   -1.33531   0.675815   0.258821   -0.19296  0.0527727   0.181161 -0.0846156   -1.31926  -0.695403  0.0470972  -0.152398  -0.265108   0.124702 -0.0988784
   0.699476  -0.0343025    0.774261     2.86923     1.70266    -2.82222    0.916596    -1.73688    0.898081    0.416093   -0.185898   0.0811396    -1.18943    -1.31592    -1.21144    0.298683   -0.261324    0.190548    0.128735  -0.0514615    -1.25646    0.641701    0.300633   -0.172602   0.0987596   0.0983706 -0.00369184    -1.33306   -0.713395   0.0684316   -0.171616   -0.250956    0.172589  0.00438057
   0.722861 -0.00573899     0.76367     2.87302     1.68281    -2.82073    0.895086    -1.79267    0.890228    0.503622   -0.254852     0.11876    -1.19801    -1.26789    -1.21776    0.294385   -0.291416    0.231148    0.202044   0.0322087    -1.26074    0.532907    0.320432   -0.144528    0.101646   0.0179447   0.0299858    -1.66487   -0.805636    0.163576   -0.186481   -0.125407    0.458058   0.0427307
  0.854872 -0.0159635   0.731657    2.87971     1.7781   -2.88831    1.01864   -1.71584    0.99557   0.905512    -0.6242   0.127442  -0.834502    -1.2349  -0.863077   0.502811  -0.518864   0.261799   0.242664 -0.0517521  -0.865833    0.52342   0.370099   -0.13175   0.100103  -0.242115   0.186804   -1.38254  -0.627055   0.177288 -0.0439297  -0.126008   0.154418  -0.102587
    0.748978   -0.0266247     0.762216      2.85899      1.69433     -2.86154      1.37672     -1.70799      1.36036     0.503272    -0.354726     0.135687     -1.26012     -1.36493     -1.27661            0    0.0605366      0.19883     0.157711    0.0556481     -1.18378     0.535678     0.385507    -0.172779     0.101885 -0.000268381   -0.0488852     -1.58634    -0.781936     0.140583    -0.119783    -0.198178     0.346189     0.042434
   0.681348   -0.322517    0.752571     2.84065     1.66995    -2.84526      1.4947    -1.30474     1.44445    0.230185   -0.166367   -0.261799    -1.24319    -1.78452    -1.29809           0    0.155241   -0.203442   -0.421595 -0.00374397    -1.69046    0.754386    0.146667    -0.21046  -0.0604641    0.488405   -0.459915    -1.63175   -0.727802   0.0334581  -0.0702492   -0.332628    0.300903   -0.276701
    0.716483     -0.32286     0.748495      2.83876      1.60936     -2.85929      1.46102     -1.28647      1.44468     0.210072    -0.208328    -0.261799     -1.20345       -1.801     -1.23084 -1.38778e-17     0.115908    -0.196664    -0.408961    -0.162028     -2.00231      0.84195    0.0412037    -0.252322    -0.210262     0.719108    -0.415046      -1.6983    -0.520122     0.185176      -0.0306      -0.2497      0.23273    -0.479903
    0.720129    -0.299939     0.753987      2.83787      1.61568     -2.85694       1.4627     -1.31982      1.44314     0.235047    -0.223301    -0.230258     -1.17829     -1.76603     -1.20528 -7.63278e-17     0.114363    -0.163589    -0.367567    -0.132209     -1.94351     0.834921     0.072168    -0.233867    -0.180941     0.663798    -0.384467     -1.66933    -0.549018     0.189281   -0.0500104    -0.243388     0.235544    -0.456535
   0.793509  -0.0996845    0.763141     2.83528     1.63451    -2.87151     1.37527    -1.57467     1.35837    0.472267   -0.410123   0.0395613    -1.19792    -1.49491    -1.21152   0.0397062 -0.00488454    0.106839  0.00205036    0.151035     -1.5114    0.588395    0.261834   -0.167472  0.00838715     0.24511   -0.103663     -1.8399   -0.853409    0.206146   -0.104714   -0.187345    0.482001  -0.0128134
  0.973632  -0.240003   0.730939     2.7501    1.84917   -2.79564   0.910207   -1.20906   0.778232   0.668363  -0.661473  -0.227261  -0.847908    -1.6909  -0.974487   0.948844  -0.618346 -0.0699817  -0.264564   0.120467   -1.08894   0.657558   0.204614  -0.309372     0.2087   0.206881   -0.40755   -1.12099  -0.652926  -0.133457  -0.147578  -0.537918   0.074068 -0.0731303
   1.00146  -0.256574   0.712764    2.75205    1.85124   -2.78112   0.880627   -1.17048   0.746525   0.669761  -0.699073  -0.261799  -0.843823   -1.70329  -0.978674    1.04162  -0.703736 -0.0980161  -0.235989     0.0623   -1.37072   0.723767   0.224268  -0.186561  0.0465224   0.351686  -0.369271   -1.25575  -0.550684 -0.0615872   0.105541  -0.479555 -0.0858337   -0.10778
   0.95111 -0.0993722   0.745627    2.72866    1.75318   -2.82045   0.849387    -1.4265    0.77862   0.735213  -0.664472 -0.0159145  -0.954234   -1.52375   -1.00586   0.567546  -0.419668   0.127045  0.0494816  0.0922682   -1.34165   0.678297   0.285328   -0.18058  0.0693396   0.240751  -0.114817   -1.42273  -0.687015  0.0595884  0.0115088  -0.341732   0.119183  0.0342144
  0.960155 -0.0565221   0.734035    2.71446    1.71267   -2.81539   0.802941     -1.494   0.751478   0.773962  -0.695632  0.0449957   -1.00518   -1.47102   -1.04134   0.484132  -0.399859   0.184675   0.122031   0.217977   -1.35678    0.53674   0.260873  -0.191318  0.0168352   0.197783  0.0265807   -1.76028  -0.857342   0.191574 -0.0631888  -0.206055   0.458887  0.0560406
    0.965136    -0.143793     0.742699       2.7167       1.7234     -2.79802     0.835156     -1.34517     0.773206     0.610301    -0.627751   -0.0808999    -0.968489     -1.58497      -1.0219     0.609876    -0.458919    0.0653271   -0.0573483     0.165299     -1.42114     0.610309     0.225158    -0.201485    0.0125177     0.275501    -0.137017     -1.68208    -0.836391     0.101951   -0.0325797    -0.297188     0.362759 -0.000219818
    1.01926   -0.165055    0.758762     2.80103     1.70216    -2.74474    0.919875     -1.5196    0.864676    0.447685   -0.359643  -0.0987056   -0.957475    -1.46318   -0.999915    0.587113   -0.523864   0.0317431   -0.144361 0.000844684    -1.33827    0.637486    0.242433   -0.208938    0.058114    0.213412   -0.228547      -1.537   -0.788695   0.0154605  -0.0277579   -0.377212    0.235073    0.010222
   1.01518   -0.10376   0.759812    2.80222    1.70068   -2.75098    0.88221   -1.61836   0.837242    0.54487  -0.392825 -0.0187135  -0.967794   -1.36926   -1.00588   0.487192  -0.474376   0.116865 -0.0125173  0.0157222   -1.29664   0.595629   0.275335  -0.193339  0.0583924   0.143406   -0.11518   -1.60111  -0.806016  0.0911418 -0.0401599  -0.305086   0.290298  0.0321194
   1.04751  -0.085921   0.769438    2.74259    1.69112   -2.77767   0.897877   -1.54433   0.852672   0.529545  -0.434453  0.0125235   -1.10876    -1.4668   -1.14306   0.214323  -0.144617   0.127902  0.0314758  0.0840704   -1.22043   0.585777   0.298918  -0.197776  0.0765209  0.0670618 -0.0832663   -1.54561  -0.785172  0.0908585 -0.0713279  -0.308082   0.260802  0.0418859
   1.02057  -0.130662   0.774032    2.74961    1.67429   -2.77915   0.995039   -1.49199   0.953331     0.4099  -0.358573 -0.0368487   -1.13558   -1.52936   -1.16895   0.174896 -0.0942363  0.0661114 -0.0705342  0.0866552   -1.32817   0.619521   0.254786  -0.218087  0.0541515   0.172123  -0.155301   -1.58531  -0.802987  0.0713222 -0.0692313  -0.326269   0.276752 0.00745433
  0.960405  -0.316898   0.743752    2.74323    1.54783   -2.78945    1.26272   -1.25016    1.29153  0.0751012  -0.188929  -0.261799   -1.14105   -1.81755   -1.13998  0.0267963  0.0559604  -0.177677  -0.364977  -0.187481   -2.19381   0.854428 0.00234313  -0.301555  -0.245622   0.843302  -0.431844   -1.91401  -0.487144   0.267636 0.00486625  -0.244944   0.338101  -0.440152
   1.08398  -0.158812    0.76252    2.72814    1.70514   -2.80158    1.05655   -1.40264   0.999747   0.548935  -0.512482 -0.0719126   -1.08098   -1.61094   -1.13093   0.423757  -0.279895  0.0340218 -0.0844871  0.0607606   -1.48947   0.731449   0.244167  -0.198278   0.013264   0.338718  -0.205617   -1.47442   -0.66608   0.120988 -0.0121018  -0.307373   0.125929  -0.152002
    1.16891 -0.00580318    0.709055     2.70281     1.80355    -2.86121    0.895946    -1.54957    0.826858     1.06321   -0.853977    0.134944   -0.981757    -1.44452    -1.02614    0.640051   -0.480827    0.261799    0.280213    0.179239    -1.13758    0.523463    0.389914  -0.0909106    0.180218   0.0042527  -0.0555529    -1.49664   -0.751614    0.139269  0.00128898    -0.26202     0.28164    0.119007
    1.1738 -0.0415893   0.715886     2.7047    1.80955   -2.84932   0.913587   -1.49446   0.831735    1.01612  -0.838721  0.0785949  -0.965771   -1.48505   -1.02036   0.696103   -0.51191   0.211648   0.200849   0.165666   -1.13774   0.549856   0.368498  -0.116149   0.158551  0.0326687 -0.0887189   -1.44835  -0.741865  0.0910755 0.00615479  -0.306176   0.228517    0.10429
    1.20794  -0.0466646    0.751691     2.80555     1.75208    -2.77747    0.985731    -1.52683    0.915011    0.646117   -0.503531  -0.0689914   -0.978635    -1.30535    -1.02056    0.511818   -0.479235    0.195293    0.123343  -0.0141937    -1.13102    0.566126    0.377827   -0.156476     0.16064 -0.00376136    -0.12703    -1.42948   -0.729309   0.0621027  -0.0166927   -0.360382    0.156912    0.141517
     1.16226    0.0161334      0.75359       2.7767      1.74276     -2.69806     0.853747     -1.68672     0.795641     0.670944    -0.433921 -0.000686626     -1.20479     -1.20908     -1.24432     0.482095    -0.438012     0.261799     0.280823   -0.0327987     -1.21024     0.549987     0.304739    -0.166651     0.168987    0.0386262    0.0502021     -1.59635    -0.776807     0.223154    -0.129841    -0.199891     0.379601    0.0622905
    1.17809   0.0238372    0.759352     2.73087     1.72345    -2.69166    0.822226    -1.64662    0.764039    0.628859   -0.436515  0.00913444    -1.30631    -1.25977    -1.34106    0.349784    -0.27882    0.261799    0.304456 -0.00096885    -1.17945     0.54497    0.308463   -0.174488    0.172464  0.00622923   0.0802223     -1.5803   -0.767124    0.225675   -0.150166   -0.187068     0.37417   0.0612144
     1.1856   -0.175061    0.763232     2.70814      1.7344    -2.75444     1.09214    -1.25073     1.01133    0.331196   -0.348303   -0.231478    -1.21178    -1.61515    -1.28072    0.503962   -0.339717 -0.00136627    -0.14268   0.0770892    -1.27085    0.664736    0.206865    -0.26154   0.0923983    0.224141   -0.214261    -1.37908   -0.716792  -0.0262731  -0.0464068    -0.46943     0.11732    0.036623
    1.1995  -0.209155   0.764194    2.74547    1.73312   -2.77446    1.23947   -1.26067    1.15473   0.243282  -0.214315  -0.261799   -1.16053   -1.64392   -1.23054   0.543661  -0.367441 -0.0451537  -0.225043  0.0602771    -1.2882   0.683296   0.195551  -0.270792   0.098198   0.251977  -0.291379   -1.33429  -0.691399  -0.061902 -0.0537812  -0.516069  0.0798548  0.0210654
   1.21097  -0.213418   0.759903    2.77864    1.74887   -2.81278    1.35219   -1.26906    1.25774   0.388334  -0.308195  -0.261799   -1.14079   -1.65392   -1.21319   0.604077  -0.405997 -0.0497075  -0.238648  0.0688738   -1.24058   0.682497    0.18143  -0.305036   0.113433   0.258817  -0.283317   -1.27483  -0.679484 -0.0549583 -0.0903842  -0.507132  0.0746204  -0.037728
     1.14631   -0.0294793     0.768082      2.82985      1.66272     -2.80226      1.51975     -1.59903      1.49151     0.315872    -0.226973 -0.000814984     -1.42809     -1.35526     -1.44285     0.274325    -0.213662     0.185662     0.116954   -0.0104351      -1.4484     0.669823     0.209402    -0.299475     0.031075     0.360211    0.0612176     -1.61232    -0.767454     0.162875    -0.135543    -0.269276     0.345261    0.0657393
