4
0
   0.679841    0.061889 0.000146009
0.484892 0.219225  210.594
-0 -0  1
1
   0.694946   -0.205991 0.000455929
0.432069 0.197683  194.549
0 0 1
4
-0.00204813  0.00526382  0.00653036
-0.369598 -0.179459   119.901
0 0 1
5
-0.0060304  -0.203513 0.00777977
-0.547341 -0.237438   105.254
-0 -0  1
3
1
   0.694946   -0.205992 0.000461322
 1.40835 0.771783   336.49
0 0 1
4
-0.0020486 0.00527448 0.00653733
-0.456603 -0.283956   170.939
0 0 1
5
-0.00603021   -0.203514  0.00778253
-0.951741 -0.487758   122.869
-0 -0  1
4
1
   0.694941   -0.206008 0.000465766
 1.53343 -1.15147  340.523
0 0 1
4
-0.00205007  0.00527259  0.00654267
-1.05151 0.359815  15.2589
0 0 1
5
-0.00602833   -0.203516  0.00779087
-0.303017   1.52708   187.703
-0 -0  1
0
   0.849996        0.15 2.56072e-06
-0.178999 -0.735743    86.813
-0 -0  1
3
4
-0.00206253   0.0052797  0.00655597
-0.467484 -0.102383    139.04
0 0 1
5
-0.00601596   -0.203552  0.00780459
-0.242619  0.420793   213.262
-0 -0  1
0
   0.849992    0.150005 8.67643e-06
 0.71006 -0.31863  277.996
-0 -0  1
4
4
-0.00206374  0.00529712  0.00655531
 0.160273 -0.235812    190.17
0 0 1
5
-0.00601474   -0.203561  0.00780833
-0.201555 -0.588684   122.814
-0 -0  1
0
   0.849992    0.150006 1.07354e-05
0.404387 0.410873  231.301
-0 -0  1
1
 0.849996 -0.300003 1.826e-06
-0.363117  0.413743   86.0122
0 0 1
3
5
-0.00601564    -0.20356  0.00780731
-0.00796015   -0.944134     199.771
-0 -0  1
0
   0.849996    0.150029 1.21812e-05
0.730181 0.469424  338.838
-0 -0  1
1
   0.849997   -0.300003 2.11047e-06
-0.722216  0.474952   91.6884
0 0 1
4
5
-0.00601472   -0.203566   0.0078211
0.145964  1.36918  203.517
-0 -0  1
0
  0.849996   0.150007 1.3242e-05
-0.197519 -0.249273   89.4323
-0 -0  1
1
   0.849993    -0.30006 1.61893e-05
 0.204451 -0.248396   223.762
0 0 1
4
  0.150004  0.0999978 2.0003e-05
-0.153306 -0.872672   113.587
0 0 1
3
0
   0.850002    0.150033 2.63656e-05
 0.000460488 -0.000413854      147.076
-0 -0  1
1
   0.849974    -0.30006 1.61132e-05
  -0.0035072 -0.000456069       148.94
0 0 1
4
   0.150008    0.100004 3.72741e-05
0.00269559 0.00157309    334.281
0 0 1
4
0
   0.850003    0.150052 3.00135e-05
-0.00125625  -0.0010823     239.756
-0 -0  1
1
   0.849973   -0.300057 1.60186e-05
0.000703561 -0.00106715     239.265
0 0 1
4
   0.150008    0.100003 3.78644e-05
-0.00376636  0.00108975     75.8545
0 0 1
5
  0.149998  -0.299997 1.7525e-06
0.00431594 0.00120418    75.4224
0 0 1
3
1
   0.849931   -0.300093 3.06932e-05
0.00399266 0.00588545    264.451
0 0 1
4
   0.150048    0.100012 7.53649e-05
-0.00836682 -0.00648159     216.213
0 0 1
5
       0.15   -0.300007 4.02999e-05
 0.00224657 5.00996e-05     149.636
0 0 1
4
1
   0.849932   -0.300094 3.13431e-05
-0.00123624 -0.00308977      192.99
0 0 1
4
  0.150049   0.100012 7.6121e-05
0.000644831   0.0096994     126.914
0 0 1
5
   0.150006   -0.300014 3.90669e-05
-0.00129677  0.00339944     200.703
0 0 1
0
    0.999993     0.150004 -6.27867e-07
0.00192452 -0.0100603    109.691
0 0 1
3
4
   0.150046     0.10001 7.95671e-05
-0.0144608  0.0324664    40.0423
0 0 1
5
    0.15001   -0.300017 4.29218e-05
-0.00849854   0.0116307     301.178
0 0 1
0
    0.999992     0.150001 -9.51562e-08
 0.0228396 -0.0443677    289.078
0 0 1
4
4
   0.150049    0.100013 9.14931e-05
-0.000344128 -0.000223372      157.031
0 0 1
5
   0.150013   -0.300021 5.62916e-05
-0.000254022 -5.90953e-05      155.164
0 0 1
0
 0.999978  0.150009 5.273e-06
-5.28859e-05  0.000120769      160.102
0 0 1
1
   0.999985   -0.300012 6.54276e-06
-8.79512e-05  0.000114843      158.001
-0 -0  1
3
5
   0.150015   -0.300026 7.13035e-05
0.00466491 -0.0059623    273.583
0 0 1
0
   0.999984    0.149997 1.24005e-05
-0.00199116   0.0035449     233.662
0 0 1
1
   0.999984    -0.30004 2.09927e-05
-0.00311272  0.00143313     123.053
-0 -0  1
4
5
    0.15001   -0.300014 7.87991e-05
-0.00140243 0.000934962     150.727
0 0 1
0
   0.999984    0.149992 1.44185e-05
-0.000117561   0.00014778      158.682
0 0 1
1
   0.999985    -0.30006 2.94541e-05
0.000695528 0.000990993     183.921
-0 -0  1
4
   0.350002   0.0999986 5.02318e-06
0.000763628 -0.00224747     136.968
0 0 1
3
5
   0.150037   -0.300039 7.06433e-05
-0.00681861  -0.0056514     125.618
0 0 1
1
   0.999983    -0.30006 3.05984e-05
0.00319227 0.00601141    312.256
-0 -0  1
4
   0.350032    0.100005 6.25837e-06
  0.00412366 -0.000470549      192.423
0 0 1
4
5
   0.150038    -0.30004 7.02959e-05
-0.00294809  0.00927408     176.889
0 0 1
1
   0.999983    -0.30006 3.06829e-05
8.10432e-05 0.000804505     216.998
-0 -0  1
4
   0.350033    0.100004 6.19016e-06
 0.00134534 -0.00460515     104.994
0 0 1
0
       1.15        0.15 3.30349e-09
 0.00155517 -0.00552081     131.416
0 0 1
3
1
   0.999985   -0.300058 3.19719e-05
0.00298878 0.00202065    207.916
-0 -0  1
4
   0.350032    0.100006 8.31416e-06
-0.00157662 0.000623466      328.68
0 0 1
0
   1.15001   0.150015 8.1732e-06
-0.00158854 -0.00249291      93.702
0 0 1
4
1
   0.999985   -0.300058 3.29369e-05
-0.000360359  -0.00319262      121.567
-0 -0  1
4
   0.350029    0.100008 1.39369e-05
0.000394144  0.00064137     189.476
0 0 1
0
    1.15001    0.150021 1.04871e-05
0.000272164 0.000139729     192.602
0 0 1
5
   0.350002        -0.3 2.02377e-06
-0.000298605   0.00249115      126.652
-0 -0  1
3
4
   0.350034    0.100021 2.88527e-05
-0.00347156 -0.00564157     195.509
0 0 1
0
    1.15001    0.150044 1.48977e-05
-0.00424013   0.0132602     218.028
0 0 1
5
   0.349984   -0.299988 1.97879e-06
 0.00739137 -0.00705595     216.761
-0 -0  1
4
4
   0.350025    0.100013 4.08382e-05
  0.00215841 -0.000252019      204.998
0 0 1
0
    1.15001    0.150036 2.11503e-05
 0.00177923 -0.00348978     183.376
0 0 1
5
   0.349999   -0.299986 1.21351e-05
-0.00200739  0.00456958     136.202
-0 -0  1
1
    1.14996   -0.300033 8.28406e-06
-0.00239256 -0.00126945     105.722
-0 -0  1
3
4
   0.350027    0.100015 4.53623e-05
 0.0045839 0.00339783    319.735
0 0 1
0
    1.15001    0.150049 2.53973e-05
0.000689646 -0.00152047     153.108
0 0 1
1
    1.14996   -0.300029 8.57613e-06
-0.00538391 -0.00168226     157.455
-0 -0  1
4
4
  0.350026   0.100017 6.0229e-05
  6.5148e-05 -0.000131906      160.915
0 0 1
0
    1.14999    0.150056 2.32785e-05
-0.000150981 -1.25158e-05      156.398
0 0 1
1
    1.14994   -0.300041 7.33453e-06
-0.000252885   4.5328e-05      154.765
-0 -0  1
5
   0.500036   -0.400003 9.75148e-06
-0.00024052 4.84711e-05      158.22
0 0 1
3
0
    1.14999    0.150056 2.75498e-05
-0.00747077  0.00139545     334.152
0 0 1
1
    1.14994   -0.300044 1.38461e-05
0.00339558 0.00823231    109.554
-0 -0  1
5
   0.500034   -0.399999 1.30398e-05
 0.00405922 -0.00989177     186.591
0 0 1
4
0
   1.14998   0.150047 2.5799e-05
-0.000175064 -0.000127382       160.14
0 0 1
1
   1.14992  -0.300077 2.3955e-05
-0.000165747 -0.000119751      158.277
-0 -0  1
5
   0.500043   -0.400001 2.28163e-05
-0.000160227 -0.000115889      154.788
0 0 1
4
   0.550002    0.100001 8.36198e-06
-9.24662e-05 -5.60131e-05      157.093
-0 -0  1
3
0
    1.14995    0.150079 2.77344e-05
 0.0111613 -0.0168257    327.761
0 0 1
5
   0.500038   -0.399996 3.42489e-05
-0.0177773  0.0125513    232.285
0 0 1
4
   0.550029    0.100026 2.77961e-05
0.00564788  0.0048905    70.2517
-0 -0  1
4
0
    1.14993    0.150068 2.59469e-05
-0.00111925  0.00124714      174.48
0 0 1
5
   0.500049   -0.399997 4.12784e-05
0.000829477  -0.0023874     138.676
0 0 1
4
   0.550029    0.100028 3.58853e-05
-0.00118709 -0.00206028     171.122
-0 -0  1
1
    1.29998   -0.300044 1.11127e-05
0.00079628 0.00282369    146.019
-0 -0  1
3
0
    1.14995    0.150076 3.92691e-05
 0.00241589 -0.00405445     128.947
0 0 1
4
    0.55004    0.100023 6.33784e-05
0.00264453  0.0120116    232.131
-0 -0  1
1
    1.29995    -0.30007 3.50067e-05
-0.00490094 -0.00782093     269.221
-0 -0  1
4
0
    1.14995    0.150068 4.37375e-05
-0.000407517  0.000111905      171.131
0 0 1
4
   0.550033    0.100021 6.98857e-05
-0.000489381  -0.00242963      169.263
-0 -0  1
1
   1.29994  -0.300082 3.9314e-05
0.000341306 0.000596538     147.205
-0 -0  1
5
    0.70001   -0.399992 4.95372e-07
0.000515123  0.00168966     142.699
-0 -0  1
3
4
   0.550033    0.100016 6.99093e-05
-0.000174285 -0.000134284       209.37
-0 -0  1
1
   1.29994  -0.300084 4.0705e-05
-8.57164e-06 -4.15529e-05      212.354
-0 -0  1
5
   0.700012   -0.399997 6.81681e-07
0.000221013 9.45355e-05     208.573
-0 -0  1
4
4
   0.550033    0.100016 6.99139e-05
0.00173203 0.00799981    138.969
-0 -0  1
1
    1.29994   -0.300085 4.13064e-05
-0.000389015  0.000519741      174.411
-0 -0  1
5
   0.700012   -0.399998 6.81314e-07
-0.00199997 -0.00276002     212.579
-0 -0  1
0
        1.3    0.149999 7.22112e-07
 0.00064468 -0.00579885     104.339
0 0 1
3
4
   0.550033    0.100016 7.05296e-05
-0.0118022  0.0236354    70.1474
-0 -0  1
5
   0.700011   -0.399998 1.16644e-06
  0.0025647 -0.00787109     345.399
-0 -0  1
0
        1.3    0.150001 1.32309e-06
0.00923645 -0.0158233    214.751
0 0 1
4
4
   0.550036    0.100021 8.75079e-05
-6.50229e-05 -6.35133e-05      159.855
-0 -0  1
5
  0.700012  -0.399997 1.4626e-05
-0.000309087  0.000190186      157.613
-0 -0  1
0
    1.29997    0.150046 1.63906e-05
-0.000310164  0.000191883       157.45
0 0 1
1
   1.44999  -0.299989 2.3438e-06
-0.00035261 0.000242352      155.38
0 0 1
3
4
   0.550021    0.100004 0.000107493
-0.0183296 -0.0216522    225.367
-0 -0  1
5
   0.700006   -0.400008 4.84389e-05
0.00152732  0.0069445    47.0828
-0 -0  1
1
    1.44998   -0.300014 1.38454e-05
0.0155994 0.0139863   357.848
0 0 1
4
4
   0.550022    0.100002 0.000106461
-0.00513825  0.00536744     104.829
-0 -0  1
5
   0.700007   -0.400008 4.94792e-05
-0.000198718  0.000612902      161.561
-0 -0  1
1
    1.44998   -0.300014 1.38296e-05
 0.00228061 -0.00240091     202.506
0 0 1
0
       1.45    0.150003 5.88627e-07
 0.00306288 -0.00361034     161.402
-0 -0  1
3
4
   0.550028    0.100007 0.000119328
-0.0221886  0.0186609    40.8979
-0 -0  1
5
   0.700029   -0.400022 6.83141e-05
-0.00374391  0.00410082     261.164
-0 -0  1
0
     1.44998      0.14999 -4.36108e-06
 0.0251989 -0.0234267    328.236
-0 -0  1
4
4
   0.550023         0.1 0.000128592
-0.00172984 -0.00221287     152.965
-0 -0  1
5
   0.700042   -0.400027 7.72104e-05
-0.000714483 -0.000683571      142.437
-0 -0  1
0
     1.44997     0.149979 -6.08825e-06
0.00120551  0.0014074    172.041
-0 -0  1
1
    1.59998   -0.300035 7.92884e-06
0.000836698 0.000998336     162.855
0 0 1
3
5
    0.70005   -0.400036 0.000100796
 0.0116963 -0.0190804    273.861
-0 -0  1
0
    1.44994    0.149992 2.58711e-07
-0.00573416   0.0135537     294.236
-0 -0  1
1
    1.59996   -0.300059 1.49011e-05
-0.0073383 0.00546972    62.2014
0 0 1
4
5
   0.700051   -0.400037 0.000103887
 -0.00172848 -0.000386496      146.986
-0 -0  1
0
    1.44993    0.149996 1.83217e-06
0.000363601 0.000358462     165.412
-0 -0  1
1
    1.59996   -0.300061 1.51054e-05
 0.00068709 0.000639364     171.281
0 0 1
4
   0.749998   0.0999991 5.11027e-06
 0.000427667 -0.000650652      146.618
0 0 1
3
0
     1.4499    0.150007 5.25526e-06
-0.00756186 -0.00474549     40.4699
-0 -0  1
1
   1.59994  -0.300093 2.0833e-05
0.00524587 0.00826529    293.043
0 0 1
4
   0.750007     0.10001 2.41846e-05
0.000935905 -0.00377377     296.785
0 0 1
4
0
     1.4499    0.150003 4.64657e-06
 0.00010136 5.02072e-05     163.688
-0 -0  1
1
    1.59993   -0.300113 2.47741e-05
-0.000176849 -3.21959e-05      163.919
0 0 1
4
 0.750005  0.100006 2.788e-05
-0.000268643 -0.000172773      151.366
0 0 1
5
   0.900003        -0.4 7.34364e-06
0.000181829 -8.1221e-05     151.325
-0 -0  1
3
1
   1.59993   -0.30011 2.4377e-05
-0.00485332  -0.0138331     301.681
0 0 1
4
   0.750009    0.100009 3.02087e-05
0.00485486  0.0046398    279.458
0 0 1
5
   0.900003        -0.4 9.57795e-06
-7.60246e-05   0.00940966      49.1594
-0 -0  1
4
1
    1.59994   -0.300127 3.07127e-05
0.00115885 0.00423819    177.661
0 0 1
4
   0.750003    0.100004 3.54056e-05
-0.000938596 -0.000298911      134.948
0 0 1
5
   0.900002        -0.4 2.18015e-05
0.00208106 -0.0022614    214.536
-0 -0  1
0
     1.59998     0.149998 -6.27873e-06
-0.00261437 -0.00188445     103.153
-0 -0  1
3
4
   0.750011    0.100007 4.16347e-05
-0.00931301 0.000396561     42.2363
0 0 1
5
   0.900001   -0.399997 2.90141e-05
 0.00720702 -0.00386728     285.062
-0 -0  1
0
    1.59997     0.15003 3.23804e-06
0.00191932 0.00383347    302.999
-0 -0  1
4
4
   0.750015    0.100008 4.44363e-05
-0.000422579  0.000324727      149.287
0 0 1
5
   0.900001   -0.399995 3.49481e-05
 -0.00174747 -4.41019e-05      117.534
-0 -0  1
0
    1.59997    0.150032 3.35174e-06
  0.00189039 -2.21996e-05      197.078
-0 -0  1
1
        1.7   -0.300001 2.02379e-07
 0.000267418 -0.000168248      166.398
0 0 1
3
5
   0.900005   -0.399997 4.91504e-05
  0.0028794 -0.00312086     247.188
-0 -0  1
0
    1.59995    0.150038 7.80141e-06
0.00416255 0.00366854    342.879
-0 -0  1
1
    1.69998   -0.300027 9.91555e-06
 -0.00808646 -0.000475642      40.2314
0 0 1
4
5
   0.900009   -0.399992 5.63359e-05
 -0.00226181 -3.85586e-05      132.207
-0 -0  1
0
    1.59994    0.150061 1.37129e-05
0.000624562 3.55224e-05     179.242
-0 -0  1
1
   1.69998  -0.300019 6.5406e-06
0.000951974 3.44296e-05     183.877
0 0 1
4
   0.900003    0.200003 1.77438e-05
0.000436149 0.000297131     134.972
0 0 1
3
0
    1.59994    0.150061 1.68306e-05
-0.000293445  0.000496355      58.8243
-0 -0  1
1
    1.69997   -0.300036 1.23875e-05
-0.000692608  -0.00189559      292.147
0 0 1
4
   0.900019    0.200015 2.22844e-05
0.00105975 0.00142454    279.326
0 0 1
4
0
    1.59994    0.150066 2.00072e-05
  0.00028361 -0.000537488      174.582
-0 -0  1
1
    1.69996   -0.300044 1.52335e-05
-0.000325964 -0.000503078      158.566
0 0 1
4
   0.900023    0.200017 2.82502e-05
0.000125774  0.00021925     159.673
0 0 1
5
          1   -0.399998 8.27732e-06
-0.000101181  0.000830735      137.477
0 0 1
3
0
    1.59988    0.150084 1.63519e-05
0.000958076 -0.00104987     293.107
-0 -0  1
1
    1.69991   -0.300062 2.90367e-06
-0.00453876  0.00438466     70.3128
0 0 1
5
   1.00002  -0.400006 2.4414e-05
0.00218769    -0.0034    266.878
0 0 1
4
0
    1.59988    0.150086 1.66837e-05
-0.000259177  0.000415111      150.594
-0 -0  1
1
    1.69991   -0.300062 2.41421e-06
 0.000327015 -0.000180143      173.481
0 0 1
5
    1.00003   -0.400008 2.54602e-05
-4.75245e-05  0.000362384      167.066
0 0 1
4
     1.00001     0.199991 -1.32851e-06
 0.000106096 -0.000713329      139.157
-0 -0  1
3
1
     1.6999   -0.300078 9.28281e-06
0.00907755 0.00948847    309.709
0 0 1
5
    1.00004   -0.400005 3.62741e-05
 0.00219579 -0.00525696     108.356
0 0 1
4
    1.00004    0.199937 5.55258e-05
 -0.0108528 -0.00550667     212.234
-0 -0  1
4
1
    1.69985   -0.300124 1.08999e-05
-0.000206715   9.8142e-05      154.142
0 0 1
5
    1.00007   -0.400004 4.69276e-05
-0.000126952 -0.000332573      155.113
0 0 1
4
    1.00007    0.199936 6.97166e-05
-7.24743e-05 -0.000557484      161.843
-0 -0  1
0
     1.69997     0.149988 -1.21348e-05
-0.00028397 0.000356972     159.199
-0 -0  1
