   1.37916 -0.0452019   0.741769    2.77419    1.73201   -2.80766   0.199848   -1.59846   0.147274   0.806989  -0.627383  0.0335152  -0.362771   -1.46298  -0.411544   0.620283  -0.566775  0.0729728   0.238731  0.0357891   -0.89306   0.403775   0.511243  -0.411215   0.566071  -0.042367  -0.485923  -0.794039  -0.437168  -0.477672  -0.848047   0.157772   0.335566  0.0409536
     1.0694   0.0651216    0.749959     2.79727     1.55944    -2.84994    0.621594    -1.91986    0.652295    0.279033 -0.00858905    0.261799    -1.57339    -1.50877     -1.5708           0  -0.0108942    0.114686    0.318532    0.221189    -1.66467    0.543107    0.143412   -0.312851  -0.0161892    0.468403    0.323728    -1.88664   -0.689419   -0.240067   -0.452663    0.400268    0.803103    0.267704
  1.01505 0.0685702  0.761069    2.6268   1.73544  -2.67629  0.686934  -1.91986  0.675043  0.388957   0.03841  0.261799  -1.13321  -1.47965  -1.19645         0  0.114143  0.129766   0.47309  0.791138  -1.87283  0.231496  0.326569 -0.752188   0.64405 -0.336903 -0.402302  -1.93959  -1.29792 -0.202949 -0.490746  0.498632  0.896383  0.482329
  1.03299 0.0227817  0.777621   2.63766     1.767   -2.6719  0.695299  -1.84384  0.653012  0.371407 0.0246092  0.193517  -1.08892  -1.52717  -1.17188  0.114791 0.0431276 0.0671944  0.444555  0.708359  -1.77029  0.285527  0.267673 -0.826709  0.622211 -0.329569 -0.343482  -1.72327  -1.26739 -0.308888 -0.408978  0.448251  0.775927  0.343633
   1.05291 -0.0715631   0.797796    2.67319    1.85498    -2.6614   0.733749   -1.71466   0.626192   0.358873  0.0102092  0.0581219   -1.04221   -1.60723   -1.18523   0.356179 -0.0910028 -0.0636001   0.380167   0.545717   -1.72199   0.438991   0.109925  -0.668308   0.443035  -0.438692 -0.0486056    -1.8392  -0.915121   0.161307   -1.48446 -0.0943333   0.546663    0.44153
   1.05431 -0.0731999   0.797509    2.67529    1.84963   -2.66302   0.733796    -1.7114   0.628236   0.350545  0.0111633  0.0565217   -1.04355   -1.60954   -1.18393   0.352245 -0.0906274 -0.0655292   0.382001   0.554449   -1.70827   0.441855   0.111415  -0.690971    0.45804  -0.431489 -0.0500814   -1.84279  -0.910893   0.170888   -1.49308 -0.0836162   0.556705   0.439793
    1.0062  -0.219284   0.779952    2.75123    1.87533   -2.70608    1.37434   -1.55946    1.23948   0.205361  0.0662569 -0.0745161  -0.974516   -1.77837   -1.16883   0.398135 -0.0353575  -0.261799   0.171286   0.399362    -2.0801   0.686334  0.0814859   -1.12807   0.477128   0.414321  -0.143305   -1.85617  -0.710464  0.0352538   -1.28933   0.337935   0.339685   0.127639
   1.00604  -0.219502   0.779678    2.75132    1.87286   -2.70669     1.3841    -1.5592    1.25048    0.20441  0.0650975 -0.0739722  -0.973131   -1.77962   -1.16611   0.394988 -0.0333172  -0.261799    0.16798   0.390225   -2.08854   0.685645   0.084726   -1.13652   0.468674   0.428535  -0.148964   -1.85994  -0.701208  0.0344274   -1.28486   0.345938   0.336328   0.118854
     1.0376   -0.158504    0.798099     2.79579     2.07473    -2.75468     1.27326    -1.65105     1.10529    0.620714   -0.119793 -0.00945515   -0.904828    -1.66196    -1.15331    0.727858   -0.225439   -0.182851    0.286605    0.268641    -1.70412    0.659354    0.185643    -1.19976    0.303957    0.313498  -0.0340847    -1.90768   -0.569171    0.104576    -1.43765    0.324792    0.742923    0.164434
    1.03908   -0.157604    0.798215     2.79735     2.07621    -2.75641      1.2689    -1.65203     1.10164    0.627555   -0.124202 -0.00853896   -0.901783    -1.66059    -1.14956     0.73301   -0.229196   -0.181351    0.289569    0.271698    -1.69363    0.657919    0.190636    -1.20619    0.302202    0.312487  -0.0284168    -1.90189   -0.571346    0.105766      -1.444    0.323867    0.746742    0.165848
     1.08753    -0.188632     0.791018      2.74588      2.19926     -2.69583      1.29763      -1.6415      1.03312     0.873178    -0.276684    -0.066115    -0.927624     -1.59975     -1.24855     0.418177      0.15039    -0.170213     0.335745      0.25182     -1.47688     0.678569     0.189112     -1.25442     0.372542      0.25496   0.00192769     -1.61139     -0.60985 -0.000351928     -1.68192     0.374831     0.815084     0.102755
    1.08913   -0.189574    0.791125     2.74389     2.20051    -2.69459     1.29588    -1.63967     1.02879    0.876146    -0.27968  -0.0679281   -0.926445     -1.6011    -1.24971    0.424403    0.145292   -0.171556    0.336979    0.254431    -1.47093    0.677923    0.189702    -1.25843    0.373803    0.254069   0.0039696     -1.6051   -0.610446 -0.00204547    -1.69093    0.376261    0.819385    0.103515
    1.13334   -0.157503    0.787296     2.84585      2.2831    -2.87248     1.31329    -1.61113     1.11718    0.488054    0.211863 -0.00713668    -0.92735    -1.62588    -1.19514    0.717963  -0.0150393   -0.119707    0.378014    0.324141    -1.21086    0.585075    0.306674    -1.28283    0.355547    0.164098   0.0189809    -1.32907   -0.635997  -0.0934445    -1.76091    0.353831    0.793504   0.0708204
    1.14049  -0.0538022    0.787184     2.85563     2.32446    -2.91498     1.25372    -1.70459      1.1595    0.655583    0.135016    0.144391   -0.967305    -1.53132    -1.14321     0.75556  -0.0413695   0.0279195    0.523599    0.296548    -1.14161    0.392844    0.514122    -1.35974     0.21081    0.183436 -0.00143486    -1.35708   -0.684782  -0.0475598     -1.6143    0.182709    0.742538    0.168003
   1.16435 -0.0530504   0.774562    2.89398    2.40148       -2.9    1.26422   -1.75738    1.19487   0.857194  0.0273367   0.147197   -1.00964   -1.47424   -1.17555   0.569625   0.196561  0.0252275   0.523599    0.23614   -1.06394   0.368222   0.522684   -1.38309   0.226501   0.180661  0.0058765   -1.25604  -0.678123 -0.0849092   -1.68429   0.200378   0.778815   0.153327
   1.24582  -0.100128   0.789622    2.93099    2.36852    -2.9496    1.27164   -1.68118    1.18168   0.975914  -0.149497  0.0826419  -0.967428   -1.55096   -1.14286   0.739456  0.0314852 -0.0355671   0.523599   0.328389  -0.744442   0.342084   0.533515   -1.61319   0.358437   0.125268  0.0804163   -1.00917  -0.568707  -0.080785   -2.04738   0.377903    0.93348   0.150107
   1.32281  -0.171222   0.830531   0.704922   0.506857  -0.492552 -0.0952847   -1.16194   0.435238   0.543048 -0.0204751  -0.135461  -0.966372   -1.72108  -0.321558    1.10161 -0.0781724  0.0562917  -0.173261   0.384311  -0.379017   0.553359   0.313132   -1.23383   0.730766  -0.394947   0.109519   -0.67749 -0.0527484  -0.286616   -1.89373   0.620612   0.425717   0.233216
