   1.37916 -0.0452019   0.741769    2.77419    1.73201   -2.80766   0.199848   -1.59846   0.147274   0.806989  -0.627383  0.0335152  -0.362771   -1.46298  -0.411544   0.620283  -0.566775  0.0729728   0.238731  0.0357891   -0.89306   0.403775   0.511243  -0.411215   0.566071  -0.042367  -0.485923  -0.794039  -0.437168  -0.477672  -0.848047   0.157772   0.335566  0.0409536
   1.38239  -0.227493   0.720743    2.84352     1.7414   -2.67698   0.393669   -1.45642   0.313142   0.565103  -0.521493  -0.207974  -0.358944    -1.6542    -0.4428   0.967275  -0.739407  -0.208536  -0.144253 -0.0156505   -1.00003   0.506874   0.360304  -0.418201   0.441587   0.153323    -0.6203  -0.734295  -0.150081    -0.8579  -0.977329   0.332711   0.229688  -0.117718
   1.05677  -0.204343   0.777139    2.87838    1.75574   -2.84104   0.852326   -1.50327   0.789583          0   0.129186 -0.0909058  -0.129094   -1.91986  -0.209461    0.64047    -0.1214  -0.114628 0.00900023   0.413321   -1.87851   0.521455 -0.0918853  -0.968399   0.565065  -0.109127  -0.255779   -1.38503  -0.846791  -0.809096  -0.633521   0.510488   0.677774  0.0799597
   1.05645  -0.202953   0.777246    2.87803    1.75531    -2.8411    0.85016   -1.50485   0.787743          0   0.129795 -0.0892451  -0.122412   -1.91986  -0.201709   0.639669  -0.120521  -0.111553  0.0100327   0.413698   -1.87832    0.51846 -0.0882434   -0.96978   0.566599  -0.107935  -0.261599   -1.38331  -0.850794  -0.801454  -0.633387   0.502636   0.679937  0.0793353
   1.03838  -0.141323   0.815677    2.81373    1.95437   -2.79653   0.599216   -1.54102   0.458765   0.249171  0.0840639 -0.0559881  -0.368413   -1.64219  -0.518478   0.473792 -0.0515376 -0.0797219 -0.0039375 -0.0740584    -1.8041   0.687766  -0.138708  -0.751538   0.313922  -0.167356  -0.311046   -1.58975  -0.610926   -0.33227  -0.992216    0.19196   -0.13458 -0.0985503
     1.0387   -0.142011    0.815559     2.81626     1.95416    -2.79822    0.601081    -1.54169    0.461418    0.251502   0.0824012  -0.0564575   -0.376637    -1.64368   -0.526514    0.476961  -0.0536398  -0.0817503 -0.00910304  -0.0800339    -1.80274    0.689789   -0.140825   -0.757848    0.319282   -0.161374   -0.319823    -1.58894   -0.605724   -0.340389   -0.989318     0.20686   -0.139374   -0.112004
    1.16759   -0.260149     0.80352     2.80521     2.00056    -2.71565    0.713861    -1.40927    0.500458    0.401789   -0.153397   -0.209992 -0.00919025    -1.58126   -0.197232    0.138763    0.260656   -0.128866   -0.385756   -0.316355    -1.48125    0.777874   -0.267734    -1.23196   0.0965551    0.190613   -0.187231    -1.09838   -0.221837   -0.802333    -1.36875    0.129082   -0.235733   -0.188708
     1.1696    -0.26005    0.803507     2.80387     1.99733    -2.71649    0.716305    -1.40646    0.504478    0.398771   -0.155229   -0.209136 0.000955635    -1.58496    -0.18544    0.144475    0.255873   -0.126699   -0.393776   -0.321607    -1.47855    0.776716   -0.269059    -1.24625   0.0927144     0.20404    -0.19249    -1.09274   -0.217059   -0.805949    -1.37355    0.125721   -0.237362   -0.195428
   1.16452  -0.260766   0.820579    2.79576    2.12443     -2.725    0.70266   -1.37614   0.421134   0.519931  -0.194659  -0.224071  0.0775199   -1.51452  -0.162876   0.234083   0.211972  -0.123603  -0.521641  -0.620474   -1.25542    1.05184  -0.248933   -1.15956    0.10561   0.190958  -0.235288   -1.01042  -0.223262  -0.735415   -1.46353 -0.0705582   0.102719  -0.350486
    1.165 -0.260677  0.820544   2.79597   2.12334   -2.7256  0.702995  -1.37573  0.422288  0.519353 -0.195173 -0.223724 0.0787604   -1.5152 -0.160865  0.234627  0.211251 -0.123134 -0.523157 -0.621745  -1.25292   1.05233 -0.246684  -1.16519  0.105516  0.195032 -0.237061  -1.00886  -0.22223 -0.735857  -1.46536 -0.073975   0.10283 -0.349114
   1.20287   -0.28516   0.790642    2.79774    2.22797   -2.69845   0.836308   -1.45287   0.483377   0.885502  -0.404341  -0.261799   0.033063   -1.53432  -0.279829   0.162963   0.386678  -0.183959  -0.523599  -0.572461   -1.09061    1.02861  -0.169698   -1.20395   0.111319   0.205395  -0.202395  -0.916863  -0.146851  -0.783382   -1.56415 -0.0637861   0.167816  -0.305487
   1.33893  -0.282355   0.770616    2.50901    2.24221   -2.54534    1.12525   -1.30647   0.628763   0.968295  -0.635801  -0.261799  0.0930623   -1.82708  -0.397196   0.901824  -0.120981  -0.195862  -0.523599  -0.380668   -1.03142   0.785114  -0.291407   -1.71925 -0.0613896   0.597301  -0.247416  -0.316506          0   -1.04216   -2.22208   -0.13675   0.285545  -0.717615
  1.37539  -0.32906  0.760451   2.84389   2.35514   -2.8078    1.4318   -1.4815   1.04799   1.04084 -0.352146 -0.261799 0.0374546  -1.79512 -0.356232   1.23278 -0.288578 -0.261799 -0.523599 -0.117183 -0.812475  0.826732 -0.118901  -1.63577 0.0831722  0.321876 -0.117299  -0.26435         0 -0.835062    -2.488  0.358111  0.544828  -0.85246
  1.37646 -0.328906    0.7596   2.84748   2.35832   -2.8119   1.43048  -1.48148    1.0477   1.05121 -0.358396 -0.261799 0.0370072  -1.79549 -0.355662   1.24237 -0.293635 -0.261799 -0.523599 -0.116592 -0.802573  0.827838 -0.111215  -1.64254 0.0826886  0.324134 -0.116156 -0.260719         0 -0.827792    -2.488   0.36567  0.545894  -0.85823
    1.38245   -0.323037    0.753186     2.97798     2.42153    -2.93074     1.23246    -1.47569    0.918212     1.20369   -0.432531   -0.261799 -0.00552721    -1.78723   -0.319902     1.38086   -0.346549   -0.249657   -0.523599  -0.0222451    -1.22127    0.624945   -0.266128    -1.96477   0.0160036     1.05743  -0.0944946   -0.271072           0   -0.773787      -2.488    0.404251    0.567654   -0.766032
    1.38358   -0.323069    0.751577     2.97616     2.42433    -2.93052     1.24219    -1.47603    0.925799     1.21363   -0.439059   -0.261799 -0.00356566    -1.78898    -0.32073     1.39065   -0.352056   -0.250417   -0.523599  -0.0253864    -1.22312    0.630417   -0.270254     -1.9699   0.0149369      1.0671  -0.0905699   -0.267611           0   -0.769107      -2.488    0.406067    0.569513    -0.77195
   1.32281  -0.171222   0.830531   0.704922   0.506857  -0.492552 -0.0952847   -1.16194   0.435238   0.543048 -0.0204751  -0.135461  -0.966372   -1.72108  -0.321558    1.10161 -0.0781724  0.0562917  -0.173261   0.384311  -0.379017   0.553359   0.313132   -1.23383   0.730766  -0.394947   0.109519   -0.67749 -0.0527484  -0.286616   -1.89373   0.620612   0.425717   0.233216
