   1.37916 -0.0452019   0.741769    2.77419    1.73201   -2.80766   0.199848   -1.59846   0.147274   0.806989  -0.627383  0.0335152  -0.362771   -1.46298  -0.411544   0.620283  -0.566775  0.0729728   0.238731  0.0357891   -0.89306   0.403775   0.511243  -0.411215   0.566071  -0.042367  -0.485923  -0.794039  -0.437168  -0.477672  -0.848047   0.157772   0.335566  0.0409536
   1.19023  0.0451123   0.755356    2.75894    1.63504   -2.83235   0.347948   -1.91986   0.355559   0.729142  -0.338642   0.192392  -0.716371   -1.45468  -0.734539  0.0610361 -0.0860154    0.15068   0.456787   0.176715   -1.41055   0.579814   0.472588 -0.0359643   0.582065  0.0669031  -0.399996   -1.45875  -0.584646  -0.267182  -0.627369   0.374485   0.704311   0.185669
  1.05867 0.0277672  0.778989   2.77098   1.78722  -2.82382  0.340333  -1.91986  0.311411   0.65111 -0.110939  0.153044 -0.699772  -1.46803 -0.756298 0.0343586 0.0966969  0.117727  0.447003  0.742916   -1.6871  0.232492  0.282514 -0.826785  0.565203 -0.378434 -0.283569  -1.37442  -1.32583   -0.4663 -0.517874  0.278585   0.79223  0.361238
  1.05977  0.029486  0.778844   2.76993   1.78768  -2.82379  0.346908  -1.91986  0.318751  0.653537 -0.113608  0.156502 -0.701394  -1.46662 -0.757889 0.0364878 0.0941011  0.119832  0.450248  0.743411  -1.68105  0.229215  0.286673 -0.835605  0.568638 -0.375776 -0.289922  -1.36714   -1.3282 -0.463342 -0.519016  0.270801  0.792963  0.361261
   1.06591  0.0410355   0.795962    2.71526    2.00378   -2.84568   0.215966   -1.87096  0.0992507    0.93962  -0.227596   0.134344  -0.483373   -1.49212  -0.599361   0.425447 -0.0770505   0.150737   0.307562   0.228647    -1.6293   0.345161   0.247976  -0.761301   0.397303  -0.361221  -0.573576   -1.55185   -1.12915   0.160254   -1.05364  -0.334729 -0.0204209 -0.0164986
    1.0659  0.0415404   0.796043     2.7158    2.00555   -2.84683   0.217401   -1.87026   0.100864   0.941503  -0.228386   0.135268  -0.481091   -1.49107  -0.596944   0.426745 -0.0774867   0.151699   0.302521   0.221471   -1.63032   0.344872   0.246993  -0.759921   0.395322  -0.360647   -0.58075   -1.54857   -1.12849   0.159099    -1.0431  -0.314424 -0.0322164 -0.0457688
    1.0448 0.00429726     0.8193    2.81764    2.14955    -2.9184   0.252555   -1.74833   0.124702   0.948357  -0.209305  0.0851826  -0.379556   -1.47379  -0.496071   0.599558  -0.121621   0.113734   0.400093   0.514711    -1.7733    0.22338   0.379589  -0.693652   0.511517  -0.127674  -0.573743   -1.34759   -1.33028  0.0796419   -0.86045 -0.0502825  -0.118037  -0.183868
   1.04585 0.00642816   0.819093    2.81959    2.15168   -2.92288   0.252118   -1.74815   0.126728    0.95569  -0.214156  0.0885704  -0.376498   -1.47165  -0.490431   0.602222  -0.123721   0.117409   0.400969   0.516938   -1.77153   0.220022   0.380345  -0.688685   0.511614  -0.133096  -0.575102   -1.33712   -1.33355  0.0728669  -0.858033 -0.0380144  -0.121868  -0.199604
   1.07065  0.0186821   0.774939    2.81801    2.28782   -2.93943   0.294621   -1.84113   0.163701    1.38768  -0.420466   0.114949  -0.577364   -1.42119  -0.677247   0.294682   0.291429   0.180365   0.491999   0.464783   -1.65692   0.270757   0.394795  -0.646447   0.537385  -0.139122  -0.533953   -1.17917   -1.22818 -0.0419202  -0.804956   0.044985  -0.136887  -0.211388
   1.07138  0.0205998   0.774706    2.81767    2.28891   -2.94084   0.298379   -1.84016   0.169735    1.39017  -0.422809   0.118812  -0.578772   -1.42052  -0.677331   0.297993    0.28894   0.182982    0.49515   0.467345   -1.65589   0.268421   0.395867  -0.643214   0.538302  -0.142699  -0.533934    -1.1738   -1.23249 -0.0421612  -0.805829  0.0501719  -0.136622  -0.220217
    1.25978   0.0338527    0.796251     3.08769     2.76568    -3.11504   -0.119486   -0.964514   -0.082523     1.46488   -0.872665    0.109363   -0.525018    -1.26607   -0.345592     1.35464   -0.434962    0.261799    0.153151  -0.0646786    -0.88329   0.0989542    0.710279    -1.11967    0.365355  -0.0787611   -0.711647   -0.715293     -0.7117   -0.244074    -1.02785    -0.28442 -0.00495597 0.000812221
   1.28979  -0.119047   0.808405    3.10952    2.80036   -3.03021  0.0662724  -0.857087 -0.0944459    1.37893  -0.872665  -0.113899  -0.376722   -1.26133  -0.384363     1.5024  -0.559937  0.0415468  -0.175852  -0.112385  -0.754393   0.248338   0.551043   -1.19069   0.360578  0.0881453  -0.735048  -0.613343  -0.364757  -0.518954  -0.994946  -0.299298  -0.190386  0.0972623
   1.34447  -0.136129   0.807351    3.17463    2.90958   -3.03317   0.045947   -1.10299  -0.145262    1.48491  -0.624957  -0.213328  -0.317167   -1.08927  -0.272988    1.59388  -0.712564  0.0424165  -0.266398 -0.0951782  -0.603269   0.217757   0.539981   -1.21151    0.38524  0.0846593  -0.725604  -0.493399  -0.266911  -0.539715  -0.976483  -0.321711  -0.245168   0.114159
   1.34588  -0.138686   0.807079    3.17432    2.91256   -3.03121  0.0490983   -1.09789  -0.146919    1.48498  -0.627683  -0.217286  -0.312307   -1.08452   -0.27239    1.59638   -0.71712  0.0388541  -0.271047 -0.0947705  -0.600783   0.219479   0.538444   -1.21235   0.385217  0.0888338  -0.726685  -0.491602  -0.261506  -0.542423  -0.974794  -0.324432  -0.247751   0.116422
     1.37726    -0.155281      0.80094      3.15375      2.99775      -3.0165     0.101522     -0.97593    -0.157858       1.5295    -0.716437    -0.246333    -0.336244     -1.19225    -0.347815      1.61698    -0.546339 -0.000810491    -0.281649   -0.0732008     -0.53715     0.205069     0.534234     -1.20672     0.386103     0.110556    -0.734072    -0.435618    -0.203954    -0.557352    -0.942312    -0.345543    -0.275852     0.125139
   1.43421  -0.164913   0.771552    3.27543    3.12255   -2.99928 0.00204837   -0.73831  -0.187687    1.58272  -0.872665  -0.261799  -0.394681   -1.04626  -0.288889    1.83415  -0.768327 0.00768353   -0.41572 -0.0644409  -0.436692  0.0998734   0.616971   -1.32246   0.316581   0.232807  -0.744457   -0.32758 -0.0836997  -0.600959   -1.04472  -0.342955  -0.184405   0.164333
   1.32281  -0.171222   0.830531   0.704922   0.506857  -0.492552 -0.0952847   -1.16194   0.435238   0.543048 -0.0204751  -0.135461  -0.966372   -1.72108  -0.321558    1.10161 -0.0781724  0.0562917  -0.173261   0.384311  -0.379017   0.553359   0.313132   -1.23383   0.730766  -0.394947   0.109519   -0.67749 -0.0527484  -0.286616   -1.89373   0.620612   0.425717   0.233216
