   1.37916 -0.0452019   0.741769    2.77419    1.73201   -2.80766   0.199848   -1.59846   0.147274   0.806989  -0.627383  0.0335152  -0.362771   -1.46298  -0.411544   0.620283  -0.566775  0.0729728   0.238731  0.0357891   -0.89306   0.403775   0.511243  -0.411215   0.566071  -0.042367  -0.485923  -0.794039  -0.437168  -0.477672  -0.848047   0.157772   0.335566  0.0409536
   1.33347 -0.0078252   0.748712     2.7614    1.71454   -2.83351   0.179608   -1.69854   0.139284   0.843055  -0.579566  0.0869076  -0.451498   -1.47778  -0.491116   0.512251  -0.457246   0.113364   0.334639  0.0721981  -0.997712   0.430663   0.554943  -0.331648   0.577484  -0.021755  -0.472836  -0.946412  -0.507062  -0.401161  -0.803942   0.170048   0.452508   0.107155
    1.23132   -0.079726    0.792585     2.76703     1.81552    -2.75279    0.310872    -1.64429    0.220731    0.633847   -0.335972 -0.00845097   -0.550225    -1.55426    -0.64239    0.572807   -0.359853  -0.0147361    0.211537   -0.341235   -0.941123    0.910201    0.663314   -0.229545    0.531958    0.161469   -0.503339     -1.2655   -0.148668  -0.0715497    -1.79629    0.152965    0.164646   0.0578036
     1.2324  -0.0746236     0.79205     2.76677     1.81622    -2.75761    0.307137    -1.65175    0.218287    0.651372   -0.345085 -0.00182556   -0.546565    -1.54996   -0.637346    0.570273   -0.359721 -0.00702256    0.220348   -0.336529   -0.939413    0.903379    0.666025   -0.227495      0.5345    0.155154    -0.50002    -1.26661   -0.158094  -0.0646266    -1.79447    0.147614    0.167876   0.0558023
   1.32793 -0.0221707   0.786613     2.6811    1.86073   -2.76642   0.291356   -1.54148   0.181044    0.76694  -0.526542  0.0651534  -0.700251   -1.51773  -0.799345   0.273564 -0.0411211    0.11002   0.255999  -0.351661  -0.692519   0.762804   0.730744  -0.264017    0.59672 -0.0281254  -0.457798  -0.928292  -0.224576  -0.094652   -1.94738  0.0488647   0.030687 -0.0430651
   1.32927 -0.0195247   0.785877    2.68046    1.86136   -2.76908   0.289876   -1.54315   0.180121   0.775084  -0.532174  0.0688101  -0.699015   -1.51689  -0.797468   0.276637 -0.0439785   0.113905   0.260679  -0.350286  -0.689974   0.758365   0.731923  -0.263728    0.59775 -0.0322078  -0.454538  -0.926871  -0.229477 -0.0917517   -1.94742  0.0473373  0.0312063 -0.0458826
   1.18024  -0.223602   0.814918    2.83485    2.10534   -2.75393   0.624706    -1.4652   0.385156   0.675254  -0.281631  -0.181169  -0.682689   -1.61958  -0.924372   0.470729  0.0502476  -0.180455   0.175255  0.0604575   -1.05928   0.814284   0.105751   -1.08133   0.525106   -0.35758 -0.0609164   -1.09392  -0.271707  -0.466879   -1.52405   0.134814 -0.0488671   0.329474
   1.21314  -0.147443   0.821499     2.8329    2.13186   -2.81437   0.488562   -1.49473   0.277732   0.863484   -0.40849 -0.0966391  -0.652141   -1.56619  -0.849535   0.542464 -0.0174056 -0.0685514   0.310249   0.136154  -0.899225   0.622121   0.243607   -1.15434   0.556445  -0.434516  -0.158862  -0.936095  -0.398029   -0.40405   -1.60499  0.0875682  0.0113987    0.27611
    1.18186   -0.109873    0.823761     2.87866     2.26669    -2.90081    0.399148    -1.51598    0.194244     1.09035   -0.472082  -0.0601976   -0.556236    -1.52004   -0.726775    0.647127   -0.012532 -0.00362106    0.215228   -0.107376   -0.865156    0.720813    0.307598   -0.996816    0.499273   -0.419826   -0.257728    -1.20832   -0.242907   -0.358167     -1.7513   0.0380315    0.489753    0.290036
     1.18183    -0.108223     0.823622      2.88007      2.26646     -2.90377      0.39758     -1.51691     0.195165      1.09305    -0.473495   -0.0576769    -0.555979     -1.51955    -0.723938     0.646071   -0.0115645 -0.000976417     0.217706    -0.105313    -0.864849     0.718143     0.309659    -0.996414     0.500323    -0.421361    -0.258849     -1.20978     -0.24496    -0.355931     -1.74937    0.0364064     0.490998     0.291772
    1.21481  -0.0462932    0.821694     2.91356     2.32747    -2.97041    0.464064    -1.69494    0.345342    0.870496 -0.00978006   0.0513773   -0.587253    -1.46359   -0.687132    0.768958   -0.106792    0.086901     0.29636  -0.0988987    -0.76981    0.590109    0.374154   -0.959036    0.534771    -0.53456   -0.305305    -1.10452   -0.324685   -0.314742    -1.72434  -0.0614786    0.482853    0.297711
   1.30561  -0.166948   0.826444    2.94736    2.37112   -2.89481   0.358838   -1.58853   0.113956   0.954832  -0.167578  -0.150253   -0.46764   -1.47682  -0.660573     1.0589  -0.361913 -0.0725947   0.147808 -0.0948948  -0.543984   0.631531    0.27282   -1.05415   0.514051  -0.585824  -0.163348  -0.771003          0  -0.416867   -2.14228   0.143319   0.453245   0.292561
   1.28942  -0.228552   0.825186    3.03561    2.49636   -2.92747   0.296973   -1.47843   0.019288   0.973087  -0.169585   -0.24418  -0.368229   -1.45723  -0.569899    1.20764  -0.405146  -0.143058     0.2479   0.224683  -0.674737   0.647648   0.166965   -1.26043   0.664062  -0.186582 -0.0183314  -0.758156          0  -0.556515   -2.04629   0.361329   0.392695   0.417353
   1.39395  -0.184459    0.86057    3.08974    2.48029   -2.96525   0.108085    -1.2659 -0.0861355   0.874874  -0.288437  -0.189912  -0.263776   -1.23404  -0.359297    1.07543  -0.493737 -0.0448228   0.308234   0.358622  -0.457439   0.419038  0.0992267    -1.3803   0.660407  -0.385613 -0.0250758  -0.294646          0  -0.507212   -2.45227   0.478258   0.446727    0.24817
   1.43516  -0.142435   0.871375    3.08517    2.53096   -2.99407  0.0699862   -1.17783 -0.0946047   0.939427   -0.38504  -0.135861  -0.348097   -1.27393  -0.408559   0.987878  -0.307223 0.00259479    0.42301   0.335729  -0.310953   0.321878   0.113752   -1.37551   0.673715  -0.500615 -0.0189482  -0.145863          0  -0.443987   -2.45654    0.50835   0.424464   0.210848
   1.43705   -0.14054   0.871954    3.08669    2.53282   -2.99573  0.0660557   -1.17194  -0.095816   0.938811  -0.388055  -0.133417  -0.347808   -1.26853  -0.404994   0.987423  -0.309822 0.00569445   0.428007   0.332585  -0.303102   0.317903     0.1155   -1.37574   0.674952  -0.506734 -0.0175746  -0.141443          0  -0.438414   -2.45552   0.509735   0.423885    0.21212
   1.32281  -0.171222   0.830531   0.704922   0.506857  -0.492552 -0.0952847   -1.16194   0.435238   0.543048 -0.0204751  -0.135461  -0.966372   -1.72108  -0.321558    1.10161 -0.0781724  0.0562917  -0.173261   0.384311  -0.379017   0.553359   0.313132   -1.23383   0.730766  -0.394947   0.109519   -0.67749 -0.0527484  -0.286616   -1.89373   0.620612   0.425717   0.233216
