   1.37916 -0.0452019   0.741769    2.77419    1.73201   -2.80766   0.199848   -1.59846   0.147274   0.806989  -0.627383  0.0335152  -0.362771   -1.46298  -0.411544   0.620283  -0.566775  0.0729728   0.238731  0.0357891   -0.89306   0.403775   0.511243  -0.411215   0.566071  -0.042367  -0.485923  -0.794039  -0.437168  -0.477672  -0.848047   0.157772   0.335566  0.0409536
  1.42255 -0.315206  0.742006   3.12353   1.78109  -3.20708  0.710925  -1.04335  0.721278  0.321154 -0.510787 -0.261799  0.512542  -1.08693  0.526593  0.275047 -0.485569 -0.156452 -0.423663  0.234059  -1.06736   0.65444 0.0405979 -0.452603  0.288397  0.234309  -0.37341  -0.93292 -0.179432  -1.07848 -0.518404 0.0873663 -0.110439  0.154153
    1.27271   -0.330645    0.794315     3.14415     1.87746    -3.22256    0.809701     -1.1082    0.785567    0.279511   -0.295769   -0.255053    0.523599    -1.08172    0.525017   0.0749768   -0.191754   -0.167238   -0.414518    0.567766    -1.50962    0.421031   -0.273672    -1.39852    0.478704 -0.00446331   -0.288431   -0.933149   -0.637644    -1.32484   -0.486871   0.0992144    0.166402    0.227612
    1.27266   -0.330463    0.794306     3.14308     1.87721    -3.22132    0.810314    -1.10899    0.785812    0.280056     -0.2959    -0.25479    0.523599     -1.0822     0.52466   0.0750812   -0.191754   -0.167066   -0.415348    0.566778    -1.51066    0.419416   -0.273925    -1.39852    0.473935 -0.00297512   -0.285943   -0.929199   -0.638564    -1.31368   -0.486838   0.0969396    0.166984    0.215517
   1.18877  -0.277236   0.853623    3.13277    2.20345   -3.23473   0.687897   -1.11029   0.612902   0.596449  -0.327194  -0.197716    0.46407   -1.12788   0.435405     0.5032  -0.267645  -0.101443  -0.359679  0.0610753   -1.28506   0.875787  -0.200626  -0.850039   0.252252  -0.293104 -0.0708128   -1.17119    -0.2648  -0.773523  -0.841768   0.135005  -0.602145   0.034734
   1.09685  -0.180121   0.840375    3.19608     2.0568   -3.26422   0.789556   -1.41104   0.800307   0.563159  -0.189383 -0.0453257   0.337603   -1.40909   0.375638   0.423714 -0.0914029   0.017308  -0.246271  -0.018271   -1.53296   0.765737  -0.109732  -0.824552   0.254718   -0.21467  -0.233373   -1.40709  -0.468879  -0.569522  -0.817486   0.216939  -0.420244  -0.078808
    1.12529     -0.2064    0.790183      3.2504     2.16946    -3.18159    0.783146       -1.54     0.79561    0.972432   -0.395659  -0.0871655    0.446438    -1.66793    0.507762    0.401839    0.282028 -0.00346125   -0.332917   -0.113089    -1.40147     0.77428   -0.116043   -0.801717    0.281406   -0.210122   -0.211883    -1.25572   -0.400387   -0.665118   -0.846269    0.182686   -0.418522  -0.0447983
     1.12522    -0.204811     0.790185      3.25082      2.17054     -3.18432     0.787118     -1.54028     0.801516     0.975994     -0.39789   -0.0841785     0.446887     -1.66706      0.51001     0.401863     0.282128 -0.000790454    -0.331862    -0.110413     -1.40029     0.770632    -0.112179    -0.801531     0.281878    -0.210997    -0.216294     -1.25443    -0.403592    -0.663135    -0.845245     0.182315    -0.418557   -0.0474152
   1.09654  -0.223636   0.792797    3.26401    2.27693   -3.20068   0.759484   -1.49682   0.767422    1.04741  -0.394871  -0.112387   0.447278   -1.60284   0.511016   0.424754   0.307997 -0.0244268  -0.206201   0.208669   -1.65113   0.577864 -0.0461021  -0.851008   0.405159   0.119915  -0.272109   -1.22197   -0.59639  -0.714206  -0.766848   0.249549  -0.395002  0.0698582
   1.15284  -0.246154   0.822047    3.15503    2.33133   -3.16716   0.663356   -1.31478   0.570743    1.00353  -0.450898  -0.168425   0.523599   -1.44949   0.495973   0.456492   0.198579 -0.0579033  -0.157203   0.314524   -1.43694   0.572987 -0.0520122  -0.975139    0.42451  0.0736943  -0.217555  -0.994399  -0.534742  -0.786082  -0.864763   0.114551  -0.466005   0.128771
    1.22106   -0.232094    0.840156       3.166     2.43591    -3.21532    0.801554    -1.28109    0.690909    0.794547   -0.138308   -0.194565    0.523599    -1.41265    0.522967    0.754766  -0.0264301  -0.0323393   -0.110992    0.419259    -1.15618     0.51436 -0.00205132    -1.03632    0.448079  -0.0474976   -0.185297   -0.764227   -0.486026   -0.851642   -0.823841    0.068644   -0.605394    0.136773
    1.22399   -0.232685     0.84065     3.16493     2.43915    -3.21544    0.798334    -1.27725    0.685904    0.801149   -0.145244   -0.195974    0.523599    -1.40944     0.52162    0.762989  -0.0341935  -0.0332956   -0.107787    0.421993     -1.1444    0.515959 -0.00167806    -1.04095    0.451008  -0.0512406   -0.181947   -0.757373   -0.481005   -0.852869   -0.824092   0.0663073   -0.610064    0.140368
   1.20561  -0.207207   0.865102    3.07456    2.66105   -3.25576   0.760323   -1.14546   0.574411    1.00093  -0.235241  -0.183621    0.45453   -1.17728   0.407334   0.771828 -0.0356674 -0.0169845  -0.172153    0.18783   -1.04563   0.637206  0.0975137  -0.772805   0.352876  -0.127666   -0.29983  -0.927861  -0.325951  -0.704283  -0.883445  0.0595024  -0.259149  0.0339597
   1.19407  -0.162421   0.856771    3.09517    2.64396   -3.26462      0.755   -1.23315   0.637759    1.06077   -0.23917  -0.115297   0.394433   -1.25494   0.410243   0.808012 -0.0256356   0.043649 -0.0987407   0.178618   -1.05107   0.583953   0.177788  -0.735297   0.364657  -0.178467   -0.32609  -0.941014  -0.403183  -0.621698  -0.870373  0.0804121  -0.215812 0.00658013
   1.28433  -0.130025   0.864866     3.0598    2.79393    -3.3178   0.603015   -1.04608   0.483806    1.27719  -0.491317  -0.100568   0.276636   -1.12837   0.368329   0.836089 -0.0388102    0.14378  0.0138986    0.26084  -0.764963    0.44682   0.247024  -0.748713   0.430427  -0.312441  -0.331682  -0.662479  -0.319473  -0.642434  -0.931097  0.0955961  -0.263479 -0.0239104
    1.66549  0.00806534    0.882046     2.83243     2.96134    -3.35505    0.315689  0.00342903    0.257979    0.758649   -0.867713 -0.00186836    0.101151   -0.232367    0.227906    0.538772   -0.470372    0.261799    0.517421    0.249166    0.264275           0   -0.174647    -1.50444     1.09197   -0.771748      -0.839    0.535867           0   -0.489054    -1.93729   0.0577662   -0.154964   -0.122068
   1.32281  -0.171222   0.830531   0.704922   0.506857  -0.492552 -0.0952847   -1.16194   0.435238   0.543048 -0.0204751  -0.135461  -0.966372   -1.72108  -0.321558    1.10161 -0.0781724  0.0562917  -0.173261   0.384311  -0.379017   0.553359   0.313132   -1.23383   0.730766  -0.394947   0.109519   -0.67749 -0.0527484  -0.286616   -1.89373   0.620612   0.425717   0.233216
