   1.37916 -0.0452019   0.741769    2.77419    1.73201   -2.80766   0.199848   -1.59846   0.147274   0.806989  -0.627383  0.0335152  -0.362771   -1.46298  -0.411544   0.620283  -0.566775  0.0729728   0.238731  0.0357891   -0.89306   0.403775   0.511243  -0.411215   0.566071  -0.042367  -0.485923  -0.794039  -0.437168  -0.477672  -0.848047   0.157772   0.335566  0.0409536
   1.32035  -0.112701   0.763105    2.79533    1.69734   -2.76173   0.345039   -1.56415   0.297669   0.539028  -0.427916 -0.0382918  -0.470453   -1.57943  -0.518108   0.610272  -0.485261  -0.040604   0.116705  0.0188602    -1.0809   0.523784   0.480209  -0.335654   0.495673  0.0763026  -0.541574  -0.935813  -0.390612  -0.573418  -0.843597   0.302296   0.382428 -0.0346078
   1.14123 -0.0156625   0.798829    2.79202     1.8435   -2.83439     0.3571   -1.76741   0.293073   0.685377  -0.236896  0.0898192  -0.626091   -1.52186  -0.702641   0.381766  -0.159319  0.0641298   0.523599   0.667049   -1.28096   0.283629   0.303023   -1.10247   0.616085   -0.40522  -0.191045   -1.01495   -1.13605  -0.675578  -0.520639   0.381462   0.628816   0.194577
   1.14141 -0.0138855   0.798372    2.79156    1.84283   -2.83542   0.356005   -1.77055   0.292825   0.690147  -0.239181  0.0922588   -0.62836   -1.52099  -0.704293   0.380313  -0.159025  0.0663443   0.523599   0.666101   -1.27943   0.278875   0.308525   -1.11336   0.616631  -0.398046  -0.200276   -1.01479   -1.13666  -0.672162  -0.522348   0.374635   0.630701   0.197851
   1.12186 0.00502837   0.804791    2.83572    2.10671   -2.92747   0.360836   -1.74765   0.265907     1.0594  -0.365626   0.111574   -0.49621   -1.50217  -0.600484   0.764713  -0.298481   0.102974   0.342316   0.234839   -1.39401   0.395432   0.254006  -0.700554   0.350482  -0.504852  -0.309207   -1.15904  -0.956899  -0.168692   -1.23061  -0.100947 0.00700018 -0.0173914
    1.12095  0.00611653    0.805094     2.83555     2.10467    -2.92828     0.36221    -1.74792    0.268557     1.05443   -0.362376    0.113504   -0.493836    -1.50092   -0.596909    0.756499   -0.293311    0.104895    0.334472    0.227786    -1.39322    0.394409    0.253682   -0.717693    0.355288   -0.492697    -0.32738    -1.16369   -0.958161   -0.166852    -1.22098  -0.0847005 -0.00248041  -0.0445398
  1.16095 0.0117305  0.792732   2.81807   2.21529  -2.94457  0.372756  -1.70342  0.252947   1.27691 -0.518032  0.119842 -0.612911  -1.46616 -0.711797  0.445667   0.10673  0.163398  0.368814  0.165858  -1.19995   0.39371   0.28702 -0.778077  0.403775  -0.51374 -0.362414  -1.01198 -0.833699  -0.25883   -1.1387  0.068897 -0.128222 -0.170901
   1.43834  0.0428147   0.832165    2.84453    2.40725   -2.99906    0.11855  -0.819547 -0.0254957   0.837158  -0.762767   0.111834  -0.183763   -1.05133  -0.240919   0.704667  -0.378541   0.261799   0.523599 0.00984452  -0.410918  0.0715359   0.392919   -1.10238   0.441277  -0.887513  -0.296599  -0.285862  -0.464726  -0.420328   -1.45749  0.0926655  -0.383096 -0.0972207
   1.30803  0.0240046   0.836903    2.95529    2.25056   -3.05769  -0.113166   -1.61792  -0.188106   0.878775  -0.155534  0.0672576  -0.366785   -1.24896  -0.360914   0.451303 -0.0716286   0.222589   0.523599   0.194129  -0.773485   0.255328   0.364393  -0.871605   0.480871   -0.80105  -0.163718  -0.593529  -0.677258   -0.33217   -1.51286    0.17335 -0.0669239 -0.0894709
   1.30463  0.0234153   0.836183    2.95314    2.24742   -3.05647  -0.110728   -1.62437  -0.187155   0.875115  -0.148719   0.066658  -0.367236   -1.25407  -0.362955   0.446025  -0.064619   0.221639   0.523599   0.198992  -0.782462   0.259022    0.36274  -0.868749   0.480684  -0.796035   -0.16344  -0.601204  -0.682527  -0.330454   -1.51237    0.17423 -0.0608364 -0.0910377
    1.56895   0.0440468    0.866363     3.09856     2.38947    -3.13667   -0.132131    -1.02438  -0.0974183    0.782358   -0.506631    0.109846   -0.388443   -0.968806   -0.273685    0.492288   -0.245195    0.261799    0.523599   -0.103818    -0.23233 1.73472e-18    0.325667   -0.913924    0.574433    -1.32003   -0.122298  -0.0898331   -0.388117   -0.314557     -1.6484     0.18291   -0.431779  -0.0277037
   1.53943  0.0240997   0.870975     3.0929    2.37317   -3.11534  -0.116381   -1.08302  -0.104912   0.775352  -0.457573  0.0815519   -0.38949   -1.02514  -0.297847   0.496699   -0.20826   0.231857   0.507488 -0.0783702  -0.273457  0.0642006   0.323394  -0.898954   0.574174   -1.27116  -0.102316  -0.149427  -0.363466  -0.327471    -1.6231   0.189262  -0.419795  0.0028678
    1.4415 -0.0456755   0.910511    3.24149    2.59565   -3.16652  -0.128338  -0.881203 -0.0480712   0.634238  -0.298139 0.00696603  -0.409862   -1.02956  -0.215558   0.677651  -0.174054   0.161925   0.523599   0.260927  -0.323333   0.157957   0.188237   -1.09325   0.658847  -0.698092  0.0623936  -0.104823  -0.398866  -0.651625   -1.30913   0.210639  -0.434181   0.175598
   1.43966 -0.0465062   0.910156    3.24096     2.5934   -3.16497  -0.128075  -0.887429   -0.04968     0.6361  -0.295884 0.00565627  -0.411432    -1.0344  -0.219164   0.678456  -0.171786   0.160347   0.523599   0.261458  -0.326538   0.161808   0.188426   -1.09325   0.660154  -0.695979  0.0632964  -0.108987  -0.399973  -0.651037   -1.31058   0.210773  -0.431035   0.177011
   1.45066 -0.0328928   0.910064    3.25902    2.62713   -3.17524  -0.084572  -0.968955 -0.0137752   0.632021  -0.178451 -0.0333651  -0.439912    -1.0099  -0.212018   0.727229  -0.211315   0.180094   0.523599   0.239798  -0.308149    0.13067   0.188427   -1.08951   0.667802  -0.703639  0.0472936 -0.0770343  -0.410249  -0.642248   -1.30478   0.208239  -0.428772   0.161059
   1.45066 -0.0327947   0.909948    3.25963    2.62739   -3.17554 -0.0853052  -0.969391 -0.0138709   0.633333  -0.179085 -0.0332356  -0.440938   -1.01066  -0.212306   0.729007  -0.212062   0.180244   0.523599     0.2394  -0.307667   0.130777   0.188554   -1.08995   0.668567   -0.70349  0.0472037 -0.0771187  -0.410433  -0.641583   -1.30537   0.208388  -0.427814   0.161157
   1.32281  -0.171222   0.830531   0.704922   0.506857  -0.492552 -0.0952847   -1.16194   0.435238   0.543048 -0.0204751  -0.135461  -0.966372   -1.72108  -0.321558    1.10161 -0.0781724  0.0562917  -0.173261   0.384311  -0.379017   0.553359   0.313132   -1.23383   0.730766  -0.394947   0.109519   -0.67749 -0.0527484  -0.286616   -1.89373   0.620612   0.425717   0.233216
