   1.37916 -0.0452019   0.741769    2.77419    1.73201   -2.80766   0.199848   -1.59846   0.147274   0.806989  -0.627383  0.0335152  -0.362771   -1.46298  -0.411544   0.620283  -0.566775  0.0729728   0.238731  0.0357891   -0.89306   0.403775   0.511243  -0.411215   0.566071  -0.042367  -0.485923  -0.794039  -0.437168  -0.477672  -0.848047   0.157772   0.335566  0.0409536
  1.22463 0.0264818  0.755464   2.72633   1.64931   -2.8239  0.120191  -1.89605    0.1035  0.816578 -0.418332   0.12985 -0.620605  -1.50125  -0.64322  0.204403 -0.185439  0.138475   0.43596  0.176441   -1.2833   0.53684  0.548418 -0.142472  0.561294 0.0641042 -0.434012  -1.30336 -0.565158 -0.309965 -0.719528  0.323868  0.670152  0.169233
     1.08154 -7.29521e-06     0.786427      2.74098       1.7998     -2.80647      0.13017     -1.89662    0.0612145     0.700726    -0.159361    0.0773793    -0.597264      -1.5166    -0.667131     0.149752    0.0238444     0.091523      0.46727     0.734036     -1.55502     0.278064     0.263049     -0.91493     0.590557    -0.380973    -0.235679     -1.18142     -1.26557    -0.524534    -0.547631     0.254829     0.753434     0.264585
    1.08159 0.000931748    0.785879     2.73828     1.79915    -2.80577    0.125565    -1.90095   0.0561914    0.707223   -0.162118   0.0780119   -0.595576    -1.51718   -0.665474    0.149133   0.0241916   0.0931013    0.467232    0.733642     -1.5531    0.274936    0.268172   -0.925555    0.591631   -0.373863   -0.244612    -1.18035    -1.26529    -0.52144   -0.550008      0.2494    0.755553    0.265104
    1.09033 -0.00545042    0.810294     2.73723     2.06176    -2.82139    0.238484    -1.78051   0.0821697    0.931375    -0.25828   0.0639625    -0.45506    -1.50588   -0.604303    0.601398   -0.190513   0.0859267     0.30126    0.181207    -1.51243    0.425224    0.202022    -0.73985     0.36041   -0.411732   -0.402112    -1.32041   -0.968104   -0.106744    -1.14456   -0.191848  -0.0286034   0.0248767
    1.08985 -0.00557471    0.810551     2.73869     2.06138    -2.82268    0.237069    -1.77952   0.0813851    0.928535   -0.256564   0.0637259   -0.452906    -1.50525   -0.601285    0.598358   -0.188245   0.0861786    0.296621    0.174714    -1.51116    0.427975    0.201193    -0.74722    0.363456   -0.405702    -0.41025    -1.32505   -0.963957   -0.104814    -1.13426    -0.17467  -0.0371364  0.00480783
   1.11476  -0.018288   0.787178    2.73724    2.18466   -2.82679   0.244476   -1.81816  0.0367121    1.24646   -0.41955  0.0361603  -0.578578   -1.45731  -0.746141   0.257918   0.240146    0.11725   0.338026   0.110404    -1.3509   0.477123   0.216468  -0.758737   0.400956  -0.419306   -0.38127   -1.20473  -0.828684  -0.199253   -1.05407 -0.0300539  -0.122417 -0.0638599
   1.05317  -0.105675   0.772403    2.75482    2.11169    -2.7319   0.193728   -1.91986 -0.0543066      1.104  -0.263396   -0.10305  -0.646995   -1.49426  -0.852422  0.0173103   0.425006 -0.0167874   0.180229 -0.0185502   -1.62951   0.650092 0.00650247  -0.685944   0.340547  -0.271111  -0.271497   -1.48218     -0.677  -0.252411   -0.98013  0.0511392 -0.0913921  0.0288129
   1.40405  0.0571907   0.880935    3.04978    2.40712   -2.99716   -0.19148   -1.15202  -0.257754   0.749027  -0.324667  0.0316647   -0.40214   -0.79679  -0.371864   0.282423  -0.158747   0.261799   0.437459  -0.182952   -0.55193   0.208092   0.417515  -0.827021   0.491357   -1.02378  -0.205382  -0.553531    -0.5773  -0.211707   -1.13027 -0.0242499  -0.497974  0.0196854
    1.20249 -0.00382636    0.840239     2.98743     2.24026      -2.989  -0.0594175    -1.55737   -0.177196    0.610823   0.0362933  -0.0363775   -0.473063    -1.21523   -0.489763     0.18036    0.173986    0.169502     0.26593  -0.0278417   -0.989362     0.46518    0.339732   -0.864433    0.406059   -0.579365   -0.302647    -1.04549   -0.675395   -0.209211    -0.88893  -0.0386694   -0.395846 -0.00213425
   0.957282  -0.0383793    0.693252     2.84206     2.08387    -2.92293   -0.308642    -1.91986   -0.558505    0.253901     0.55446   -0.158093    -1.44338    -1.58156     -1.5708 2.77556e-17    0.499808   0.0376822     0.33974    0.424003    -2.36653    0.475301     0.36855   -0.223214    0.243761  -0.0355338   -0.470463    -2.28873   -0.860873    0.442121   -0.249519    0.404479   -0.146113   -0.245672
   1.64685  -0.136641   0.891454    3.09725    2.95135   -3.19235    0.20497  0.0885005   0.090569    0.33642  -0.600398  -0.171624 -0.0331286  0.0237251  0.0446096    0.39296  -0.608399  0.0771405   0.454148   0.410291 -0.0670328   0.242927  -0.314948  -0.871825   0.778916  -0.894571  0.0654749   0.178207  -0.165007  -0.346306  -0.512578  -0.497069   -1.26644   0.408662
   1.11742  0.0112503   0.824419    3.24178    2.37803   -2.90378  -0.523599   -1.06657  -0.558505          0   0.375254 -0.0693973   -1.08342   -1.05655  -0.947543   0.094665   0.459209   0.158252   0.120881   0.104527   -1.59264   0.299986 -0.0557241  -0.450342   0.826596  -0.381348  -0.477701   -0.66282   -1.24274  -0.289336  -0.790491  -0.562651  -0.362938   0.140531
   1.58054  0.0351048   0.918392    3.15762     2.7884   -2.99458 -0.0755658   -0.16844  -0.166366   0.215863  -0.390874  0.0338968  -0.391864  -0.495283   -0.26788   0.610325  -0.402682   0.255917   0.264389   0.250077  -0.224237          0  -0.339671   -1.20681   0.892071  -0.785924  -0.585437   0.350005  -0.478848  -0.410612  -0.629181  -0.628051    -1.2628  0.0663229
   1.48282  -0.120337   0.928147    3.07415    2.79943   -2.61528 0.00336553  -0.580916  -0.499145    0.15638 0.00965867  -0.218393  -0.404688  -0.662608  -0.668827   0.880737  -0.463745  0.0231902   0.280595  0.0770642  -0.644809   0.254123  -0.430176  -0.709804   0.752509  -0.796873 -0.0617716  0.0909849  -0.445284  -0.452446  -0.593823  -0.705228   -1.22718    0.27171
   1.48118  -0.122635   0.927371    3.07128    2.79979   -2.60974 0.00567498  -0.586108  -0.503764   0.155882  0.0126694  -0.222476  -0.405833  -0.667397  -0.676257   0.886776  -0.465333  0.0194122   0.279458  0.0759258  -0.652637   0.256542  -0.432599  -0.703981   0.749086  -0.794019  -0.056978  0.0876577  -0.444657  -0.453864  -0.593698  -0.707701   -1.22641    0.27286
   1.32281  -0.171222   0.830531   0.704922   0.506857  -0.492552 -0.0952847   -1.16194   0.435238   0.543048 -0.0204751  -0.135461  -0.966372   -1.72108  -0.321558    1.10161 -0.0781724  0.0562917  -0.173261   0.384311  -0.379017   0.553359   0.313132   -1.23383   0.730766  -0.394947   0.109519   -0.67749 -0.0527484  -0.286616   -1.89373   0.620612   0.425717   0.233216
