   1.37916 -0.0452019   0.741769    2.77419    1.73201   -2.80766   0.199848   -1.59846   0.147274   0.806989  -0.627383  0.0335152  -0.362771   -1.46298  -0.411544   0.620283  -0.566775  0.0729728   0.238731  0.0357891   -0.89306   0.403775   0.511243  -0.411215   0.566071  -0.042367  -0.485923  -0.794039  -0.437168  -0.477672  -0.848047   0.157772   0.335566  0.0409536
   1.18067  0.0710251   0.750274    2.77218    1.63123   -2.84397   0.563839   -1.91986   0.585549   0.662993  -0.309583   0.261799  -0.801385   -1.42749  -0.818212  0.0265202 -0.0667446   0.175897   0.495781   0.189875    -1.4581    0.57628   0.443536  0.0144617   0.609194  0.0544791  -0.376489   -1.53157  -0.600637   -0.24258  -0.584832   0.391447   0.729637   0.223712
   1.05323  0.0478708   0.774476    2.74642    1.78252   -2.79791   0.488222   -1.91986   0.472514   0.604997 -0.0897772   0.203812  -0.773436   -1.44943  -0.831305  0.0135788   0.104378   0.135638   0.467277   0.751944    -1.7136   0.206914   0.315428  -0.829688   0.576608  -0.365764  -0.327822   -1.47847   -1.34421  -0.414784  -0.510925   0.303319   0.816126    0.40779
  1.04478 0.0255487  0.777832   2.75144   1.77345  -2.78581  0.469576  -1.89739  0.445688  0.538748 -0.050294   0.16888 -0.775435  -1.46841 -0.834927         0  0.121489  0.104796  0.421293  0.723008  -1.75089  0.235542  0.282677 -0.821968  0.565701  -0.34972 -0.315509   -1.4909  -1.31891 -0.411948 -0.531497  0.300231  0.822996  0.376184
   1.40086  -0.147722   0.792589    2.76286    2.10724   -2.46417  0.0464858  -0.983551  -0.287383   0.216968  -0.369907   -0.20154  -0.301228   -1.13154  -0.596449    0.80218  -0.750445  -0.110038   0.150823 -0.0133067   -1.57346    1.26569   -1.75825   -1.88135    1.98307     -1.562   -0.92092     -3.359      -3.43     2.3577     -2.488   0.329746 -0.0116315  -0.206124
   1.40081  -0.147232   0.792215     2.7659     2.1068   -2.46211  0.0394309  -0.982096  -0.294544   0.215309  -0.369482  -0.202037  -0.313493   -1.13241  -0.608075   0.809796  -0.755297  -0.111049   0.148691 -0.0200431   -1.57346     1.2682   -1.75747   -1.88558    1.98325     -1.562  -0.924984     -3.359      -3.43    2.35874     -2.488   0.309566 -0.0112559  -0.187207
   1.41239  -0.158665   0.809588    2.66012    2.10294   -2.59114   0.338543   -0.93973  0.0363974   0.186407  -0.369755  -0.161271  -0.518074   -1.58963  -0.823557    0.80099   -0.34096  -0.152725  0.0323427 -0.0607313   -1.80908    1.45544   -2.03165   -2.07369    2.02111     -1.562   -1.18679     -3.359      -3.43       2.55   -2.12507  -0.412237  -0.356426   0.357156
   1.41219  -0.158839   0.809255    2.65891    2.09988   -2.59139   0.339862  -0.941523  0.0395626   0.185051  -0.368951  -0.160926  -0.517652   -1.59249  -0.822037   0.798735  -0.339141  -0.152686  0.0286131 -0.0612817   -1.82661    1.45668   -2.04485   -2.08117    2.02382     -1.562   -1.19456     -3.359      -3.43       2.55   -2.12834  -0.417845  -0.355925   0.359347
    1.41393    -0.15001    0.824156     2.69835     2.03583    -2.59973    0.246601    -1.38432 -0.00622473    0.169139   0.0387336   -0.148187   -0.540486    -1.55053   -0.787813    0.649652   -0.269561   -0.133908  -0.0393962   -0.106861     -1.8648      1.4463    -2.05091    -2.10988     2.01413      -1.562    -1.26767      -3.359    -3.40999     2.54021    -2.10941   -0.422453   -0.401055    0.309064
   1.41268  -0.146348   0.824471    2.69514    2.03388   -2.59953   0.241315   -1.38671 -0.0101852   0.167666  0.0409362  -0.143959  -0.541797   -1.54848  -0.787475   0.641015  -0.264033  -0.128901 -0.0407062  -0.109408   -1.86027    1.44042    -2.0399   -2.11245    2.01815     -1.562   -1.28316     -3.359   -3.40119    2.53591   -2.10486  -0.429118  -0.401481   0.301731
   1.42823  -0.160634   0.832374    2.67907     2.0746   -2.59982   0.335573   -1.33846   0.054392   0.176227  0.0182218  -0.153329  -0.608203    -1.5126   -0.86584   0.485839 -0.0966873 -0.0908903 -0.0720472 -0.0814018   -1.69863    1.39539   -1.91682    -2.0256    1.99144   -1.49727   -1.26035   -3.31102      -3.43     2.5321   -2.00049  -0.436762  -0.528364   0.265236
    1.46656    -0.25358    0.828785      2.6946     2.17481    -2.59299    0.525993    -1.17297    0.158781    0.122056 -0.00844971   -0.261799    -0.25985    -1.55476   -0.600332    0.730384     -0.2377   -0.181412   -0.363682    0.126879    -1.78032    0.971709    -1.96907    -1.61188     2.05879    -1.12146    -1.13214    -3.01057       -3.43        2.55    -1.86589   -0.956777   -0.956377    0.433892
  1.48071 -0.222911  0.827921   2.76509   2.18536  -2.70448  0.628433  -1.21405  0.293388  0.111321 0.0987845 -0.261799 -0.247019  -1.54847 -0.530555  0.809075 -0.278648 -0.129799 -0.369258  0.175036  -1.72241  0.945277  -1.98502  -1.64274    2.0644  -1.22373  -1.17165  -2.96084     -3.43      2.55  -1.81243 -0.909403 -0.995965  0.338117
   1.41656   -0.17578   0.823047    2.44176    2.23153    -2.4586    1.08216   -1.44567   0.591899   0.268396    0.12505  -0.179928   -0.12358   -1.52848  -0.567765   0.582711  -0.122122  -0.074766   0.493787   0.276323   -0.44953   0.457006   0.084705    -1.5424   0.668971  -0.652132  -0.277476     -3.359      -3.43    2.52261   -2.29978 -0.0607907  -0.138969   0.406291
   1.39539  -0.112569   0.848883    2.57861    2.35052    -2.6185   0.780637   -1.52885   0.312206   0.596478  0.0185432    -0.1347  -0.069094   -1.31271  -0.454345   0.477845 -0.0509633  0.0232957   0.164811  -0.127342  -0.398496   0.384286   0.260021   -1.57837   0.453333  -0.382054  -0.571849     -3.359      -3.43    2.40536     -2.488  -0.128162   0.258242  -0.109555
   1.39497  -0.113551   0.848656    2.58032    2.34797   -2.61893   0.780239   -1.52691   0.313694   0.589514  0.0218908  -0.135485 -0.0732414   -1.31684   -0.45702   0.480042 -0.0510174  0.0216625   0.158846  -0.129266  -0.399071   0.384623   0.262585   -1.58482   0.449489  -0.374349  -0.572047     -3.359      -3.43    2.40534     -2.488  -0.120387   0.257436  -0.120777
   1.32281  -0.171222   0.830531   0.704922   0.506857  -0.492552 -0.0952847   -1.16194   0.435238   0.543048 -0.0204751  -0.135461  -0.966372   -1.72108  -0.321558    1.10161 -0.0781724  0.0562917  -0.173261   0.384311  -0.379017   0.553359   0.313132   -1.23383   0.730766  -0.394947   0.109519   -0.67749 -0.0527484  -0.286616   -1.89373   0.620612   0.425717   0.233216
