   1.37916 -0.0452019   0.741769    2.77419    1.73201   -2.80766   0.199848   -1.59846   0.147274   0.806989  -0.627383  0.0335152  -0.362771   -1.46298  -0.411544   0.620283  -0.566775  0.0729728   0.238731  0.0357891   -0.89306   0.403775   0.511243  -0.411215   0.566071  -0.042367  -0.485923  -0.794039  -0.437168  -0.477672  -0.848047   0.157772   0.335566  0.0409536
    1.08651   -0.264006    0.752612     2.84752     1.58102    -2.80044      1.3889     -1.4985     1.38527           0 -0.00360247   -0.118223   -0.636867    -1.91986   -0.672476    0.348557  -0.0613054   -0.261799   -0.121088  -0.0567671    -1.77649     0.83042    0.170695   -0.328548   0.0962184    0.626491   -0.352623    -1.59061   -0.400974   -0.350928   -0.591947     0.49696     0.67108   -0.336879
   1.04784  -0.269027   0.766987    2.92915    1.77156   -2.87326    1.03038   -1.45317   0.960794 0.00989165   0.117012   -0.15937  -0.487005   -1.91986  -0.608867    0.59083  -0.103333  -0.261799  -0.264573  -0.722258   -1.54202    1.46182    0.20199  -0.426761 -0.0135831   0.790652  -0.427333   -1.85574          0  -0.549289  -0.876917 -0.0911818  -0.279222   0.250323
   1.06014  -0.222446   0.782694    2.92023    1.78468   -2.88238   0.990528   -1.50314   0.924659  0.0987572   0.067464 -0.0988485  -0.476795   -1.83985  -0.579928   0.530168 -0.0945768  -0.192975  -0.209081  -0.668289   -1.44134     1.4036   0.249047  -0.329602 0.00417042   0.662741  -0.334978   -1.78254 -0.0590943   -0.45712  -0.905641 -0.0858239  -0.281737   0.177252
    1.2008  -0.286964   0.787556    2.83383    1.91876   -2.76349   0.852658   -1.38275   0.688253   0.393245  -0.214246  -0.217653  -0.369183   -1.79544  -0.552971   0.427469  0.0893508  -0.215695  -0.519394  -0.719795   -1.09856    1.35179   0.165095 -0.0628688 -0.0866507    0.39544   -0.21171   -1.17773          0    -0.5749   -1.09968    -0.2775  -0.456973  0.0312271
    1.20382   -0.285294    0.788429     2.83067     1.92118    -2.76237    0.846245    -1.38026    0.680268    0.397516   -0.219305    -0.21649    -0.36939    -1.79371   -0.554446    0.435901   0.0813224    -0.21346   -0.519109   -0.716188    -1.08994     1.34772    0.163454  -0.0583673  -0.0869869      0.3876   -0.202844     -1.1664 1.34441e-17   -0.572787    -1.10427   -0.279565   -0.460834   0.0271838
   1.19417   -0.28074   0.807501    2.79371    2.08733   -2.71461   0.759089   -1.36572   0.488399    0.52884   -0.24185  -0.241491  -0.290478   -1.69958  -0.559639   0.544783  0.0319313  -0.210591  -0.471993  -0.415283   -1.34472   0.897351  -0.292115   -1.23431     0.1086   0.205528  -0.192201    -1.0703  -0.244391  -0.690087  -0.903855   -0.24146  -0.560838 -0.0249205
   1.19556   -0.28153   0.807098    2.79213    2.08399   -2.71288   0.758767   -1.36282   0.488899   0.521831  -0.240684  -0.242431  -0.291086   -1.70238  -0.560001   0.546045  0.0297128  -0.211686  -0.480226  -0.421526   -1.34591    0.89702  -0.295664   -1.24277   0.111469   0.216647  -0.201461   -1.06613  -0.240254  -0.692212  -0.908312  -0.245663  -0.560551 -0.0288179
   1.13745  -0.182449   0.776217    2.30047    2.32594   -2.34987    1.65806   -1.51231    1.04092    0.14694   0.326627  -0.163884  -0.746657    -1.6255   -1.36657   0.542537 -0.0282062  -0.167457  0.0139908   -0.40705   -1.46514   0.898967  -0.519116   -1.11139  -0.797114   0.269271     0.8452   -1.20258  -0.519571  -0.478038  -0.552493  -0.255494  -0.642828  -0.185384
   1.13579  -0.184156   0.775714    2.30411    2.32386   -2.35457    1.65806   -1.50896    1.04335   0.144181   0.329294  -0.165563  -0.744981   -1.62904   -1.36285   0.540297 -0.0235456  -0.169662  0.0120442   -0.40397   -1.47368   0.899391  -0.522356   -1.10236  -0.797563   0.264228    0.84921   -1.20926  -0.519717  -0.478153  -0.550518  -0.253828      -0.64  -0.181199
    1.10597   -0.180497    0.774976     2.35434     2.39774    -2.41476     1.65806    -1.53496     1.01288    0.222497    0.341071   -0.169138   -0.671049    -1.59712    -1.31336    0.588681 0.000457962   -0.163255   -0.110396   -0.702233    -1.37212     1.09776   -0.517868   -0.917329   -0.867116     0.20394    0.864874    -1.25843   -0.580291   -0.347107   -0.564855   -0.231504   -0.331309    -0.54159
     1.47482    0.0443425     0.753097       1.7149      2.49524     -1.56892      1.37451     -1.91986     0.474632     0.529384    -0.217819    0.0117315    0.0366856     -1.13085    -0.936748 -3.81639e-17    -0.273573      0.20498    0.0834313     -1.21574    -0.395071     0.646022    -0.592324     -2.21112      -1.3147     0.982904     0.038817   -0.0823303    -0.366698    -0.420205    -0.876486    -0.553306     -1.19826     -1.15572
   1.41992   0.129244   0.750745    1.63694    2.26054   -1.60611    1.50216   -1.91986   0.849625   0.381012  -0.121915   0.220966  -0.715576   -1.26592   -1.40587          0 -0.0280959   0.261799  0.0839849   -1.14579  -0.629453   0.631795  -0.615497   -2.14512   -1.38452   0.963744 0.00938371  -0.271626  -0.575998  -0.429499  -0.840479  -0.551596   -1.18116   -1.21752
    1.50208   -0.209701    0.914526     2.85856     2.62166    -2.94872    0.537668   -0.659045     0.11253    0.464047   -0.346898   -0.261799    0.246988   -0.667192  -0.0401403    0.195923  -0.0789848   -0.031288   -0.523599   -0.206567    0.143221      1.0017   -0.043211    -1.48806    -1.75678    0.617221     1.92136   -0.110183 -0.00478142   -0.241208    -1.27903   -0.749735   -0.751266  -0.0156177
   1.42507  -0.228066   0.912185    2.89849    2.63933   -3.04573    0.65005   -0.95245    0.25559   0.593711  -0.116423  -0.258722   0.284221  -0.713552  0.0557026   0.160488  0.0448789 -0.0401556  -0.497065  -0.197239  0.0526628    1.06904 0.00726004   -1.31765   -1.79407   0.576808     2.0869  -0.363231  -0.105377  -0.198882   -1.12977  -0.827854  -0.669316  0.0911384
   1.42776   -0.23004   0.912718    2.89654    2.64357   -3.04478   0.651265  -0.944109   0.252018   0.592976  -0.120266  -0.261799   0.288252  -0.705524  0.0555851   0.161297  0.0400598 -0.0426375  -0.499233  -0.193407  0.0581224    1.07047 0.00712094   -1.32052   -1.79373   0.575352    2.08662  -0.357675 -0.0994041  -0.199639   -1.13166  -0.828382  -0.672379  0.0916514
   1.32281  -0.171222   0.830531   0.704922   0.506857  -0.492552 -0.0952847   -1.16194   0.435238   0.543048 -0.0204751  -0.135461  -0.966372   -1.72108  -0.321558    1.10161 -0.0781724  0.0562917  -0.173261   0.384311  -0.379017   0.553359   0.313132   -1.23383   0.730766  -0.394947   0.109519   -0.67749 -0.0527484  -0.286616   -1.89373   0.620612   0.425717   0.233216
