   1.37916 -0.0452019   0.741769    2.77419    1.73201   -2.80766   0.199848   -1.59846   0.147274   0.806989  -0.627383  0.0335152  -0.362771   -1.46298  -0.411544   0.620283  -0.566775  0.0729728   0.238731  0.0357891   -0.89306   0.403775   0.511243  -0.411215   0.566071  -0.042367  -0.485923  -0.794039  -0.437168  -0.477672  -0.848047   0.157772   0.335566  0.0409536
    1.1333  -0.209057   0.764217    2.80674    1.61248   -2.77523   0.930368   -1.50957   0.914446          0 0.00165801 -0.0804265  -0.261518   -1.91986  -0.297356   0.573077   -0.19907  -0.132255 -0.0125798  0.0162587   -1.56538   0.766801   0.269138  -0.311451   0.207212   0.464811  -0.336733    -1.4601   -0.36441   -0.56328   -0.70271   0.584911   0.620056  -0.143678
    1.02409   -0.101964    0.781532     2.80566     1.73922    -2.81759    0.691389    -1.60625    0.641036 1.38778e-17    0.188111   0.0290335   -0.510026    -1.64104   -0.571331   0.0733735    0.145441  -0.0308621  -0.0105053   -0.487094    -1.52778     1.17719    0.234467   -0.418138  -0.0919086    0.698415  -0.0912465    -1.96202   -0.245852   -0.279643   -0.872103    0.224993   -0.148405    -0.14552
    1.02545   -0.103873    0.781996     2.81037     1.73937    -2.82277    0.698605    -1.60265    0.648675 1.38778e-17    0.185472   0.0275916   -0.507784    -1.64606   -0.568892   0.0844343    0.139136  -0.0329479  -0.0106578    -0.48515    -1.52321     1.18005    0.236484   -0.415431  -0.0843215    0.694218  -0.0956434    -1.95701   -0.238221   -0.284218   -0.882163    0.235428   -0.144963   -0.147167
    1.01267   -0.166349    0.800972     2.88294     1.89816    -2.87466     0.68934    -1.49372    0.587405    0.068776    0.182756  -0.0674659   -0.325537    -1.74154   -0.444436    0.475213 -0.00455044  -0.0994446  -0.0129024   -0.104333    -1.91108    0.835106    -0.21986    -0.85946    0.508775  -0.0290729   -0.407357    -1.82092   -0.444997   -0.364574   -0.857668     0.42406   -0.153368    -0.10971
    1.01199   -0.166244    0.800401     2.87877     1.89636    -2.87159    0.687076    -1.49079      0.5844   0.0585277    0.188449  -0.0678135   -0.325917    -1.74382   -0.445666    0.473778 -0.00311524  -0.0994909  -0.0142476   -0.103526    -1.91903    0.829309   -0.222124   -0.856358    0.508642  -0.0268055   -0.413179    -1.82052       -0.45   -0.358739     -0.8656    0.418893   -0.146093   -0.113365
   1.00033  -0.133223   0.818904    2.85486    2.01152    -2.8431   0.573655   -1.55315   0.432537   0.282209    0.12182 -0.0493354  -0.372527   -1.62303  -0.522604    0.46162 0.00376295  -0.069771 -0.0180049  -0.425702   -1.79938    1.09469  -0.266987  -0.834471   0.501861 -0.0419529  -0.435994   -1.91296  -0.398392  -0.224114  -0.940827   0.154976   0.168489  -0.158671
   1.00099  -0.132866   0.819117    2.85423    2.01277   -2.84196   0.572441   -1.55507   0.430728   0.288228   0.118545 -0.0492142  -0.378594   -1.62197  -0.529534   0.464053 0.00125674   -0.07034 -0.0189328  -0.426001   -1.79442     1.0916  -0.262709  -0.834344   0.499219 -0.0433075  -0.436655   -1.90706  -0.400854  -0.225392  -0.945835   0.147623   0.169461  -0.154265
   0.988849   -0.188565     0.82373     2.91421     2.14017    -2.85797    0.571528    -1.51145    0.381498    0.402861   0.0862764   -0.131654   -0.340073    -1.63998   -0.539873    0.686109  -0.0823523   -0.147369 -0.00277307   -0.169168    -2.06694    0.677532   0.0208669   -0.656849    0.472657    0.199747   -0.726827     -1.8821   -0.440837   -0.369705   -0.831154    0.367769    0.113358  -0.0280201
   0.98875  -0.188755   0.823591     2.9147    2.13963   -2.85836   0.572889   -1.51165   0.383293   0.402408  0.0865093  -0.131615  -0.341962   -1.64073  -0.541621   0.686123 -0.0822195  -0.147864 -0.0042568  -0.169887   -2.06934   0.673823    0.02684  -0.654935   0.473516   0.200651  -0.736889   -1.88195  -0.441485  -0.369531  -0.832272    0.36597   0.114153 -0.0279868
   1.03651  -0.229818    0.77841    2.96327    2.28628   -2.79248   0.513998   -1.71618   0.256413    1.02724   -0.22179  -0.224311   -0.42721   -1.54035  -0.700933   0.189217   0.451902  -0.246006  -0.089008   -0.28762   -1.87689   0.701297  0.0758395  -0.667334   0.552371   0.233995  -0.813891   -1.64107  -0.370119  -0.544653  -0.948554   0.403302   0.124098 -0.0544159
   1.03579  -0.228046     0.7782    2.96084    2.28718   -2.79148   0.510907   -1.72011   0.252559     1.0324  -0.222466  -0.222816  -0.437418   -1.54097  -0.712463   0.191453   0.450881  -0.245246  -0.083753  -0.285828   -1.87706   0.699866  0.0805775  -0.666795   0.551671   0.232594  -0.815317   -1.64447  -0.373089  -0.540633  -0.943631   0.403059   0.123682 -0.0541807
  1.03807 -0.212308  0.752443   2.94351   2.26514  -2.91279  0.851852  -1.40157  0.596093 0.0200811  0.515842 -0.217335 -0.303862  -1.72271 -0.559962  0.419737  0.384694 -0.199059 -0.168524 -0.307583    -1.906   0.64205 0.0183107  -0.88288 0.0348005  0.436255 -0.468105  -1.61528 -0.436304 -0.474242 -0.954496  0.179487   0.15331 -0.110666
 0.979873 0.0325233   0.71691   2.46044   2.34426  -2.51977  0.847248  -1.91378  0.457221  0.409482  0.512198 0.0763863 -0.689344  -1.40032  -1.10624         0  0.535025 0.0803187  0.523599 -0.024667  -2.16873  0.479929 -0.209684 -0.494401 -0.981956  0.294172    1.0237  -2.34436 -0.887673  0.465324 -0.516939 -0.662873  0.261835  0.469012
  1.10281 -0.140162   0.76591   2.42344   2.65424  -2.39145   1.63975  -1.79021  0.887283  0.648045  0.207101 -0.163841 -0.754529  -1.36542  -1.48945   0.54514  0.159013 -0.117306  0.157593  -0.56723  -1.56297  0.556165 -0.125616 -0.751091 -0.631667  0.298196  0.264668  -1.33058 -0.828206  0.318314 -0.297743 -0.843306 -0.439896 -0.301823
    1.35407   -0.256714    0.927982     3.20098      2.7744    -3.45962    0.399904   -0.448926    0.429194    0.450099    -0.25977   -0.261799    0.239215   -0.742495    0.412538    0.318703   0.0856125 -0.00977736   -0.523599    0.336343   -0.488453     1.06017   -0.218775    -1.64234   -0.838043    0.518235     1.26563   -0.481663  -0.0409047   -0.589189    -1.32953   -0.474258   -0.383283    0.272109
   1.32281  -0.171222   0.830531   0.704922   0.506857  -0.492552 -0.0952847   -1.16194   0.435238   0.543048 -0.0204751  -0.135461  -0.966372   -1.72108  -0.321558    1.10161 -0.0781724  0.0562917  -0.173261   0.384311  -0.379017   0.553359   0.313132   -1.23383   0.730766  -0.394947   0.109519   -0.67749 -0.0527484  -0.286616   -1.89373   0.620612   0.425717   0.233216
