4
0
    1.69999    0.100002 1.24677e-06
-0.000160989     0.000419       200.51            0            0            0
-0 -0  1
1
    1.69999   -0.299999 6.65117e-07
0.000385238 0.000420769     199.293           0           0           0
0 0 1
4
   0.999994   0.0500011 3.16951e-06
-0.000326995 -0.000416126      115.701       3.0413     -9.25605            0
-0 -0  1
5
   0.999994   -0.249999 2.46368e-06
 0.000125045 -0.000423143      114.794      3.04137     -9.18352            0
-0 -0  1
3
0
    1.69998    0.100032 1.43571e-05
-3.50916  7.01631  209.988        0        0        0
-0 -0  1
4
    0.999971    0.0499321 -8.89869e-06
-4.06335e-10 -4.05683e-10 -9.50926e-10 -8.74863e-10 -8.74283e-10            0
-0 -0  1
5
   0.999994   -0.250002 2.03724e-05
 3.50969 -7.01881   420.31 -33.6249 -33.6247        0
-0 -0  1
4
0
    1.69998    0.100029 1.90668e-05
 30.1765 -28.0672  157.679        0        0        0
-0 -0  1
4
    0.999972    0.0499325 -3.96898e-06
 28.5516 -5.35491  191.403 -15.3125  15.3123        0
-0 -0  1
5
   0.999992   -0.250004 2.63515e-05
 18.8181 -5.35131  242.443 -19.3953   17.705        0
-0 -0  1
1
     2.1 -0.30001 0.650015
-77.5464  38.7732  38.7732        0        0        0
          -1 -4.44986e-05   8.9258e-05
3
0
    1.69992    0.100056 2.93456e-05
 3.24185e-13 -5.40901e-13  -6.4837e-13            0            0            0
-0 -0  1
4
   0.999983   0.0499349 1.63743e-05
  357.41 -113.766   634.97 -50.7981  50.7999        0
-0 -0  1
1
  2.09998 -0.299981  0.650007
-357.411  113.763 -4.67289        0        0        0
          -1 -4.44986e-05   8.9258e-05
4
0
    1.69988    0.100061 3.20947e-05
 21.8338 -12.1257  183.367        0        0        0
-0 -0  1
4
   0.999979   0.0499134 2.22404e-05
 21.2983 -4.64802  199.028 -15.9222  12.6102        0
-0 -0  1
1
  2.09997 -0.299969  0.650022
-60.6918  24.0934  30.3459        0        0        0
          -1 -4.44986e-05   8.9258e-05
5
       1.25   -0.300007 1.86435e-05
 17.5593 -7.31982  217.556 -17.4045  12.6111        0
-0 -0  1
3
4
   0.999975   0.0498946 2.68231e-05
 43.3625 -10.3783  288.921  1.64461 -21.9792        0
-0 -0  1
1
  2.09997 -0.299959  0.650035
-95.072 14.7924  47.536       0       0       0
          -1 -4.44986e-05   8.9258e-05
5
       1.25   -0.300013 3.40567e-05
 51.7091 -4.41422  293.841  1.64461 -21.9792        0
-0 -0  1
4
4
   0.999978   0.0498989 3.48546e-05
 65.707 1.85265   281.1 -8.1354 -3.3129       0
-0 -0  1
1
  2.09997 -0.299957  0.650062
 -66.2482 -0.934798   33.1241         0         0         0
          -1 -4.44986e-05   8.9258e-05
5
       1.25   -0.300011 3.63477e-05
 63.1381 0.017133  284.775  -8.1354  -3.3129        0
-0 -0  1
0
 2.09998 0.100017 0.650032
 -62.5974 -0.935114   31.2987         0         0         0
        -1    1.2e-05 7.4951e-05
3
1
  2.09998 -0.299955  0.650086
-13.6832 -6.84159  6.84159        0        0        0
          -1 -4.44986e-05   8.9258e-05
5
       1.25    -0.30001 3.83949e-05
112.614 46.5632 573.991 45.9202 45.9182       0
-0 -0  1
0
 2.09997 0.100032  0.65006
-98.9311 -39.7217  49.4656        0        0        0
        -1    1.2e-05 7.4951e-05
4
1
  2.09997 -0.299957  0.650092
  -53.9417 -0.0809993    26.9708          0          0          0
          -1 -4.44986e-05   8.9258e-05
5
       1.25   -0.300018 4.77094e-05
 54.2709 0.080958  287.856   1.1174  20.6787        0
-0 -0  1
0
 2.09996 0.100046  0.65005
 -54.3338 -0.080964   27.1669         0         0         0
        -1    1.2e-05 7.4951e-05
4
       1.25    0.099996 4.23251e-06
  54.0044 0.0810041   288.303    1.1174   20.6787         0
0 0 1
3
5
     1.25 -0.300025 5.479e-05
 32.2543  7.59295  297.284 -7.63346  4.50973        0
-0 -0  1
0
 2.09995 0.100056 0.650041
-77.5642 -15.1858  38.7821        0        0        0
        -1    1.2e-05 7.4951e-05
4
       1.25    0.099993 6.95415e-06
 45.3099  7.59288  294.231 -7.63346  4.50973        0
0 0 1
4
5
       1.25   -0.300025 5.53703e-05
42.5254 1.15938 293.179 4.04096 23.4541       0
-0 -0  1
0
 2.09995 0.100057 0.650043
 -47.0579 -0.654369   23.5289         0         0         0
        -1    1.2e-05 7.4951e-05
4
      1.25  0.0999929 7.0814e-06
42.1407 1.15952 294.786 4.04127 23.5828       0
0 0 1
1
      2.1 -0.299998  0.900001
-37.6082  -1.6645  18.8041        0        0        0
          -1 -4.45486e-05  6.37313e-05
3
0
 2.09995 0.100074  0.65002
-95.7128  19.0395  47.8564        0        0        0
        -1    1.2e-05 7.4951e-05
4
       1.25   0.0999949 1.13184e-05
 165.527 -32.8443  547.534  20.9542 -10.5989        0
0 0 1
1
     2.1 -0.29999      0.9
-69.8138  13.8051  34.9069        0        0        0
          -1 -4.45486e-05  6.37313e-05
4
0
 2.09996 0.100098 0.650009
-125.919 -52.8142  62.9594        0        0        0
        -1    1.2e-05 7.4951e-05
4
       1.25         0.1 2.70123e-05
 24.6827  3.27253  371.036  29.6828 -15.2656        0
0 0 1
1
      2.1 -0.299979  0.900018
-8.70431 -4.35216  4.35216        0        0        0
          -1 -4.45486e-05  6.37313e-05
5
        1.4   -0.299984 3.68083e-06
  109.94  53.8945   191.95  15.3559 -15.2705        0
-0 -0  1
3
0
 2.09995 0.100092 0.649999
-314.879 -157.439 -108.738        0        0        0
        -1    1.2e-05 7.4951e-05
1
      2.1 -0.299979  0.900022
 -45.067 -22.5335 -22.5335        0        0        0
          -1 -4.45486e-05  6.37313e-05
5
        1.4   -0.299976 5.26396e-06
359.944 179.976 761.569 60.9261 60.9241       0
-0 -0  1
4
0
 2.09994 0.100071 0.649981
 -55.4296 -0.457912   27.7148         0         0         0
        -1    1.2e-05 7.4951e-05
1
      2.1 -0.300003  0.900025
 -50.8074 -0.854458   25.4037         0         0         0
          -1 -4.45486e-05  6.37313e-05
5
    1.39999   -0.299971 2.00412e-05
 53.0947 0.655783  288.272  1.58588  22.0256        0
-0 -0  1
4
   1.39998  0.0999776 9.1523e-06
 53.1418 0.655801  288.907  1.58588  22.0256        0
0 0 1
3
1
  2.09999 -0.300021  0.900029
-73.0015  15.3168  36.5008        0        0        0
          -1 -4.45486e-05  6.37313e-05
5
   1.39999  -0.299969 3.0633e-05
  46.201 -7.65834  294.458  12.2023  7.81873        0
-0 -0  1
4
    1.39997   0.0999608 1.61963e-05
 26.8002 -7.65901  299.338  12.2023  7.81873        0
0 0 1
4
0
      2.1 0.0999959  0.899998
-34.7537  2.61958  17.3769        0        0        0
         -1 1.19998e-05 0.000112424
1
      2.1 -0.300012  0.899995
-44.8445  2.61949  22.4222        0        0        0
          -1 -4.45486e-05  6.37313e-05
4
        1.4   0.0999973 1.58461e-06
 43.9205 -2.61951  290.907 -21.8499  23.2727        0
0 0 1
5
        1.4   -0.299999 4.53815e-06
 35.6776 -2.61952  299.591 -21.8497  23.9673        0
-0 -0  1
