4
0
    1.69999    0.100002 1.24677e-06
-0.000160989     0.000419       200.51            0            0            0
-0 -0  1
1
    1.69999   -0.299999 6.65117e-07
0.000385238 0.000420769     199.293           0           0           0
0 0 1
4
   0.999994   0.0500011 3.16951e-06
-0.000326995 -0.000416126      115.701       3.0413     -9.25605            0
-0 -0  1
5
   0.999994   -0.249999 2.46368e-06
 0.000125045 -0.000423143      114.794      3.04137     -9.18352            0
-0 -0  1
3
1
    1.69999   -0.300036 1.87036e-05
0.00461446   0.026926    292.362          0          0          0
0 0 1
4
   0.999995   0.0500272 7.71783e-06
-0.00741273  -0.0122896     335.494     26.8401     -26.839           0
-0 -0  1
5
   0.999996   -0.249995 1.83298e-05
0.00280524 -0.0145052    2.44152   0.195321  -0.195321          0
-0 -0  1
4
1
  1.69999 -0.300029 2.009e-05
17.8075 1.37523 192.855       0       0       0
0 0 1
4
   0.999994   0.0500461 1.22232e-05
20.2897 6.33876 207.544  16.603 10.9805       0
-0 -0  1
5
   0.999996   -0.249995 1.92404e-05
18.1623 6.33863 201.769 16.1415 10.9807       0
-0 -0  1
0
 2.09999 0.100021 0.650014
-56.2596 -14.0522  28.1298        0        0        0
        -1    1.2e-05 7.4951e-05
3
4
   0.999992    0.050063 1.59434e-05
 60.6062  9.58523  286.116 -6.59772 -22.8896        0
-0 -0  1
5
   0.999997   -0.249995 1.99548e-05
 51.5923  9.58543  288.083 -6.59622 -23.0466        0
-0 -0  1
0
 2.09999 0.100037 0.650025
-112.199 -19.1703  56.0993        0        0        0
        -1    1.2e-05 7.4951e-05
4
4
   0.999992   0.0500624 1.70014e-05
 69.0344 0.470738  281.932   11.699 -14.4029        0
-0 -0  1
5
   0.999996   -0.249993 2.16104e-05
 70.8519 0.470712  278.422   11.699 -14.4029        0
-0 -0  1
0
 2.09998 0.100032 0.650039
-71.8483 -0.47078  35.9242        0        0        0
        -1    1.2e-05 7.4951e-05
1
     2.1 -0.29995  0.65002
 -68.0382 -0.470464   34.0191         0         0         0
          -1 -4.44986e-05   8.9258e-05
3
4
   0.999991   0.0500619 1.78869e-05
 166.768 -23.4917  546.914 -41.1909  3.66184        0
-0 -0  1
0
 2.09998 0.100028 0.650051
 -81.32 11.7462   40.66       0       0       0
        -1    1.2e-05 7.4951e-05
1
  2.09999 -0.299906  0.650036
-85.448 11.7457  42.724       0       0       0
          -1 -4.44986e-05   8.9258e-05
4
4
    0.99999   0.0500611 1.95746e-05
61.3818 1.61643 286.662 13.2235 2.17955       0
-0 -0  1
0
 2.09998 0.100028 0.650052
-63.9061 -2.16392   31.953        0        0        0
        -1    1.2e-05 7.4951e-05
1
  2.09999 -0.299905  0.650037
-60.3901 -2.16365   30.195        0        0        0
          -1 -4.44986e-05   8.9258e-05
5
       1.25   -0.299999 1.71552e-06
62.9142 2.71112 281.488 13.2235 2.17955       0
-0 -0  1
3
0
 2.09995 0.100072 0.650046
-437.597 -205.998 -212.942        0        0        0
        -1    1.2e-05 7.4951e-05
1
  2.09999 -0.299884  0.650055
-9.5568e-13  1.1946e-13 -4.7784e-13           0           0           0
          -1 -4.44986e-05   8.9258e-05
5
       1.25   -0.300003 1.51171e-05
437.596 206.003 843.239 67.4606 67.4561       0
-0 -0  1
4
0
 2.09996 0.100085 0.650105
-70.1086 -0.91888  35.0543        0        0        0
        -1    1.2e-05 7.4951e-05
1
  2.09995 -0.299962  0.650087
 -65.4763 -0.918737   32.7381         0         0         0
          -1 -4.44986e-05   8.9258e-05
5
    1.24999   -0.299963 4.58596e-05
 69.3714 0.919025  278.623   13.153 -11.0744        0
-0 -0  1
4
    1.24999    0.100039 4.03182e-05
 66.2126 0.919089  283.884   13.153 -11.0744        0
0 0 1
3
1
  2.09994 -0.299958  0.650085
-81.2749   15.258  40.6375        0        0        0
          -1 -4.44986e-05   8.9258e-05
5
    1.24998   -0.299953 5.46168e-05
 48.8532 -7.62891  291.129  18.5075 -4.54199        0
-0 -0  1
4
    1.24999    0.100028 4.98757e-05
 32.4215 -7.62862  298.531  18.5075 -4.54199        0
0 0 1
4
1
  2.09994 -0.299957  0.650085
-32.0377  1.60293  16.0189        0        0        0
          -1 -4.44986e-05   8.9258e-05
5
    1.24998   -0.299953 5.44242e-05
 26.3837 -1.33084  302.036  2.18278  24.1632        0
-0 -0  1
4
    1.24999    0.100028 4.97077e-05
 24.3361 -1.33056  302.902  2.18452  24.2324        0
0 0 1
0
      2.1 0.0999978  0.899994
-18.6821  1.05846  9.34107        0        0        0
         -1 1.19998e-05 0.000112424
3
1
 2.09995 -0.29999 0.650089
-315.265  148.383  78.8826        0        0        0
          -1 -4.44986e-05   8.9258e-05
4
    1.24999    0.100049 6.23193e-05
 315.265 -148.384  551.415 -44.1188  44.1134        0
0 0 1
0
      2.1 0.0999854       0.9
-1.79412e-13  1.06137e-12  -8.9706e-14            0            0            0
         -1 1.19998e-05 0.000112424
4
1
  2.09996 -0.299962  0.650101
-34.3054  1.68662  17.1527        0        0        0
          -1 -4.44986e-05   8.9258e-05
4
    1.24999    0.100043 6.96075e-05
  27.537 -1.39197  307.291  8.38341  24.5842        0
0 0 1
0
 2.09999 0.100022 0.899993
 -24.7762 -0.407034   12.3881         0         0         0
         -1 1.19998e-05 0.000112424
5
     1.39998    -0.299985 -3.34336e-07
31.5444 0.11317 293.465 8.38341 23.4782       0
-0 -0  1
3
1
  2.09996 -0.299994  0.650125
-35.2458 -17.6229 -17.6229        0        0        0
          -1 -4.44986e-05   8.9258e-05
0
 2.09999 0.100015 0.900022
-246.715 -123.357 -62.7479        0        0        0
         -1 1.19998e-05 0.000112424
5
    1.39997   -0.299991 1.75084e-05
281.959 140.982 710.669 56.8504 56.8612       0
-0 -0  1
4
1
  2.09995 -0.299986  0.650119
  -62.7912 -0.0790606    31.3956          0          0          0
          -1 -4.44986e-05   8.9258e-05
0
 2.09998 0.100044  0.90003
-55.1387   3.5271  27.5694        0        0        0
         -1 1.19998e-05 0.000112424
5
    1.39995   -0.299968 3.01808e-05
 56.7541  -1.7234  288.553 -14.4311  9.03276        0
-0 -0  1
4
    1.39997    0.100006 1.31623e-05
 61.1749 -1.72393   282.78 -14.4311  9.03276        0
0 0 1
3
0
 2.09997 0.100068 0.900036
-76.0756 -10.7607  38.0378        0        0        0
         -1 1.19998e-05 0.000112424
5
    1.39993   -0.299949 4.06949e-05
 18.8232  5.38229  307.416  -24.592 -9.02731        0
-0 -0  1
4
    1.39995    0.100012 2.38537e-05
 57.2516  5.37903  284.844 -22.7878 -9.03226        0
0 0 1
4
0
      2.1 0.0999959  0.899998
-34.7536  2.61962  17.3768        0        0        0
         -1 1.19998e-05 0.000112424
1
      2.1 -0.300012  0.899995
-44.8444  2.61953  22.4222        0        0        0
          -1 -4.45486e-05  6.37313e-05
4
        1.4   0.0999973 1.58461e-06
 43.9205 -2.61946  290.907 -21.8498  23.2727        0
0 0 1
5
        1.4   -0.299999 4.53815e-06
 35.6775 -2.61947  299.591 -21.8497  23.9673        0
-0 -0  1
