4
0
    1.69999    0.100002 1.24677e-06
-0.000160989     0.000419       200.51            0            0            0
-0 -0  1
1
    1.69999   -0.299999 6.65117e-07
0.000385238 0.000420769     199.293           0           0           0
0 0 1
4
   0.999994   0.0500011 3.16951e-06
-0.000326995 -0.000416126      115.701       3.0413     -9.25605            0
-0 -0  1
5
   0.999994   -0.249999 2.46368e-06
 0.000125045 -0.000423143      114.794      3.04137     -9.18352            0
-0 -0  1
3
1
    1.69999   -0.300015 7.82844e-06
0.00886586  0.0329866    268.734          0          0          0
0 0 1
4
    0.99999   0.0500051 1.78232e-05
-0.0124898 -0.0226243    344.868    27.5897   -27.5892          0
-0 -0  1
5
          1   -0.249997 8.77064e-06
0.00371936 -0.0101153    16.6959    1.33567   -1.33567          0
-0 -0  1
4
1
    1.69999   -0.300007 1.08028e-05
22.0617 14.6111 181.422       0       0       0
0 0 1
4
   0.999985    0.050007 2.22883e-05
17.3324 5.15107 219.546 17.5636 14.0058       0
-0 -0  1
5
          1   -0.249998 1.38917e-05
21.3859 5.15201  198.94 15.9152 14.0063       0
-0 -0  1
0
 2.09999 0.100022 0.650011
-60.7802 -24.9139  30.3901        0        0        0
        -1    1.2e-05 7.4951e-05
3
4
  0.999982   0.050009 2.6712e-05
56.1875 9.05051 288.946 0.38518 -23.116       0
-0 -0  1
5
          1   -0.249999 1.75312e-05
 48.8511  9.05001  288.832 0.385318 -23.1065        0
-0 -0  1
0
 2.09999 0.100038  0.65002
-105.039 -18.1003  52.5194        0        0        0
        -1    1.2e-05 7.4951e-05
4
4
   0.999982   0.0500104 2.71129e-05
 67.0296 0.800673  283.845  19.8877 -11.5503        0
-0 -0  1
5
         1  -0.249997 1.7325e-05
 70.1186 0.801086  277.879  19.8877 -11.5503        0
-0 -0  1
0
 2.09999 0.100028 0.650049
 -71.8127 -0.801003   35.9064         0         0         0
        -1    1.2e-05 7.4951e-05
1
  2.09998 -0.299969  0.650032
 -65.3358 -0.800814   32.6679         0         0         0
          -1 -4.44986e-05   8.9258e-05
3
4
   0.999983   0.0500116 2.75599e-05
  23.345 -5.87478  341.403  27.3126 -27.3123        0
-0 -0  1
5
          1   -0.249995 1.71446e-05
 94.9875 -5.86492  229.728   18.378 -18.3782        0
-0 -0  1
1
  2.09996 -0.299938  0.650058
-118.333  11.7397  59.1664        0        0        0
          -1 -4.44986e-05   8.9258e-05
4
4
   0.999981   0.0500142 3.96645e-05
 63.0915  0.45868  284.584  9.44797 -1.76442        0
-0 -0  1
5
   0.999995   -0.249984 2.05568e-05
 64.8383 0.458942  281.749  9.44797 -1.76442        0
-0 -0  1
1
  2.09996 -0.299937  0.650075
-62.1015 0.721758  31.0507        0        0        0
          -1 -4.44986e-05   8.9258e-05
0
  2.09999 0.0999982       0.9
-65.8286 -1.63936  32.9143        0        0        0
         -1 1.19998e-05 0.000112424
3
4
    0.99998   0.0500164 4.95072e-05
  151.54 -22.7085  554.527 -41.6392  25.5765        0
-0 -0  1
1
  2.09996 -0.299936  0.650092
-81.397 6.15123 40.6985       0       0       0
          -1 -4.44986e-05   8.9258e-05
0
 2.09998 0.099995      0.9
-70.1436  16.5572  35.0718        0        0        0
         -1 1.19998e-05 0.000112424
4
4
  0.999979  0.0500217 5.6216e-05
54.8023 1.06103 291.319 13.8017 14.1423       0
-0 -0  1
1
  2.09996 -0.299929  0.650105
 -55.2171 -0.211769   27.6085         0         0         0
          -1 -4.44986e-05   8.9258e-05
0
 2.09998 0.100003 0.900003
 -56.837 -3.66071  28.4185        0        0        0
         -1 1.19998e-05 0.000112424
5
      1.25  -0.300001 5.3045e-06
57.2515 2.81167 282.952 13.8017 14.1423       0
-0 -0  1
3
4
  0.999979  0.0500261 6.1202e-05
 44.5255  11.0649  295.653  5.01442 0.238708        0
-0 -0  1
0
 2.09997 0.100008 0.900004
-81.6145  -16.818  40.8072        0        0        0
         -1 1.19998e-05 0.000112424
5
       1.25   -0.300002 9.21453e-06
 37.0889   5.7533  293.838  5.01442 0.238708        0
-0 -0  1
4
4
   0.999968   0.0500108 8.56897e-05
 59.524 1.32487 288.268 21.5494 2.44602       0
-0 -0  1
0
  2.09996 0.0999941  0.900041
 -65.828 -3.03437   32.914        0        0        0
         -1 1.19998e-05 0.000112424
5
    1.24998   -0.299972 1.93972e-05
64.3072 4.74331 280.114 21.5494 2.44602       0
-0 -0  1
1
  2.09996 -0.300099  0.900031
-58.0047 -3.03425  29.0023        0        0        0
          -1 -4.45486e-05  6.37313e-05
3
0
  2.09994 0.0999747  0.900032
-230.982  -108.69 -66.9686        0        0        0
         -1 1.19998e-05 0.000112424
5
    1.24997   -0.299976 4.23434e-05
 230.98 108.691 697.266 55.7768 55.7868       0
-0 -0  1
1
  2.09992 -0.300143  0.900021
-1.54898e-12 -6.27054e-13 -7.74492e-13            0            0            0
          -1 -4.45486e-05  6.37313e-05
4
0
  2.09994 0.0999651  0.900021
 -56.2624 0.0192663   28.1312         0         0         0
         -1 1.19998e-05 0.000112424
5
    1.24997   -0.299979 5.49261e-05
   56.2701 -0.0194204    287.032  -0.150819    12.7116          0
-0 -0  1
1
  2.09991 -0.300159  0.900012
 -56.3233 0.0192682   28.1617         0         0         0
          -1 -4.45486e-05  6.37313e-05
4
       1.25   0.0999928 7.81231e-06
   56.3152 -0.0194305    286.972  -0.150819    12.7116          0
0 0 1
3
0
  2.09994 0.0999569  0.900012
-9.17488e-13 -4.58744e-13 -4.58744e-13            0            0            0
         -1 1.19998e-05 0.000112424
1
   2.0999 -0.300174  0.900005
-145.345  68.4335  46.9385        0        0        0
          -1 -4.45486e-05  6.37313e-05
4
    1.24999   0.0999862 1.42581e-05
 145.344  -68.435  583.358 -46.6783  46.6597        0
0 0 1
4
0
  2.09993 0.0999561  0.900008
-51.5875 0.296183  25.7938        0        0        0
         -1 1.19998e-05 0.000112424
1
   2.0999 -0.300177       0.9
-52.7633 0.296246  26.3816        0        0        0
          -1 -4.45486e-05  6.37313e-05
4
    1.24999   0.0999842 1.68878e-05
  52.6428 -0.120978   290.108  -2.67013   21.0774         0
0 0 1
5
        1.4   -0.300001 3.60302e-06
 51.7079 -0.47152  288.014 -2.67013  21.0774        0
-0 -0  1
3
0
  2.09993 0.0999559  0.900012
-188.396  -94.198  -94.198        0        0        0
         -1 1.19998e-05 0.000112424
1
  2.09989 -0.300187  0.900008
-26.9323 -13.4662 -13.4662        0        0        0
          -1 -4.45486e-05  6.37313e-05
5
        1.4   -0.299999 7.74112e-06
215.317 107.686 737.962 59.0137 59.0613       0
-0 -0  1
4
0
      2.1 0.0999959  0.899998
-34.754 2.61942  17.377       0       0       0
         -1 1.19998e-05 0.000112424
1
      2.1 -0.300012  0.899995
-44.8448  2.61933  22.4224        0        0        0
          -1 -4.45486e-05  6.37313e-05
4
        1.4   0.0999973 1.58461e-06
 43.9207 -2.61966  290.907 -21.8499  23.2728        0
0 0 1
5
        1.4   -0.299999 4.53815e-06
 35.6777 -2.61966  299.592 -21.8497  23.9673        0
-0 -0  1
