4
0
    1.69999    0.100002 1.24677e-06
-0.000160989     0.000419       200.51            0            0            0
-0 -0  1
1
    1.69999   -0.299999 6.65117e-07
0.000385238 0.000420769     199.293           0           0           0
0 0 1
4
   0.999994   0.0500011 3.16951e-06
-0.000326995 -0.000416126      115.701       3.0413     -9.25605            0
-0 -0  1
5
   0.999994   -0.249999 2.46368e-06
 0.000125045 -0.000423143      114.794      3.04137     -9.18352            0
-0 -0  1
3
1
    1.69996   -0.300032 2.81046e-05
0.00120373 0.00465787    401.538          0          0          0
0 0 1
4
   0.999997   0.0500023 2.60813e-05
-0.000109677  -0.00160291      194.454      15.5564     -15.5563            0
-0 -0  1
5
   0.999996   -0.250017 3.34764e-05
-0.00245632 -0.00371268     34.3075     2.74465    -2.74455           0
-0 -0  1
4
1
    1.69995   -0.300025 2.79038e-05
 15.4093 -4.39997   196.16        0        0        0
0 0 1
4
   0.999999    0.050004 2.82825e-05
20.9376 6.65498 203.515 -2.7819 11.8985       0
-0 -0  1
5
   0.999991   -0.250019 3.67946e-05
16.1992 6.65513  204.35 -2.7819 11.8985       0
-0 -0  1
0
     2.1 0.100002 0.649997
-52.5462 -8.91008  26.2731        0        0        0
        -1    1.2e-05 7.4951e-05
3
4
          1   0.0500055 2.99538e-05
 72.7718  7.35414  262.174 -20.9738  -20.974        0
-0 -0  1
5
   0.999986    -0.25002 3.94163e-05
 35.8484   7.3593  313.814 -25.1056 -25.1049        0
-0 -0  1
0
 2.09999 0.100004 0.649995
 -108.62 -14.7134  54.3101        0        0        0
        -1    1.2e-05 7.4951e-05
4
4
          1   0.0500037 3.12248e-05
  66.9332 -0.139315   281.296  -3.47598   -7.5698         0
-0 -0  1
5
   0.999981   -0.250008 4.36765e-05
  66.3929 -0.139236   282.339  -3.47598   -7.5698         0
-0 -0  1
0
  2.09999 0.0999928  0.650014
-66.0971 0.139348  33.0486        0        0        0
        -1    1.2e-05 7.4951e-05
1
  2.09999 -0.299983  0.649996
-67.2293 0.139288  33.6147        0        0        0
          -1 -4.44986e-05   8.9258e-05
3
4
  0.999999  0.0500021 3.2173e-05
 176.118 -48.7813  542.239 -43.3793  36.0805        0
-0 -0  1
0
  2.09999 0.0999823  0.650028
-19.9458  9.97292  9.97292        0        0        0
        -1    1.2e-05 7.4951e-05
1
  2.09998 -0.299967  0.649993
-156.172  38.8084   78.086        0        0        0
          -1 -4.44986e-05   8.9258e-05
4
4
          1   0.0500114 3.81234e-05
  64.4106   1.80635   282.235  -6.81016 -0.729875         0
-0 -0  1
0
 2.09996 0.100027  0.65005
 -61.6672 -0.985885   30.8336         0         0         0
        -1    1.2e-05 7.4951e-05
1
  2.09999 -0.299974  0.650024
  -64.857 -0.986225   32.4285         0         0         0
          -1 -4.44986e-05   8.9258e-05
5
    1.25001   -0.300037 5.18451e-06
  62.1133  0.165338   284.801  -6.81016 -0.729875         0
-0 -0  1
3
4
    1.00001   0.0500195 4.30771e-05
 52.1018  13.4107  287.084 -15.3508 -20.6537        0
-0 -0  1
0
 2.09994 0.100066 0.650069
-91.1831  -17.522  45.5916        0        0        0
        -1    1.2e-05 7.4951e-05
5
    1.25003    -0.30007 9.36554e-06
 39.0811  4.11099  297.622 -15.3508 -20.6537        0
-0 -0  1
4
4
    1.00001   0.0500198 4.34324e-05
 59.9738  1.84298  286.043 -2.75495  7.57714        0
-0 -0  1
0
 2.09993  0.10007 0.650069
-58.9186 -1.59301  29.4593        0        0        0
        -1    1.2e-05 7.4951e-05
5
    1.25003   -0.300071 9.56043e-06
   58.31 0.654827  285.113 -2.75495  7.57714        0
-0 -0  1
1
      2.1 -0.299999  0.900001
-59.3652 -0.90477  29.6826        0        0        0
          -1 -4.45486e-05  6.37313e-05
3
4
    1.00001     0.05002 4.37349e-05
 174.132 -44.9937  543.232 -43.4588  32.2366        0
-0 -0  1
0
 2.09993 0.100073 0.650069
-28.6343 -14.3171  14.3171        0        0        0
        -1    1.2e-05 7.4951e-05
1
      2.1 -0.299998  0.900002
-145.497  59.3108  72.7487        0        0        0
          -1 -4.45486e-05  6.37313e-05
4
4
    1.00001   0.0500202 4.42345e-05
 57.0178  2.42967  289.087 -6.90726  14.8448        0
-0 -0  1
0
 2.09993 0.100073 0.650068
-55.3171 -1.72129  27.6585        0        0        0
        -1    1.2e-05 7.4951e-05
1
      2.1 -0.299999  0.900003
  -55.9682 0.00453176    27.9841          0          0          0
          -1 -4.45486e-05  6.37313e-05
5
        1.4   -0.299999 1.90822e-06
  54.2675 -0.712909   285.567  -6.90726   14.8448         0
-0 -0  1
3
0
  2.0999 0.100052 0.650058
-230.224 -115.112 -103.769        0        0        0
        -1    1.2e-05 7.4951e-05
1
  2.09997 -0.299931  0.899972
-32.9361 -16.4681 -16.4681        0        0        0
          -1 -4.45486e-05  6.37313e-05
5
    1.39996   -0.299964 4.23024e-05
263.158 131.583 750.535 60.0254 60.0603       0
-0 -0  1
4
0
  2.0999 0.100055 0.650064
-53.6615 -2.33684  26.8307        0        0        0
        -1    1.2e-05 7.4951e-05
1
  2.09996 -0.299941   0.89997
-58.1549  1.23633  29.0775        0        0        0
          -1 -4.45486e-05  6.37313e-05
5
    1.39996   -0.299964 5.01473e-05
  53.0656 -0.261473   288.949   -14.302   14.9727         0
-0 -0  1
4
    1.30001   0.0500002 1.32003e-05
58.7509  1.3619  285.44 -14.302 14.9727       0
-0 -0  1
3
1
  2.09996 -0.299951  0.899969
-80.5156  16.2377  40.2578        0        0        0
          -1 -4.45486e-05  6.37313e-05
5
    1.39996   -0.299964 5.74173e-05
 45.3035 -6.67785  295.479 -3.03465  1.43367        0
-0 -0  1
4
    1.30001   0.0500005 2.54169e-05
 35.2122 -9.55988  294.561 -3.03465  1.43367        0
-0 -0  1
4
1
  2.09995 -0.299957  0.899964
 -58.5992 0.0553674   29.2996         0         0         0
          -1 -4.45486e-05  6.37313e-05
5
    1.39995   -0.299969 6.67728e-05
  51.4022 -0.949165   289.705  -15.0357   16.1624         0
-0 -0  1
4
    1.30002   0.0499923 3.88917e-05
 57.6641 0.838751  286.059 -15.0357  16.1624        0
-0 -0  1
0
 2.09999 0.100016 0.899979
 -50.4673 0.0549004   25.2337         0         0         0
         -1 1.19998e-05 0.000112424
3
1
  2.09994 -0.299958   0.89996
-46.6157 -14.6662  23.3079        0        0        0
          -1 -4.45486e-05  6.37313e-05
5
    1.39995    -0.29997 7.52764e-05
97.9483  29.333 581.323 43.4778  46.518       0
-0 -0  1
0
 2.09998 0.100025 0.899967
-51.3328 -14.6668  25.6664        0        0        0
         -1 1.19998e-05 0.000112424
4
0
      2.1 0.0999959  0.899998
-34.7539  2.61957  17.3769        0        0        0
         -1 1.19998e-05 0.000112424
1
      2.1 -0.300012  0.899995
-44.8447  2.61948  22.4223        0        0        0
          -1 -4.45486e-05  6.37313e-05
4
        1.4   0.0999973 1.58461e-06
 43.9206 -2.61962  290.908 -21.8499  23.2728        0
0 0 1
5
        1.4   -0.299999 4.53815e-06
 35.6777 -2.61963  299.592 -21.8498  23.9673        0
-0 -0  1
