4
0
    1.69999    0.100002 1.24677e-06
-0.000160989     0.000419       200.51            0            0            0
-0 -0  1
1
    1.69999   -0.299999 6.65117e-07
0.000385238 0.000420769     199.293           0           0           0
0 0 1
4
   0.999994   0.0500011 3.16951e-06
-0.000326995 -0.000416126      115.701       3.0413     -9.25605            0
-0 -0  1
5
   0.999994   -0.249999 2.46368e-06
 0.000125045 -0.000423143      114.794      3.04137     -9.18352            0
-0 -0  1
3
1
       1.7  -0.300001 2.3385e-06
0.153177 0.537132  199.127        0        0        0
0 0 1
4
   0.999994   0.0500011 3.17751e-06
-0.249224 -0.268749   369.933   29.5946  -29.5947         0
-0 -0  1
5
   0.999994   -0.249999 2.47079e-06
0.0961164 -0.268124   61.2377   4.89901  -4.89902         0
-0 -0  1
4
1
    1.69999   -0.300004 1.42087e-06
26.1635 24.3336 159.165       0       0       0
0 0 1
4
   0.999991   0.0500009 3.94511e-06
16.3185 4.64297 240.517 19.2416 19.2411       0
-0 -0  1
5
   0.999989   -0.249997 2.08062e-06
 24.757 4.64314 196.996 15.7599 15.7595       0
-0 -0  1
0
     2.1 0.100022 0.650001
-67.2392 -33.6196  33.6196        0        0        0
        -1    1.2e-05 7.4951e-05
3
4
   0.999989   0.0500015 1.07403e-05
 52.8296  8.51347  290.536 0.581214  -23.243        0
-0 -0  1
5
   0.999992   -0.249996 1.19577e-05
  45.967  8.51341  290.363 0.581155 -23.2291        0
-0 -0  1
0
 2.09999 0.100001 0.649998
-98.7971 -17.0272  49.3986        0        0        0
        -1    1.2e-05 7.4951e-05
4
4
   0.999987   0.0500108 2.12853e-05
  68.8265 -0.164917   280.294   -3.9751  -11.4356         0
-0 -0  1
5
   0.999993   -0.249992 1.80305e-05
  68.2117 -0.164941   281.486   -3.9751  -11.4356         0
-0 -0  1
0
  2.09997 0.0999173  0.650064
-67.8736 0.164709  33.9368        0        0        0
        -1    1.2e-05 7.4951e-05
1
  2.09998 -0.300079  0.650043
-69.1652 0.164607  34.5826        0        0        0
          -1 -4.44986e-05   8.9258e-05
3
4
   0.999986   0.0500187 2.99872e-05
 54.3974 -10.1186  286.682  7.65019 -22.9347        0
-0 -0  1
5
   0.999994   -0.249989 2.30276e-05
 64.0332 -10.1183  284.402  7.64962 -22.7522        0
-0 -0  1
1
  2.09996 -0.300148  0.650081
-118.431  20.2364  59.2155        0        0        0
          -1 -4.44986e-05   8.9258e-05
4
4
          1   0.0500151 3.10053e-05
 66.6311 -1.28281  278.876   -22.31 -1.87766        0
-0 -0  1
5
   0.999997   -0.249989 2.55899e-05
 61.2186 -1.28284  287.496 -22.9998 -1.87757        0
-0 -0  1
1
  2.09996 -0.300114    0.6501
  -68.94 -2.33006    34.47        0        0        0
          -1 -4.44986e-05   8.9258e-05
0
 2.09995 0.100092 0.900008
-58.9102  4.89647  29.4551        0        0        0
         -1 1.19998e-05 0.000112424
3
4
    1.00001   0.0500098 2.98612e-05
  86.689   1.8984  241.941 -19.3553 -19.3546        0
-0 -0  1
5
   0.999999    -0.24999 2.72719e-05
-0.479686    1.9015   345.252  -27.6204  -27.6199         0
-0 -0  1
0
 2.09991 0.100174  0.90001
-86.2096 -3.79935  43.1048        0        0        0
         -1 1.19998e-05 0.000112424
4
4
    1.00001   0.0500116 3.69332e-05
  64.5936 -0.741723   281.442  -14.7654 0.0781327         0
-0 -0  1
5
   0.999996   -0.249987 3.21268e-05
  61.3738 -0.741608   285.872  -14.7654 0.0781327         0
-0 -0  1
0
  2.0999 0.100202 0.900027
 -60.084 0.742484   30.042        0        0        0
         -1 1.19998e-05 0.000112424
1
      2.1 -0.299991  0.900008
-65.8837 0.741189  32.9418        0        0        0
          -1 -4.45486e-05  6.37313e-05
3
4
    1.00002   0.0500129 4.23287e-05
 281.879 -89.7012  647.459 -51.7938  51.7981        0
-0 -0  1
0
 2.09989 0.100223  0.90004
-1.67422e-12 -9.76996e-13 -8.64658e-13            0            0            0
         -1 1.19998e-05 0.000112424
1
  2.09999 -0.299983  0.900015
-281.879  89.6991 -17.1616        0        0        0
          -1 -4.45486e-05  6.37313e-05
4
4
   1.00001  0.0500087 4.5633e-05
 58.7016  1.83867   285.82 -15.6904  11.9756        0
-0 -0  1
0
 2.09988 0.100229  0.90004
  -52.5768 -0.0212949    26.2884          0          0          0
         -1 1.19998e-05 0.000112424
1
  2.09999 -0.299985  0.900015
  -59.7405 -0.0231655    29.8703          0          0          0
          -1 -4.45486e-05  6.37313e-05
5
       1.25   -0.299999 7.99019e-06
 53.6155 -1.79423  288.318 -15.6904  11.9756        0
-0 -0  1
3
0
 2.09988 0.100232  0.90004
-50.5003 -11.8932  25.2501        0        0        0
         -1 1.19998e-05 0.000112424
1
  2.09998 -0.299988  0.900015
 -26.047 -11.8874  13.0235        0        0        0
          -1 -4.45486e-05  6.37313e-05
5
    1.24999   -0.299999 1.40285e-05
76.5471 23.7806 592.024   47.36 47.3641       0
-0 -0  1
4
0
 2.09988 0.100246 0.900045
 -39.1822 -0.063928   19.5911         0         0         0
         -1 1.19998e-05 0.000112424
1
  2.09998 -0.299989  0.900015
  -45.2018 -0.0656543    22.6009          0          0          0
          -1 -4.45486e-05  6.37313e-05
5
   1.24999  -0.299998 1.5279e-05
 39.9271 0.388517  297.056 -11.7187  23.7641        0
-0 -0  1
4
        1.3   0.0499977 5.05963e-06
  44.4568 -0.258865   291.049  -11.7213   23.2859         0
-0 -0  1
3
0
 2.09986 0.100287 0.900039
-1.25233e-13  5.44453e-13 -6.26166e-14            0            0            0
         -1 1.19998e-05 0.000112424
1
  2.09998 -0.299977  0.900004
-201.393   88.109 -95.3317        0        0        0
          -1 -4.45486e-05  6.37313e-05
4
    1.29998   0.0499927 1.68812e-05
 201.392 -88.1109  725.629 -58.0434  58.0609        0
-0 -0  1
4
0
 2.09986 0.100307 0.900039
-30.5606 -0.91685  15.2803        0        0        0
         -1 1.19998e-05 0.000112424
1
  2.09997 -0.299975       0.9
 -30.9188 -0.916997   15.4594         0         0         0
          -1 -4.45486e-05  6.37313e-05
4
    1.29997   0.0499918 2.65326e-05
  31.005 0.992525      303 0.769905  24.2402        0
-0 -0  1
5
    1.39999   -0.300003 2.05028e-06
 30.4741 0.841486  296.558 0.777561  23.7245        0
-0 -0  1
3
0
2.09985  0.1003 0.90005
-96.0033 -48.0017 -14.2498        0        0        0
         -1 1.19998e-05 0.000112424
1
  2.09997 -0.299997  0.899996
-13.8226 -6.91131 -6.91131        0        0        0
          -1 -4.45486e-05  6.37313e-05
5
    1.39999   -0.300003 8.93316e-06
109.825 54.9146 651.458 52.1179 52.1147       0
-0 -0  1
4
0
      2.1 0.0999959  0.899998
-34.7538  2.61953  17.3769        0        0        0
         -1 1.19998e-05 0.000112424
1
      2.1 -0.300012  0.899995
-44.8445  2.61945  22.4223        0        0        0
          -1 -4.45486e-05  6.37313e-05
4
        1.4   0.0999973 1.58461e-06
 43.9205 -2.61956  290.907 -21.8498  23.2727        0
0 0 1
5
        1.4   -0.299999 4.53815e-06
 35.6776 -2.61956  299.591 -21.8497  23.9673        0
-0 -0  1
