4
0
    1.69999    0.100002 1.24677e-06
-0.000160989     0.000419       200.51            0            0            0
-0 -0  1
1
    1.69999   -0.299999 6.65117e-07
0.000385238 0.000420769     199.293           0           0           0
0 0 1
4
   0.999994   0.0500011 3.16951e-06
-0.000326995 -0.000416126      115.701       3.0413     -9.25605            0
-0 -0  1
5
   0.999994   -0.249999 2.46368e-06
 0.000125045 -0.000423143      114.794      3.04137     -9.18352            0
-0 -0  1
3
1
        1.7   -0.300003 1.12879e-05
-0.00174098  0.00029516     411.747           0           0           0
0 0 1
4
   0.999992   0.0499735 7.10972e-06
 -0.00164565 -0.000775911      178.491      14.2792     -14.2793            0
-0 -0  1
5
   0.999993   -0.250026 5.53215e-06
  0.00350141 -9.43342e-05      40.0606      3.20485     -3.20485            0
-0 -0  1
4
1
    1.69998   -0.299995 1.22837e-05
 19.2623 -7.53403  206.523        0        0        0
0 0 1
4
   0.999992    0.049973 9.68314e-06
 27.4012  8.74483  193.527 -10.5872 -13.2717        0
-0 -0  1
5
   0.999993   -0.250026 3.37245e-06
 20.4245  8.74474  196.704 -10.5872 -13.2717        0
-0 -0  1
0
     2.1 0.100003 0.650001
-67.0881 -9.95548   33.544        0        0        0
        -1    1.2e-05 7.4951e-05
3
4
   0.999992   0.0499726 1.22401e-05
 63.9806  18.8733  111.706 -8.93685 -8.93679        0
-0 -0  1
5
   0.999993   -0.250027 1.18113e-06
  109.42  18.8515   431.89 -34.5517 -34.5515        0
-0 -0  1
0
     2.1 0.100005 0.650003
-173.401  -37.725  86.7005        0        0        0
        -1    1.2e-05 7.4951e-05
4
4
    1.00001   0.0499761 1.25547e-05
  75.9742 -0.625622   275.443   -15.598  -22.0353         0
-0 -0  1
5
          1   -0.250014 7.79625e-06
  73.5505 -0.625677   280.092   -15.598  -22.4071         0
-0 -0  1
0
 2.09998 0.100012     0.65
-72.2218 0.625659  36.1109        0        0        0
        -1    1.2e-05 7.4951e-05
1
  2.09999 -0.300003  0.649997
-77.3032 0.625491  38.6516        0        0        0
          -1 -4.44986e-05   8.9258e-05
3
4
   0.999993   0.0499587 1.80807e-05
 181.577 -47.8669  539.508 -43.1603  22.2887        0
-0 -0  1
0
 2.09997 0.100011 0.649997
-27.2388  13.6194  13.6194        0        0        0
        -1    1.2e-05 7.4951e-05
1
  2.09998 -0.300024  0.649992
-154.339  34.2471  77.1695        0        0        0
          -1 -4.44986e-05   8.9258e-05
4
4
   0.999991   0.0499573 2.36015e-05
 60.8967 0.135832  284.903 -6.30832  5.90597        0
-0 -0  1
0
 2.09997 0.100012 0.649994
-59.3078 0.388869  29.6539        0        0        0
        -1    1.2e-05 7.4951e-05
1
  2.09998 -0.300025  0.649994
-61.4365 0.388824  30.7182        0        0        0
          -1 -4.44986e-05   8.9258e-05
5
        1.3   -0.249999 1.96369e-06
  59.8475 -0.913584   285.023  -6.30832   5.90597         0
-0 -0  1
3
4
   0.999991   0.0499562 2.81873e-05
 39.9886 -12.1167   291.77  3.41549 -12.2046        0
-0 -0  1
1
  2.09998 -0.300025  0.649995
-88.2414   15.968  44.1207        0        0        0
          -1 -4.44986e-05   8.9258e-05
5
        1.3   -0.249998 3.57359e-06
 48.2527 -3.85141  294.407  3.41549 -12.2046        0
-0 -0  1
4
4
  0.999991  0.0499566 2.9045e-05
  57.3245 0.0746744   287.158  -13.9565   14.0422         0
-0 -0  1
1
  2.09998 -0.300025  0.649995
 -59.9332 -0.503165   29.9666         0         0         0
          -1 -4.44986e-05   8.9258e-05
5
        1.3   -0.249998 3.83161e-06
  54.693 -2.55734  287.131 -13.9565  14.0422        0
-0 -0  1
0
      2.1 0.0999976  0.899996
-52.0843   2.9858  26.0421        0        0        0
         -1 1.19998e-05 0.000112424
3
1
  2.09997 -0.300035      0.65
-44.0884 0.748058  22.0442        0        0        0
          -1 -4.44986e-05   8.9258e-05
5
    1.29999   -0.250004 9.17593e-06
71.8482 9.38766 594.373 43.5265 47.5459       0
-0 -0  1
0
 2.09999 0.100007 0.900003
-27.7604 -10.1361  13.8802        0        0        0
         -1 1.19998e-05 0.000112424
4
1
  2.09997 -0.300041  0.650006
-59.1102  0.82261  29.5551        0        0        0
          -1 -4.44986e-05   8.9258e-05
5
    1.29999   -0.250005 2.48394e-05
 51.9275 -3.59135   291.25 -20.0033  19.8551        0
-0 -0  1
0
 2.09997 0.100027  0.90002
-48.5021  5.82367  24.2511        0        0        0
         -1 1.19998e-05 0.000112424
4
    1.24999   0.0999869 1.06176e-05
 55.6844 -3.05493  285.242 -20.0033  19.8551        0
0 0 1
3
5
    1.29999   -0.250007 3.82518e-05
 4.02399 -3.13575  323.915 -25.9134 -2.48015        0
-0 -0  1
0
 2.09996 0.100043 0.900034
-62.3075 -1.47724  31.1538        0        0        0
         -1 1.19998e-05 0.000112424
4
    1.24999   0.0999757 1.93563e-05
 58.2832  4.61296  275.229 -22.0188 -2.47637        0
0 0 1
4
5
    1.29999   -0.250006 3.97205e-05
  43.003 -2.33974  294.141 -11.7317  23.5331        0
-0 -0  1
0
 2.09996 0.100045  0.90003
-42.1775  2.15065  21.0888        0        0        0
         -1 1.19998e-05 0.000112424
4
    1.24999   0.0999766 2.05824e-05
 45.6564 -1.96083  291.826 -11.7308  23.3469        0
0 0 1
1
      2.1 -0.299999  0.899997
-46.4819  2.14994   23.241        0        0        0
          -1 -4.45486e-05  6.37313e-05
3
0
 2.09994 0.100035 0.899995
-4.52971e-13 -2.26485e-13 -2.26485e-13            0            0            0
         -1 1.19998e-05 0.000112424
4
    1.24997   0.0999645 3.50884e-05
 287.629 -135.361  765.943 -61.2705  61.2842        0
0 0 1
1
  2.09998 -0.300033  0.899965
-287.631  135.358 -135.647        0        0        0
          -1 -4.45486e-05  6.37313e-05
4
0
  2.0999 0.100122  0.89999
  -44.2972 0.00910456    22.1486          0          0          0
         -1 1.19998e-05 0.000112424
4
    1.24997   0.0999618 5.98396e-05
     44.3454 -0.000437862      295.643    -0.115135       23.652            0
0 0 1
1
  2.09996 -0.299996  0.899956
  -44.3501 0.00909402     22.175          0          0          0
          -1 -4.45486e-05  6.37313e-05
5
   1.39999  -0.300002 1.5426e-05
   44.3003 -0.0168232    290.331  -0.113621    23.2265          0
-0 -0  1
3
0
 2.09992 0.100153 0.900037
-242.254 -121.127 -58.8841        0        0        0
         -1 1.19998e-05 0.000112424
1
  2.09997 -0.299989  0.899976
-34.74 -17.37 -17.37      0      0      0
          -1 -4.45486e-05  6.37313e-05
5
    1.39999   -0.299999 1.96552e-05
276.994   138.5 706.552 56.5269 56.5219       0
-0 -0  1
4
0
      2.1 0.0999959  0.899998
-34.7538  2.61946  17.3769        0        0        0
         -1 1.19998e-05 0.000112424
1
      2.1 -0.300012  0.899995
-44.8445  2.61938  22.4223        0        0        0
          -1 -4.45486e-05  6.37313e-05
4
        1.4   0.0999973 1.58461e-06
 43.9206 -2.61965  290.907 -21.8498  23.2728        0
0 0 1
5
        1.4   -0.299999 4.53815e-06
 35.6777 -2.61965  299.591 -21.8497  23.9673        0
-0 -0  1
