4
0
    1.69999    0.100002 1.24677e-06
-0.000160989     0.000419       200.51            0            0            0
-0 -0  1
1
    1.69999   -0.299999 6.65117e-07
0.000385238 0.000420769     199.293           0           0           0
0 0 1
4
   0.999994   0.0500011 3.16951e-06
-0.000326995 -0.000416126      115.701       3.0413     -9.25605            0
-0 -0  1
5
   0.999994   -0.249999 2.46368e-06
 0.000125045 -0.000423143      114.794      3.04137     -9.18352            0
-0 -0  1
3
1
    1.69998    -0.30002 8.87201e-06
0.00896967  0.0387173    261.188          0          0          0
0 0 1
4
    0.99999    0.050009 1.94234e-05
-0.0149243 -0.0292818    368.799    29.5043   -29.5035          0
-0 -0  1
5
          1   -0.249991 5.75846e-06
  0.0060094 -0.00916136     0.31099   0.0248791  -0.0248793           0
-0 -0  1
4
1
        1.7   -0.300018 2.20441e-05
24.6747 22.1847 175.171       0       0       0
0 0 1
4
   0.999973   0.0500203 3.45831e-05
15.8524 4.53755 226.147 18.0918  14.845       0
-0 -0  1
5
          1   -0.249993 1.62026e-05
23.4135 4.54044  197.01  15.761 14.8467       0
-0 -0  1
0
 2.09999  0.10003 0.650015
 -63.941 -31.2622  31.9705        0        0        0
        -1    1.2e-05 7.4951e-05
3
4
    0.99996   0.0500093 7.12787e-05
 53.7713   8.6828   290.16  1.16514 -23.2136        0
-0 -0  1
5
   0.999994   -0.249985 3.07983e-05
 46.8754  8.68208  289.814  1.16492 -23.1851        0
-0 -0  1
0
 2.09997 0.100074 0.650042
-100.648 -17.3642  50.3239        0        0        0
        -1    1.2e-05 7.4951e-05
4
4
    0.99998    0.050004 6.31067e-05
  116.852 -0.316369   255.846  -7.92357  -20.4685         0
-0 -0  1
5
   1.00002  -0.249957 3.0844e-05
 115.622 -0.31741  258.215  -7.9258 -20.6564        0
-0 -0  1
0
 2.09997 0.100074  0.65005
-114.946 0.317308  57.4731        0        0        0
        -1    1.2e-05 7.4951e-05
1
      2.1 -0.299997  0.650004
-117.527 0.316831  58.7636        0        0        0
          -1 -4.44986e-05   8.9258e-05
3
4
   0.999997   0.0500006 5.62571e-05
 232.544 -58.4611  514.025 -41.1265 -41.1217        0
-0 -0  1
0
 2.09997 0.100074 0.650057
-42.6985  21.3493  21.3493        0        0        0
        -1    1.2e-05 7.4951e-05
1
      2.1 -0.299995  0.650008
-189.845  37.1121  94.9227        0        0        0
          -1 -4.44986e-05   8.9258e-05
4
4
          1   0.0499985 5.49801e-05
 88.6765 0.047224   261.97 -1.91186 -20.9583        0
-0 -0  1
0
 2.09996 0.100101 0.650051
-88.1935 0.113627  44.0967        0        0        0
        -1    1.2e-05 7.4951e-05
1
      2.1 -0.299988  0.650005
-88.8414 0.113495  44.4207        0        0        0
          -1 -4.44986e-05   8.9258e-05
5
        1.3       -0.25 1.02123e-06
  88.3581 -0.274142   279.809  -1.91395  -22.3847         0
-0 -0  1
3
0
 2.09995 0.100122 0.650046
-104.704 -21.0536  52.3518        0        0        0
        -1    1.2e-05 7.4951e-05
1
      2.1 -0.299983  0.650002
-59.6744 -21.0433  29.8372        0        0        0
          -1 -4.44986e-05   8.9258e-05
5
    1.30001   -0.250001 1.97572e-06
164.378 42.0971 548.108 43.8488 22.0135       0
-0 -0  1
4
0
 2.09993 0.100135  0.65007
 -68.1302 0.0349487   34.0651         0         0         0
        -1    1.2e-05 7.4951e-05
1
  2.10001 -0.299995  0.650044
-68.3621 0.034899   34.181        0        0        0
          -1 -4.44986e-05   8.9258e-05
5
   1.30001  -0.250004 2.2574e-05
   68.1839 -0.0349887    281.119  -0.617976   -12.4195          0
-0 -0  1
4
        1.3   0.0500103 1.36008e-05
   68.3084 -0.0349922    280.933  -0.617976   -12.4195          0
-0 -0  1
3
0
 2.09992 0.100146 0.650089
-54.3381  24.1851  27.1691        0        0        0
        -1    1.2e-05 7.4951e-05
1
  2.10002 -0.300005  0.650078
-118.303  24.1734  59.1517        0        0        0
          -1 -4.44986e-05   8.9258e-05
4
    1.30001   0.0500187 2.46561e-05
 172.642 -48.3586  543.978 -43.5184  13.6168        0
-0 -0  1
4
0
 2.09991 0.100155  0.65008
-65.1208 -2.04818  32.5604        0        0        0
        -1    1.2e-05 7.4951e-05
1
  2.10002 -0.300007  0.650084
-65.3174 -2.04846  32.6587        0        0        0
          -1 -4.44986e-05   8.9258e-05
4
    1.30001   0.0500083 2.45279e-05
65.6367 2.16758 282.892 3.54761 -5.3545       0
-0 -0  1
5
      1.4 -0.299997 1.633e-06
64.8013 1.92896 282.186 3.54761 -5.3545       0
-0 -0  1
3
0
 2.09991 0.100158 0.650077
-107.944 -37.3146  53.9722        0        0        0
        -1    1.2e-05 7.4951e-05
1
  2.10002 -0.300014  0.650077
-48.7945 -24.3972  24.3972        0        0        0
          -1 -4.44986e-05   8.9258e-05
5
    1.40001   -0.300004 4.72022e-06
156.739 61.7118 551.928 44.1548 44.1535       0
-0 -0  1
4
0
  2.0999 0.100158 0.650076
-62.5564 0.182531  31.2782        0        0        0
        -1    1.2e-05 7.4951e-05
1
  2.10003 -0.300016  0.650074
-63.3264 0.182359  31.6632        0        0        0
          -1 -4.44986e-05   8.9258e-05
5
    1.40001   -0.300005 8.09473e-06
 62.6652 -0.18245  284.088 -2.04846 0.220708        0
-0 -0  1
4
     1.39999     0.100002 -2.71381e-06
  63.2176 -0.182454   283.268  -2.04846  0.220708         0
0 0 1
3
0
 2.09991  0.10016 0.650092
-78.2871 -12.1961  39.1435        0        0        0
        -1    1.2e-05 7.4951e-05
5
    1.40001    -0.30001 1.41601e-05
 21.3092  6.09765  309.064 -24.7256 -15.6231        0
-0 -0  1
4
     1.39999     0.100002 -2.10161e-06
 56.9779  6.09857  282.091 -22.5677  -15.623        0
0 0 1
4
0
  2.0999 0.100181 0.650091
 -57.8507 -0.299293   28.9253         0         0         0
        -1    1.2e-05 7.4951e-05
5
    1.40001        -0.3 1.48775e-05
 55.9768 0.764597  286.609  3.72324  16.5346        0
-0 -0  1
4
    1.39998    0.100005 4.15064e-06
 55.2014 0.764595  288.099  3.72324  16.5346        0
0 0 1
1
      2.1 -0.299991  0.900002
-53.3278 -1.22958  26.6639        0        0        0
          -1 -4.45486e-05  6.37313e-05
3
5
        1.4   -0.299992 1.53527e-05
 48.7113 -7.86426  293.094  14.9723  2.02849        0
-0 -0  1
4
    1.39998    0.100008 8.91646e-06
  27.529 -7.86537  299.083  14.9723  2.02849        0
0 0 1
1
      2.1 -0.299984  0.900004
-76.2405  15.7299  38.1203        0        0        0
          -1 -4.45486e-05  6.37313e-05
4
0
      2.1 0.0999959  0.899998
-34.7538  2.61951  17.3769        0        0        0
         -1 1.19998e-05 0.000112424
1
      2.1 -0.300012  0.899995
-44.8446  2.61942  22.4223        0        0        0
          -1 -4.45486e-05  6.37313e-05
4
        1.4   0.0999973 1.58461e-06
 43.9205 -2.61955  290.907 -21.8498  23.2727        0
0 0 1
5
        1.4   -0.299999 4.53815e-06
 35.6776 -2.61956  299.591 -21.8497  23.9673        0
-0 -0  1
