4
0
    1.69999    0.100002 1.24677e-06
-0.000160989     0.000419       200.51            0            0            0
-0 -0  1
1
    1.69999   -0.299999 6.65117e-07
0.000385238 0.000420769     199.293           0           0           0
0 0 1
4
   0.999994   0.0500011 3.16951e-06
-0.000326995 -0.000416126      115.701       3.0413     -9.25605            0
-0 -0  1
5
   0.999994   -0.249999 2.46368e-06
 0.000125045 -0.000423143      114.794      3.04137     -9.18352            0
-0 -0  1
3
0
        1.7   0.0999708 1.38039e-05
-0.00157933  0.00375506     367.613           0           0           0
-0 -0  1
4
   0.999992   0.0499893 1.74645e-05
-0.00237634  0.00359217     2.46558   -0.197251   -0.197243           0
-0 -0  1
5
   0.999998   -0.249992 1.53525e-05
0.00368543  -0.008214     260.22   -20.8176   -20.8176          0
-0 -0  1
4
0
    1.69999    0.100005 4.54085e-05
21.3898 1.11782 202.093       0       0       0
-0 -0  1
4
          1   0.0500199 7.26904e-05
 22.0544 -8.19299  194.693 -13.5875 -11.5421        0
-0 -0  1
5
   0.999985   -0.249975 4.15092e-05
 26.0452 -8.19362  198.769 -13.5875 -11.5421        0
-0 -0  1
1
 2.09997     -0.3 0.650009
-69.4909  15.2697  34.7454        0        0        0
          -1 -4.44986e-05   8.9258e-05
3
0
    1.69998    0.100034 7.17956e-05
72.5759 -36.281 152.304       0       0       0
-0 -0  1
4
    1.00001   0.0500424 0.000118839
 72.5887 -36.3013  405.412  -32.432  32.4342        0
-0 -0  1
1
 2.09995     -0.3 0.650018
-145.166  72.5829  72.5829        0        0        0
          -1 -4.44986e-05   8.9258e-05
4
0
    1.69998    0.100054 8.29502e-05
19.3874 3.86994 203.481       0       0       0
-0 -0  1
4
    1.00001   0.0500489 0.000132855
  20.4282  -10.7079   194.964 -0.216074  -12.1835         0
-0 -0  1
1
  2.09994 -0.299993  0.650021
-67.5359    12.34  33.7679        0        0        0
          -1 -4.44986e-05   8.9258e-05
5
       1.25   -0.299997 7.55934e-06
  27.7199  -5.50161   198.085 -0.216074  -12.1835         0
-0 -0  1
3
4
    1.00001   0.0500545 0.000144814
 45.5151 -29.3162  298.398   23.871  -23.873        0
-0 -0  1
1
  2.09993 -0.299987  0.650023
-158.933  10.1215  79.4665        0        0        0
          -1 -4.44986e-05   8.9258e-05
5
       1.25   -0.299995 1.39639e-05
 113.418  19.1951  252.433  20.1946 -20.1948        0
-0 -0  1
4
4
    1.00003   0.0500635 0.000171077
 68.0876  1.96627  278.061 -19.6475 -6.38704        0
-0 -0  1
1
  2.09991 -0.300083  0.650033
 -69.4555 -0.260573   34.7278         0         0         0
          -1 -4.44986e-05   8.9258e-05
5
    1.24999   -0.299985 2.74432e-05
 63.3162  -1.4444  286.535 -19.6475 -6.38704        0
-0 -0  1
0
      2.1 0.0999553  0.650013
 -61.9487 -0.262177   30.9743         0         0         0
        -1    1.2e-05 7.4951e-05
3
4
    1.00003   0.0500649 0.000183333
63.8928 16.4811 276.472 -20.997 -22.115       0
-0 -0  1
5
    1.24999   -0.299983 3.43196e-05
 47.5422  4.79646  298.108 -20.9982  -23.847        0
-0 -0  1
0
  2.09999 0.0999889  0.650026
-111.436 -21.2771  55.7178        0        0        0
        -1    1.2e-05 7.4951e-05
4
4
   1.00003  0.0500646 0.00018703
  63.6253   1.73423   283.573  0.219129 -0.297357         0
-0 -0  1
5
    1.24998   -0.299982 3.65659e-05
  62.6827   1.06115    283.57  0.219129 -0.297357         0
-0 -0  1
0
  2.09999 0.0999909  0.650027
-62.7111 -1.37028  31.3556        0        0        0
        -1    1.2e-05 7.4951e-05
1
      2.1 -0.300002  0.900001
-63.5972 -1.42509  31.7986        0        0        0
          -1 -4.45486e-05  6.37313e-05
3
5
   1.24998  -0.299982 3.8453e-05
231.908 109.135 650.677 52.0598 52.0497       0
-0 -0  1
0
  2.09998 0.0999929  0.650028
-231.909 -109.133   -20.38        0        0        0
        -1    1.2e-05 7.4951e-05
1
  2.09999 -0.300005  0.900003
-1.41043e-12  7.05214e-13 -7.05214e-13            0            0            0
          -1 -4.45486e-05  6.37313e-05
4
5
    1.24998    -0.29998 4.40035e-05
54.4843  2.3609 287.093 8.34377 18.8552       0
-0 -0  1
0
  2.09998 0.0999912  0.650026
-57.0071  -1.3681  28.5035        0        0        0
        -1    1.2e-05 7.4951e-05
1
  2.09999 -0.300014  0.899999
-51.2635  -3.4538  25.6318        0        0        0
          -1 -4.45486e-05  6.37313e-05
4
    1.29999   0.0499972 6.09549e-06
 53.786 2.46092  289.07 8.34377 18.8552       0
-0 -0  1
3
5
    1.24997   -0.299982 5.12576e-05
 48.3674 -8.67323  293.077  2.86324 -6.67944        0
-0 -0  1
1
  2.09999 -0.300021  0.900021
-85.6158  15.7569  42.8079        0        0        0
          -1 -4.45486e-05  6.37313e-05
4
    1.29999   0.0499934 1.13237e-05
 37.2481 -7.08394  294.413  2.86324 -6.67944        0
-0 -0  1
4
5
    1.24997   -0.299983 5.23816e-05
  48.8619 -0.641306   293.959  -23.5155   15.0688         0
-0 -0  1
1
  2.09998 -0.300022  0.900022
-62.2299  1.44552   31.115        0        0        0
          -1 -4.45486e-05  6.37313e-05
4
    1.29999   0.0499915 1.20409e-05
 60.0988 -2.24857  281.858 -22.5456  15.0674        0
-0 -0  1
0
     2.1 0.100001      0.9
-46.7309  1.44432  23.3654        0        0        0
         -1 1.19998e-05 0.000112424
3
1
  2.09998 -0.300014   0.90003
-380.346  166.406 -177.643        0        0        0
          -1 -4.45486e-05  6.37313e-05
4
    1.29999   0.0499764 2.61959e-05
 380.345 -166.408   807.94 -64.6212  64.6538        0
-0 -0  1
0
 2.09998 0.100043 0.900035
-1.31717e-12 -6.58584e-13 -6.58584e-13            0            0            0
         -1 1.19998e-05 0.000112424
4
1
  2.09997 -0.300002   0.90002
-61.6928 0.157998  30.8464        0        0        0
          -1 -4.45486e-05  6.37313e-05
4
    1.29999   0.0499696 3.31976e-05
 60.6457 0.827033   284.16 -16.7637  10.8805        0
-0 -0  1
0
 2.09997 0.100069 0.900048
-52.7062 0.158526  26.3531        0        0        0
         -1 1.19998e-05 0.000112424
5
    1.39999   -0.299991 6.05442e-06
 53.7527 -1.14311  288.938 -16.7637  10.8805        0
-0 -0  1
3
1
  2.09996 -0.299991  0.900012
-56.0573 -15.8354  28.0287        0        0        0
          -1 -4.45486e-05  6.37313e-05
0
 2.09996 0.100093  0.90006
-55.4159 -15.8371  27.7079        0        0        0
         -1 1.19998e-05 0.000112424
5
    1.39999   -0.299983 1.14517e-05
111.473  31.673 574.561 36.8916 45.9663       0
-0 -0  1
4
0
      2.1 0.0999959  0.899998
-34.7539  2.61967  17.3769        0        0        0
         -1 1.19998e-05 0.000112424
1
      2.1 -0.300012  0.899995
-44.8447  2.61958  22.4224        0        0        0
          -1 -4.45486e-05  6.37313e-05
4
        1.4   0.0999973 1.58461e-06
 43.9205 -2.61943  290.907 -21.8499  23.2727        0
0 0 1
5
        1.4   -0.299999 4.53815e-06
 35.6775 -2.61943  299.591 -21.8498  23.9673        0
-0 -0  1
