4
0
    1.69999    0.100002 1.24677e-06
-0.000160989     0.000419       200.51            0            0            0
-0 -0  1
1
    1.69999   -0.299999 6.65117e-07
0.000385238 0.000420769     199.293           0           0           0
0 0 1
4
   0.999994   0.0500011 3.16951e-06
-0.000326995 -0.000416126      115.701       3.0413     -9.25605            0
-0 -0  1
5
   0.999994   -0.249999 2.46368e-06
 0.000125045 -0.000423143      114.794      3.04137     -9.18352            0
-0 -0  1
3
0
    1.69999    0.100018 8.21759e-06
-0.0213883   0.052859    240.322          0          0          0
-0 -0  1
4
   0.999977   0.0499612 1.49306e-06
0.00226805 -0.0268492    10.3177  -0.825409   -0.82542          0
-0 -0  1
5
   0.999995       -0.25 1.30424e-05
 0.0190375 -0.0268213    379.658   -30.3725   -30.3728          0
-0 -0  1
4
0
        1.7    0.100034 1.86795e-05
 15.4441 0.580874  191.355        0        0        0
-0 -0  1
4
    0.99999   0.0499776 6.86944e-06
 15.9052 -5.86929  205.387 -10.6015  16.4309        0
-0 -0  1
5
  0.999997  -0.250009 2.6276e-05
 18.6697 -5.86902  208.547 -10.6015  16.6836        0
-0 -0  1
1
  2.09999 -0.300044  0.650008
-50.0189  11.1574  25.0094        0        0        0
          -1 -4.44986e-05   8.9258e-05
3
4
          1   0.0499947 1.22989e-05
 43.5178 -8.11283  292.947  11.6177 -23.4358        0
-0 -0  1
5
   0.999999   -0.250017 4.02966e-05
  52.215 -8.11328  289.484  11.6177 -23.1585        0
-0 -0  1
1
  2.09998 -0.300083  0.650009
-95.7327   16.226  47.8664        0        0        0
          -1 -4.44986e-05   8.9258e-05
4
4
   0.999999    0.049986 2.42335e-05
  65.9265 -0.332091    281.27  -8.23481  -4.70283         0
-0 -0  1
5
   0.999998   -0.250014 4.07732e-05
  64.6477 -0.331951   283.741  -8.23481  -4.70283         0
-0 -0  1
1
  2.09997 -0.300054  0.650013
-66.6281 0.332037   33.314        0        0        0
          -1 -4.44986e-05   8.9258e-05
0
      2.1 0.0999942  0.650025
-63.9463 0.331988  31.9732        0        0        0
        -1    1.2e-05 7.4951e-05
3
4
   0.999995   0.0499792 3.40838e-05
 54.7975  8.35001  287.503 -18.6666 -22.9999        0
-0 -0  1
5
   0.999997   -0.250011 4.11621e-05
 44.6566  8.35004  293.068 -18.6668 -23.4452        0
-0 -0  1
0
      2.1 0.0999906  0.650046
-99.4542 -16.7001  49.7271        0        0        0
        -1    1.2e-05 7.4951e-05
4
4
   0.999995   0.0499821 3.84822e-05
   61.9133 -0.0404958    284.011   -1.81035     2.4466          0
-0 -0  1
5
          1   -0.250016 4.40827e-05
   61.5528 -0.0404937    284.554   -1.81035     2.4466          0
-0 -0  1
0
      2.1 0.0999932  0.650038
 -61.6406 -0.185771   30.8203         0         0         0
        -1    1.2e-05 7.4951e-05
1
      2.1 -0.299995   0.90001
-61.8256  0.26677  30.9128        0        0        0
          -1 -4.45486e-05  6.37313e-05
3
4
   0.999995   0.0499845 4.20467e-05
 41.1789  -7.6815  293.824   9.4264 -13.5471        0
-0 -0  1
5
    1.00001   -0.250021 4.65205e-05
 49.7775 -7.68124  290.996   9.4264 -13.5471        0
-0 -0  1
1
 2.09999 -0.29999 0.900018
-90.9564  15.3628  45.4782        0        0        0
          -1 -4.45486e-05  6.37313e-05
4
4
   0.999995    0.049984 4.20346e-05
  59.5801 -0.646236   284.135  -12.8081   8.35382         0
-0 -0  1
5
          1    -0.25002 4.66971e-05
 56.7889 -0.64627  287.978 -12.8081  8.35382        0
-0 -0  1
1
  2.09999 -0.299989  0.900018
-60.6976 0.646387  30.3488        0        0        0
          -1 -4.45486e-05  6.37313e-05
0
      2.1 0.0999895  0.899998
-55.6715 0.646087  27.8357        0        0        0
         -1 1.19998e-05 0.000112424
3
4
   0.999995   0.0499837 4.20582e-05
 319.124 -101.543   702.14 -56.1716   56.174        0
-0 -0  1
1
  2.09999 -0.299987  0.900019
-319.124   101.54 -71.8434        0        0        0
          -1 -4.45486e-05  6.37313e-05
0
      2.1 0.0999823  0.899997
-1.54099e-13 -7.70495e-14 -7.70495e-14            0            0            0
         -1 1.19998e-05 0.000112424
4
4
   0.999995   0.0499936 5.04818e-05
 50.0379 0.695464   292.52 -18.8682  23.4015        0
-0 -0  1
1
 2.09999     -0.3 0.900017
-51.6937  1.50981  25.8468        0        0        0
          -1 -4.45486e-05  6.37313e-05
0
  2.09999 0.0999828  0.899996
-43.9725  1.50936  21.9862        0        0        0
         -1 1.19998e-05 0.000112424
5
        1.3   -0.249987 9.64937e-06
  45.628 -3.71448  289.944 -18.8679  23.1939        0
-0 -0  1
3
1
 2.09998 -0.30001 0.900014
-7.53585 -3.76793  3.76793        0        0        0
          -1 -4.45486e-05  6.37313e-05
0
  2.09999 0.0999823  0.899995
-22.5393 -5.62092  11.2697        0        0        0
         -1 1.19998e-05 0.000112424
5
        1.3   -0.249978 1.66701e-05
 30.075 9.38898  615.26 41.8365 49.2249       0
-0 -0  1
4
1
  2.09998 -0.299988  0.900031
-27.647 1.99511 13.8235       0       0       0
          -1 -4.45486e-05  6.37313e-05
0
 2.09996 0.100061 0.900001
-21.1561  1.99488   10.578        0        0        0
         -1 1.19998e-05 0.000112424
5
   1.30001  -0.249993 2.1741e-05
 22.2332 -2.30445  303.893 -15.7898  24.3107        0
-0 -0  1
4
    1.25002   0.0999992 9.35658e-06
 26.5694 -1.68509  302.003 -15.7931  24.1604        0
0 0 1
3
1
 2.09999 -0.29999  0.90003
-70.4598  33.1625  6.44131        0        0        0
          -1 -4.45486e-05  6.37313e-05
0
 2.09996 0.100099 0.899997
-1.05338e-12   1.0173e-12  -5.2669e-13            0            0            0
         -1 1.19998e-05 0.000112424
4
   1.25002    0.10002 4.5842e-06
 70.4594 -33.1636  623.856 -49.9098  49.9069        0
0 0 1
4
1
 2.09996 -0.30005 0.900039
 -23.408 -0.35981   11.704        0        0        0
          -1 -4.45486e-05  6.37313e-05
0
 2.09995 0.100089 0.899986
 -24.8679 -0.359666    12.434         0         0         0
         -1 1.19998e-05 0.000112424
4
    1.25002    0.100023 2.01129e-05
 23.5571 0.141529  309.247  3.29845  24.7397        0
0 0 1
5
        1.4   -0.299997 1.84657e-05
 24.7178 0.576972  296.912  3.29775   23.753        0
-0 -0  1
3
1
  2.09995 -0.300068  0.900046
-23.8392 -11.9196 -11.9196        0        0        0
          -1 -4.45486e-05  6.37313e-05
0
 2.09994 0.100086 0.899988
-166.475 -83.2376 -83.2376        0        0        0
         -1 1.19998e-05 0.000112424
5
        1.4   -0.300002 2.01569e-05
190.311 95.1632 725.455 58.0358 58.0373       0
-0 -0  1
4
0
      2.1 0.0999959  0.899998
-34.7537  2.61954  17.3769        0        0        0
         -1 1.19998e-05 0.000112424
1
      2.1 -0.300012  0.899995
-44.8445  2.61945  22.4223        0        0        0
          -1 -4.45486e-05  6.37313e-05
4
        1.4   0.0999973 1.58461e-06
 43.9205 -2.61956  290.907 -21.8499  23.2727        0
0 0 1
5
        1.4   -0.299999 4.53815e-06
 35.6776 -2.61956  299.591 -21.8497  23.9673        0
-0 -0  1
