4
0
    1.69999    0.100002 1.24677e-06
-0.000160989     0.000419       200.51            0            0            0
-0 -0  1
1
    1.69999   -0.299999 6.65117e-07
0.000385238 0.000420769     199.293           0           0           0
0 0 1
4
   0.999994   0.0500011 3.16951e-06
-0.000326995 -0.000416126      115.701       3.0413     -9.25605            0
-0 -0  1
5
   0.999994   -0.249999 2.46368e-06
 0.000125045 -0.000423143      114.794      3.04137     -9.18352            0
-0 -0  1
3
1
    1.69999   -0.299996 8.54035e-06
0.00468736 0.00847419    362.802          0          0          0
0 0 1
4
    1.00001   0.0500192 2.76852e-05
-0.00752006 -0.00621537     263.145     21.0514    -21.0518           0
-0 -0  1
5
   0.999986   -0.249978 1.79634e-05
 0.00279357 -0.00132376       4.351    0.348081   -0.348078           0
-0 -0  1
4
1
    1.69999    -0.29999 1.14888e-05
  18.5008 -0.825105   196.885         0         0         0
0 0 1
4
    1.00001   0.0500219 3.25766e-05
22.4422  7.0568 203.541 12.2451 3.38571       0
-0 -0  1
5
   0.999987   -0.249978 2.08065e-05
 19.064  7.0572 199.868 12.2451 3.38571       0
-0 -0  1
0
 2.09999 0.100025 0.650016
 -60.007 -13.2886  30.0035        0        0        0
        -1    1.2e-05 7.4951e-05
3
4
    1.00001   0.0500241 3.67179e-05
 71.5465  11.1856  280.297 -13.0549 -22.4235        0
-0 -0  1
5
   0.999988   -0.249979 2.31897e-05
 60.0812  11.1861  284.187 -13.0559 -22.7352        0
-0 -0  1
0
 2.09998 0.100046  0.65003
-131.628 -22.3715  65.8139        0        0        0
        -1    1.2e-05 7.4951e-05
4
4
    1.00001   0.0500229 4.12901e-05
 70.7113 0.469492  281.086  11.6246 -17.8831        0
-0 -0  1
5
   0.999987   -0.249976 3.38838e-05
 72.5163 0.469445  277.598  11.6246 -17.8831        0
-0 -0  1
0
 2.09996 0.100071 0.650085
 -73.5069 -0.469643   36.7535         0         0         0
        -1    1.2e-05 7.4951e-05
1
      2.1 -0.299956  0.650034
 -69.7211 -0.468824   34.8606         0         0         0
          -1 -4.44986e-05   8.9258e-05
3
4
    1.00001   0.0500221 4.49506e-05
 170.614 -23.9024  544.991 -40.0618 -2.57208        0
-0 -0  1
0
 2.09995 0.100093 0.650135
-83.5294  11.9526  41.7647        0        0        0
        -1    1.2e-05 7.4951e-05
1
      2.1 -0.299915  0.650065
-87.0849  11.9503  43.5425        0        0        0
          -1 -4.44986e-05   8.9258e-05
4
4
   1.00001  0.0500223 4.7639e-05
63.4224 1.65466 285.521 17.3009 -3.0216       0
-0 -0  1
0
 2.09994 0.100095 0.650142
-66.9773 -2.46573  33.4886        0        0        0
        -1    1.2e-05 7.4951e-05
1
  2.09999 -0.299904  0.650066
-62.1357 -2.46408  31.0678        0        0        0
          -1 -4.44986e-05   8.9258e-05
5
       1.25   -0.299999 1.29129e-06
65.6905 3.27523  280.22 17.3009 -3.0216       0
-0 -0  1
3
0
 2.09994 0.100099 0.650154
-351.428 -165.422 -12.2084        0        0        0
        -1    1.2e-05 7.4951e-05
1
  2.09998 -0.299938  0.650079
-1.30784e-12   2.6934e-13 -6.53921e-13            0            0            0
          -1 -4.44986e-05   8.9258e-05
5
    1.24999   -0.299974 1.39487e-05
351.428 165.424 642.506 51.3967 51.4051       0
-0 -0  1
4
0
 2.09994 0.100112  0.65017
 -62.619 -2.33634  31.3095        0        0        0
        -1    1.2e-05 7.4951e-05
1
  2.09996 -0.299959  0.650075
-59.7231 -2.33519  29.8615        0        0        0
          -1 -4.44986e-05   8.9258e-05
5
   1.24999  -0.299961 2.5673e-05
 61.755 2.25226  282.68 11.4218 4.58676       0
-0 -0  1
4
        1.3   0.0499952 1.57482e-05
60.5868 2.41932 286.447 11.4218 4.58676       0
-0 -0  1
3
0
 2.09994 0.100122 0.650183
-52.7756   17.782  26.3878        0        0        0
        -1    1.2e-05 7.4951e-05
1
  2.09995 -0.299975  0.650072
-88.8162  17.7666  44.4081        0        0        0
          -1 -4.44986e-05   8.9258e-05
4
        1.3   0.0499905 2.83613e-05
 141.592 -35.5486  559.502 -44.7586  44.7614        0
-0 -0  1
4
0
 2.09994 0.100132 0.650196
-71.4947  -2.8712  35.7473        0        0        0
        -1    1.2e-05 7.4951e-05
1
  2.09994 -0.299978  0.650077
-68.5377 -2.86974  34.2688        0        0        0
          -1 -4.44986e-05   8.9258e-05
4
        1.3   0.0499957 3.53659e-05
 69.4812  2.71766  281.462  12.3554 -16.8127        0
-0 -0  1
5
        1.4   -0.299993 5.26263e-06
 70.5511  3.02356  278.819  12.3554 -16.8127        0
-0 -0  1
3
1
  2.09994 -0.299958  0.650077
-119.058  19.9195  59.5292        0        0        0
          -1 -4.44986e-05   8.9258e-05
4
        1.3   0.0500032 5.33652e-05
 43.9599 -14.4079  290.835  23.2661 -23.2675        0
-0 -0  1
5
    1.39999   -0.299974 1.56832e-05
 75.0983 -5.51089  279.934  22.3954 -22.3945        0
-0 -0  1
4
1
  2.09993 -0.299961  0.650076
-61.3308 -1.59746  30.6654        0        0        0
          -1 -4.44986e-05   8.9258e-05
4
        1.3   0.0500123 6.24543e-05
 59.9585  1.21848  285.283 -6.58706  9.78805        0
-0 -0  1
5
    1.39999    -0.29996 1.67495e-05
 56.8528  0.33101  286.609 -6.58706  9.78805        0
-0 -0  1
0
     2.1 0.100001      0.9
 -55.4807 0.0482277   27.7403         0         0         0
         -1 1.19998e-05 0.000112424
3
1
  2.09993 -0.299963  0.650074
-34.0725 -5.36654  17.0363        0        0        0
          -1 -4.44986e-05   8.9258e-05
5
    1.39999   -0.299948 1.75211e-05
109.292 42.9764 575.652 46.0514 46.0529       0
-0 -0  1
0
     2.1 0.100001      0.9
-75.2193 -37.6096  37.6096        0        0        0
         -1 1.19998e-05 0.000112424
4
1
  2.09993 -0.299964  0.650074
-58.6792 0.213368  29.3396        0        0        0
          -1 -4.44986e-05   8.9258e-05
5
    1.39999   -0.299948 1.77349e-05
 54.3021 -1.25093  289.097 -8.30534  16.8968        0
-0 -0  1
0
     2.1 0.100002 0.899997
-52.173 2.28869 26.0865       0       0       0
         -1 1.19998e-05 0.000112424
4
        1.4   0.0999999 2.51336e-06
 56.5501 -1.25113  285.775 -8.30534  16.8968        0
0 0 1
3
5
    1.39999   -0.299948 1.78829e-05
 26.2185   7.4906  300.243 -19.7803  2.10348        0
-0 -0  1
0
     2.1 0.100002 0.899995
-75.4466 -14.9802  37.7233        0        0        0
         -1 1.19998e-05 0.000112424
4
       1.4  0.0999998 4.9703e-06
 49.2281  7.48962  292.332 -19.7803  2.10348        0
0 0 1
4
0
      2.1 0.0999959  0.899998
-34.7537  2.61957  17.3769        0        0        0
         -1 1.19998e-05 0.000112424
1
      2.1 -0.300012  0.899995
-44.8445  2.61948  22.4222        0        0        0
          -1 -4.45486e-05  6.37313e-05
4
        1.4   0.0999973 1.58461e-06
 43.9204 -2.61952  290.907 -21.8499  23.2727        0
0 0 1
5
        1.4   -0.299999 4.53815e-06
 35.6775 -2.61952  299.591 -21.8497  23.9673        0
-0 -0  1
