    0.892671   -0.0191674      0.95783   -0.0105976   -0.0353956    0.0267116    0.0788019    -0.458175   -0.0334518     0.741072     -0.24991   -0.0829859   -0.0311674    -0.446869   -0.0289934     0.740588     -0.25764    0.0292569   0.00010873  -0.00163887     0.956914   0.00772743   0.00150577     -1.91999 -0.000490356    -0.524224  -0.00193652     0.960553  -0.00986163  6.40194e-05     -1.91815  0.000557603    -0.523711  0.000680927
  0.985624 -0.0103624   0.961016 -0.0210954   0.117267  0.0327498   0.081573   -0.46309 -0.0244022   0.645042    -0.3016 -0.0719489 -0.0327582  -0.429617 -0.0383039   0.608982  -0.295758   0.038032  -0.135461  0.0558541   0.788789 0.00134641   0.226685   -2.05549   0.238887  -0.413038   0.112126   0.540229          0  -0.562812   -1.91471   -0.32528  -0.212487  -0.128694
    1.01107  -0.0010787    0.965862 -0.00271471    0.109301  0.00352452   0.0598441   -0.357623   0.0030163    0.549951   -0.301608   -0.056377   -0.053204   -0.352152 -0.00967485    0.542745   -0.299522   0.0529121  0.00149067 -0.00784063    0.552822           0    0.509808    -2.09789    0.310612  -0.0582733  -0.0333997    0.541639           0   -0.499139    -2.09364    -0.30957   -0.055326   0.0404021
    1.01121 -0.00108522    0.965846 -0.00271507    0.109407  0.00352579   0.0598524    -0.35758  0.00301619    0.549976   -0.301767  -0.0563856  -0.0531957   -0.352112 -0.00967326    0.542776   -0.299684   0.0529057  0.00148864 -0.00784914    0.553454           0    0.509677    -2.09829    0.310669  -0.0585191  -0.0331583    0.542249           0   -0.498968    -2.09405   -0.309581  -0.0555621   0.0401465
     1.06401  -0.00728132     0.966622   -0.0100749     0.130241    0.0601271    0.0660131    -0.243036   -0.0513188     0.408192    -0.299341   -0.0688203   -0.0438919    -0.200002   -0.0655222     0.374038    -0.301884    0.0411646    -0.223104    0.0718806     0.577188            0     0.341772     -2.40591 -0.000306654     0.186262   -0.0247994     0.638113    -0.141441    -0.962458     -2.39128    -0.463944     0.344921    -0.429438
    1.07539  -0.0111753    0.967303 -0.00752132    0.126184   0.0593794   0.0710404   -0.172758  -0.0499582    0.320138   -0.277613  -0.0726166  -0.0379922   -0.130517  -0.0637228    0.286874   -0.280396   0.0374146     -0.2309   0.0775375    0.618418           0    0.338167    -2.42351 0.000914287     0.16891  -0.0178007    0.677257   -0.106798    -0.95035    -2.41469   -0.447023    0.318677   -0.451331
    1.06386   0.0398951    0.971993   0.0231197 -0.00631857   0.0533715  -0.0141302  -0.0146557  -0.0533829    0.311241   -0.289468 -0.00976278   -0.123163   0.0159845  -0.0522506    0.294876   -0.297944    0.100735  0.00167334   0.0235143   0.0796464    0.262531    0.489495    -2.35995   0.0719384    0.836919    0.245489    0.449626   -0.421498   -0.845871    -2.41389   -0.285826    0.740145   -0.386896
     1.07017    0.0343927     0.972137    0.0254791    -0.061519    0.0497113  -0.00583167    0.0918058   -0.0493898     0.258794    -0.288613    -0.015078    -0.115889     0.116914   -0.0423005     0.249102    -0.298985    0.0955048 -0.000826571    0.0227909     0.109812     0.282819     0.483137     -2.29845    0.0791119     0.811289     0.268739     0.430709    -0.419543     -0.78106     -2.36278    -0.250105     0.742556    -0.386121
   0.890196   0.0186613     1.01711   -0.448451   0.0114286    0.142694    0.502056   -0.273953   -0.121838    0.156578   0.0369341  -0.0826551    0.219895   -0.993453   -0.232489     1.23825   -0.300328   0.0361844    0.425906  -0.0510421   -0.290958    0.476012    0.404745    -1.68029   0.0525129    0.503183    0.233903 -0.00384644   -0.563474   -0.641275    -1.76198   -0.195964    0.446458   -0.298034
  0.757986  0.0154711   0.870283   -1.28524  0.0747259   0.740132    1.51262   -1.34844  0.0429329   0.248526   0.357032  -0.218124  -0.196329   -1.46927   -1.54564   0.932941  -0.102233 -0.0536987   0.523599  -0.439515   -2.01265   0.202261   -1.09647  -0.702757  -0.114464    1.03651   0.323137  -0.445635   -1.27722   -1.88989      0.292   -1.81351   0.954918    1.80211
  0.709515  0.0282057   0.867641  -0.215123    0.60239  -0.120458   0.959171   -1.32351   0.872352   0.744914  0.0783912  0.0934523  -0.692315   -1.88844  -0.916622   0.945249   0.257588 -0.0199089 -0.0351909  -0.504068   -2.99153   0.494909    -1.0765 -0.0536879  -0.067007    0.82462  -0.170354   -1.45517  -0.818505    0.41357  -0.931296   -1.27952   0.122946  0.0986832
  0.709508  0.0283201   0.867633  -0.215143   0.602459  -0.120513   0.959229   -1.32358   0.872538   0.744906  0.0783951  0.0936303  -0.692378   -1.88843  -0.916516   0.945091   0.257668 -0.0197011 -0.0351649  -0.504043   -2.99142    0.49477   -1.07673 -0.0537195 -0.0669222    0.82468  -0.170144   -1.45505  -0.818388   0.412971  -0.931185   -1.27827   0.123046  0.0979563
    0.675539  -0.00451743     0.954759    0.0229715     0.612243    -0.100041      1.01031     -1.53744      1.10987     0.591043      0.34622    0.0984609    0.0261531     -1.29248     0.124339 -5.63785e-18     0.676023    0.0912243    -0.336391    -0.496033     -2.77016     0.509527    -0.892278   0.00800983   -0.0901438     0.612583    -0.115199      -1.2149    -0.947827     0.405886     -0.96282     -1.61918   -0.0960633      0.32436
  0.835395   0.149181    1.05707   -0.28892   0.173848 -0.0965353   0.448966    -1.2378    0.35847    1.28837  -0.193175   0.179399   0.150734  -0.882552   0.159766   0.657211   0.060448   0.261799   0.054541   0.202634    -1.4978   0.451145  -0.479216  -0.624884  -0.411419   0.601123   0.760728   -3.22641   -2.12939    -2.4034  -0.670293    1.58112   0.781142       2.55
  0.792469  0.0113478    1.07952 -0.0255802   0.244202  0.0557638  0.0165378   -1.09594 -0.0758271   0.743203   0.105916 -0.0608722  -0.145608   -1.08857  -0.134468   0.772343  0.0773256  0.0527266  -0.203078  0.0653226   -1.83822   0.505478  -0.327279  0.0534353  -0.463143  0.0470159   0.625097   -0.28407   -1.26348  -0.476281   -1.01902  -0.869285   0.203744   -0.22687
 0.711434  0.115859   1.00384 -0.104955  0.476067 0.0681309 -0.232847  -1.43341 -0.291174  0.645328  0.314761 0.0422876 -0.365037  -1.26501 -0.324217   0.43489  0.373658  0.166416  0.141953  0.241525  -2.05583  0.463761 0.0188985  -0.18535 -0.208545  0.221679  0.255977 -0.349019  -2.00509 -0.592924 -0.888953  -1.20094  0.519562 0.0131198
  0.781664   0.172482    1.08199  -0.135716   0.317368 -0.0758544  0.0933247   -1.14238   0.149267   0.687456   0.138882    0.18045  -0.619143   -1.64596  -0.500462    1.11192   0.200766   0.261799   0.393787   0.403489   -1.47777    0.42107   0.320172  -0.367712  -0.250157  0.0552037   0.385113  -0.483737   -1.88281 -0.0411643   -1.05091  -0.980372   0.403494   -0.22911
   0.78167   0.172466      1.082  -0.135615   0.317439 -0.0759741  0.0933753   -1.14238   0.149464   0.687374   0.138913    0.18044  -0.619042   -1.64611  -0.500234    1.11193   0.200812   0.261799   0.393699   0.403619   -1.47767   0.421041   0.320329  -0.367876  -0.250365  0.0553312   0.385195   -0.48374   -1.88277 -0.0411722   -1.05094  -0.980419   0.403555  -0.229046
  0.966013   -0.14499    1.10209  -0.162194   0.473556  0.0634221   0.536446   -1.05777   0.226063   0.680728 -0.0774622  -0.218037  -0.153804   -1.82236  -0.545388    1.54752  -0.221314  -0.261117  -0.517399  -0.557666  -0.482784    2.62631   0.244056   -2.05032   0.907777    1.27026   0.833609   -0.83952   -1.31859   0.199994   -1.10743   -1.36921   0.117573  -0.510065
  0.800927  -0.133173    1.07033 -0.0538817    0.50241 -0.0651654   0.483465  -0.968209   0.321009   0.166268   0.350387  -0.189284  -0.352847   -1.91986  -0.664856    1.19309   0.193708  -0.261799  -0.186366 -0.0660086  -0.478737    2.11361   0.255209   -1.52699   0.696473   0.657488   0.782231   0.400053   -2.53475  -0.761373  -0.385935   -2.01264   0.328629  -0.178347
  0.904253   -0.15707    1.29791  -0.234613  -0.258113  -0.646352   0.602994  -0.138536   0.451921   0.982906  -0.285936  -0.261799   0.523599    -0.2764   0.558505    0.82134 -0.0411266 -0.0796229  -0.523599   0.993571    1.04942    2.86059   0.393632  -0.944473  0.0261141   0.431068    2.07667  -0.383692  -0.925776  -0.927605  -0.564945   -2.02522   0.320696    1.21608
 0.821316 -0.207968   1.24406  0.227131   0.22541 -0.292749  0.348615 -0.782976  0.430441  0.310327  0.305363 -0.261799  0.380819  -1.05381  0.558505  0.585308  0.278639 -0.111544 -0.393472  0.177601 -0.214337   1.47954  0.264942  -1.07661   1.04587 0.0522074 0.0324033   1.20588  -2.84994 -0.907709 0.0645931  -2.00864  0.124394 -0.359343
    0.763357    -0.028938       1.2072    -0.296255     0.462001      0.10272      0.61245     -1.31383     0.279862     0.334579     0.521294   -0.0859818     0.178025     -1.91986   -0.0922672     0.965396     0.481629 -0.000260982     0.380077     0.211995    -0.970366     0.973032    0.0107075     -1.01763     0.361112     0.132547     0.408613     0.552079     -2.59037    -0.686167    -0.344337     -1.56629     0.280525    -0.304084
    0.763349   -0.0289313       1.2072    -0.296294     0.461992     0.102755     0.612449     -1.31384      0.27984     0.334578      0.52134   -0.0859785     0.178042     -1.91986   -0.0922499       0.9654      0.48166 -0.000237748     0.380173     0.212001    -0.970384     0.972935    0.0108428     -1.01754     0.361033     0.132517     0.408572     0.552125     -2.59037    -0.686184     -0.34439     -1.56632     0.280434    -0.304099
  0.827785  0.0937128    1.26573   -0.36854   0.485533   0.053474   0.489651   -1.22404   0.245845   0.343862   0.408217   0.077034  -0.128219   -1.71329  -0.315179   0.825046   0.394964    0.16037   0.523599  0.0359914  -0.829913    1.51764 -0.0123932   -1.37075    0.23488   0.594656    1.01569   0.678878   -2.58399  -0.779257  -0.503485   -1.73893   0.112721  -0.187619
  0.827773  0.0936982    1.26573   -0.36857   0.485553   0.053467   0.489749   -1.22404   0.245907   0.343816   0.408253  0.0770188  -0.128182   -1.71328  -0.315219   0.824966   0.395009   0.160315   0.523599  0.0360092  -0.829929    1.51761 -0.0123313   -1.37077   0.234783   0.594615     1.0157   0.678892   -2.58397  -0.779276  -0.503517   -1.73896   0.112708  -0.187648
  0.805885  0.0748651     1.2979  -0.390907   0.460004   0.175612   0.335288    -1.8384 -0.0080484   0.878473   0.469801 0.00610748  -0.281139   -1.51723   -0.56694   0.551581   0.484709  0.0716861   0.523599 -0.0903704  -0.839221    1.51676 0.00103581   -1.30488   0.221935   0.515892   0.979841   0.748939   -2.63184  -0.794656  -0.427328   -1.76597  0.0576114  -0.208262
   0.805876   0.0748538     1.29789   -0.390939    0.460022    0.175615    0.335294    -1.83846 -0.00811659    0.878516    0.469818  0.00606142   -0.281087    -1.51726   -0.566929    0.551568    0.484744   0.0716693    0.523599  -0.0903624   -0.839261     1.51674    0.001083    -1.30491    0.221854    0.515877    0.979846    0.748931    -2.63183    -0.79467   -0.427361    -1.76599   0.0576171    -0.20829
   0.974526    0.164407     1.43996   0.0199662     0.24164 -0.00607612   -0.250889    -1.21567  -0.0959795     0.91681   0.0610014    0.145691   -0.410484    -1.15077   -0.149387    0.826757     0.09417    0.261799   0.0986763  -0.0483831    -1.26071     1.08568   -0.473811    -1.05718   0.0285282    0.611842    0.961037    -0.43243    -1.10062   -0.294832    -1.15393   -0.981972    0.192993    0.273609
   0.974511    0.164382     1.43999   0.0200566    0.241597 -0.00608545   -0.250723    -1.21588  -0.0955985    0.917295    0.060793    0.145817   -0.410477     -1.1508   -0.149283    0.826883   0.0941482    0.261799   0.0984491  -0.0485129    -1.26064     1.08567   -0.473715     -1.0572    0.027942    0.612188    0.961252   -0.432906    -1.10016   -0.294766    -1.15354   -0.981757    0.192927    0.273902
  0.973844   0.155241    1.43422  0.0115152   0.211733  0.0215126 -0.0206519   -1.88175    0.25106    1.56074    0.11293   0.253983  -0.427498   -1.17242  -0.191644   0.934176  0.0452858    0.24416   0.103089 -0.0932755   -1.25087    1.10082   -0.47343  -0.989218  0.0630923   0.561333   0.933382  -0.535743   -1.04613  -0.231935   -1.08064    -1.0263   0.196971   0.380641
  0.973841   0.155193    1.43423  0.0115791   0.211712  0.0213971 -0.0205827   -1.88181   0.250985    1.56085    0.11293   0.253833   -0.42731   -1.17252    -0.1914    0.93426   0.045317   0.244158   0.102919 -0.0933081    -1.2508    1.10089  -0.473422  -0.989209  0.0629291   0.561442   0.933395  -0.535975    -1.0458  -0.231847   -1.08046   -1.02618   0.196936    0.38077
    0.9279 -0.0124941    1.44172  0.0653941   0.402334  0.0881889    0.24784   -1.91986   0.270167    1.17776   0.328713 -0.0578795  -0.456074   -1.31358  -0.427264   0.719376   0.218336 -0.0207151    0.13237  -0.193831  -0.836986    1.81017  -0.393354   -1.02026   0.582665   0.143059    1.09694   0.958464   -2.91558    -1.3756 -0.0584439   -1.46411   0.218258 -0.0280795
  0.927908  -0.012481    1.44173   0.065435   0.402312  0.0881469   0.247845   -1.91986   0.270218    1.17783    0.32867 -0.0578578  -0.456104   -1.31356  -0.427249   0.719406   0.218318 -0.0206966   0.132379  -0.193795  -0.837104    1.81004  -0.393361   -1.02035   0.582518   0.142952    1.09689   0.958524    -2.9156   -1.37555 -0.0584367   -1.46409   0.218324 -0.0281496
  0.990347  0.0415745    1.56844  -0.128123   0.294983  0.0407103   0.179852   -1.58664  0.0467756    1.11692   0.172091 -0.0108058  -0.205646   -1.46793  -0.255024   0.986611   0.188062  0.0779098 -0.0422284  0.0282073   -1.20561   0.921848  -0.468718   -1.07445  -0.167666   0.522374   0.825986  -0.517693   -1.08988  -0.381806  -0.978373   -1.12321   0.137246   0.288281
  0.990298  0.0414893    1.56837  -0.127964   0.295023  0.0404928   0.179076   -1.58695  0.0456189    1.11731    0.17203 -0.0113471  -0.204638   -1.46845  -0.253646   0.987026   0.188129   0.078145 -0.0427047  0.0280638   -1.20584   0.921949  -0.468804   -1.07452  -0.167992   0.522944   0.825885  -0.518474   -1.08939  -0.381729  -0.978036   -1.12296   0.137302   0.288545
  0.981492  -0.121435    1.56111  -0.173648   0.430054   0.178931   0.504973   -1.51763   0.120121      0.677   0.377295  -0.251894  -0.150241   -1.54664  -0.496894   0.827998   0.258198  -0.209264   0.119312 -0.0613782  -0.940577    1.57486  -0.372285   -1.20316   0.254724   0.209606    1.03042   0.790099   -2.75075   -1.39606 -0.0152546   -1.47767   0.299493 -0.0198299
  0.981483  -0.121431    1.56112  -0.173708    0.43004   0.178989   0.505031   -1.51761   0.120145   0.676915   0.377344  -0.251864  -0.150327   -1.54658  -0.497061   0.827906   0.258221  -0.209292   0.119358 -0.0614136  -0.940638    1.57477  -0.372248   -1.20318   0.254577   0.209591     1.0304   0.790147    -2.7507   -1.39606 -0.0152966   -1.47771   0.299539 -0.0198454
     1.35548  -0.00122826      1.78233 -0.000595782     0.017421    0.0301185    0.0548577    -0.117392   -0.0293313      0.18532   -0.0869682   -0.0576443   -0.0549022    -0.155794   -0.0314119     0.273305    -0.133266    0.0505724 -0.000828284   -0.0245487   0.00309155     0.537416     0.538394     -1.98381     0.118169     0.655286      0.36424   0.00824191    -0.523752    -0.547279     -1.99699    -0.108621     0.662396    -0.364016
