2
4
   0.899993    0.150011 2.72273e-05
2.07919e-05 1.14816e-05     314.463    -4.57036     8.47096 3.25818e-06
0 0 1
5
   0.899991   -0.149991 2.19901e-05
-2.25939e-05 -1.24539e-05      315.834     -4.57036      8.47096  3.25818e-06
0 0 1
3
4
   0.899993    0.150011 2.73444e-05
-6.37307  10.6615  221.635  22.1651  16.4979  3.49762
0 0 1
5
   0.899991   -0.149992 2.21468e-05
-5.32396  10.6617  211.614  21.1631   16.498  3.49761
0 0 1
3
 1.4 -0.3    1
  11.697 -21.3233  197.048        0        0        0
0 0 1
4
4
   0.899993    0.150011 2.81011e-05
  -20.7772 -0.0262384    169.188  -0.060477    16.9187 -0.0121936
0 0 1
5
   0.899991   -0.149992 2.27737e-05
  -20.7808 -0.0262008    169.205 -0.0602799    16.9204 -0.0118147
0 0 1
3
      1.4 -0.300001         1
  20.7756 0.0262226    145.97         0         0         0
0 0 1
2
     1.4 0.300003        1
  20.7823 0.0262226   145.935         0         0         0
0 0 1
3
4
   0.899993    0.150011 2.88555e-05
-3.51793 -8.18991  210.819 -21.0809  10.9808 -2.84751
0 0 1
5
   0.899991   -0.149992 2.33987e-05
-4.37217 -8.19003   218.54 -21.8532   10.981 -2.84745
0 0 1
2
     1.4 0.300006        1
7.89011 16.3799 200.938       0       0       0
0 0 1
4
4
   0.899993     0.15001 3.08668e-05
-15.6209  1.85848  166.475  3.46276   16.647 0.169143
0 0 1
5
   0.899991   -0.149992 2.57539e-05
-15.5702  1.85851  165.446  3.46298  16.5442   0.1693
0 0 1
2
     1.4 0.300004        1
 12.7091 -1.52058  151.645        0        0        0
0 0 1
3
 1.5 -0.3  1.2
  18.482 -2.19642  146.731        0        0        0
0 0 1
3
4
   0.899994    0.150006 4.56226e-05
-4.1885 11.4667 219.649 21.9659 6.87726 5.75303
0 0 1
5
   0.899993   -0.149994 4.15236e-05
-2.46281  11.4669  210.279  21.0287  6.87708  5.75305
0 0 1
3
      1.5 -0.299999   1.20002
 6.65145 -22.9337   200.37        0        0        0
0 0 1
4
4
  0.899994   0.150006 4.7884e-05
-18.7323  1.74089  168.083  3.36984  16.8078 0.938652
0 0 1
5
   0.899993   -0.149993 4.35386e-05
-18.4507  1.74091  167.081   3.3702  16.7078 0.938733
0 0 1
3
    1.5    -0.3 1.20002
 18.8735 -1.74093  146.555        0        0        0
0 0 1
2
     1.5 0.299999      1.2
 18.3095 -1.74087  148.578        0        0        0
0 0 1
3
4
   0.899997    0.150012 6.84486e-05
-84.2243 -7.49343  256.706 -16.6339  25.6724 -14.5177
0 0 1
3
      1.5 -0.299993       1.2
37.7581 3.74693 191.783       0       0       0
0 0 1
2
    1.5 0.30001     1.2
46.4662 3.74686 181.809       0       0       0
0 0 1
4
4
   0.899997    0.150011 7.64124e-05
   -50.16  0.544177   185.702  0.425655   18.5699 -0.812458
0 0 1
3
  1.49999 -0.300004   1.20001
  42.3053 -0.460552   133.211         0         0         0
0 0 1
2
 1.49999 0.300013      1.2
  42.7909 -0.460548    133.47         0         0         0
0 0 1
5
        1 -0.149996  0.200007
-34.9363 0.376879  177.914 0.432823  17.7914 -0.81079
0 0 1
3
4
   0.899994    0.150003 7.75326e-05
-28.5728  30.2209  242.981  24.3013  24.2946  5.81528
0 0 1
3
  1.49998 -0.300015   1.20004
 43.7822 -47.4938  169.938        0        0        0
0 0 1
5
 0.999996 -0.150001  0.200013
-15.2098  17.2727  217.379  21.7379  21.7381  5.81313
0 0 1
4
4
   0.899994    0.150003 7.85681e-05
-60.1494  4.64019  191.919  8.29714  19.1903  3.35091
0 0 1
3
  1.49997 -0.300069   1.20006
 43.6147 -3.31509  130.452        0        0        0
0 0 1
5
 0.999995 -0.150001  0.200013
-42.1069  3.31501  181.015  8.30568  18.1015  3.35278
0 0 1
2
     1.6 0.299994      1.4
 58.6415 -4.64042  126.911        0        0        0
0 0 1
3
3
  1.49996 -0.300125   1.20007
 76.0619 -11.9565  152.641        0        0        0
0 0 1
5
 0.999994 -0.150001  0.200014
-170.187  32.8692  307.171  30.7177  30.7175  49.4623
0 0 1
2
     1.6 0.299988      1.4
94.1254 -20.913 170.486       0       0       0
0 0 1
4
3
  1.49996 -0.300133   1.20009
 55.9033 -3.19664  122.442        0        0        0
0 0 1
5
 0.999995 -0.149996  0.200015
-65.6236  3.90607  194.392  9.70915  19.4392  5.21285
0 0 1
2
 1.60001 0.299983  1.39998
 76.9095 -4.61573  116.188        0        0        0
0 0 1
4
0.999998 0.149999      0.2
-67.1892  3.90623  197.275  9.70777  19.7275  5.21284
0 0 1
3
5
 0.999996 -0.149971  0.200012
-28.5343    2.418  224.709  11.1676  22.4703   10.241
0 0 1
2
     1.6 0.299996      1.4
 60.1428 -4.83471  177.562        0        0        0
0 0 1
4
       1 0.150032 0.200011
-31.6079  2.41795  228.026  11.1691  22.8021  10.2398
0 0 1
4
5
 0.999987 -0.149959  0.200024
-56.7909  2.71196  189.102  5.25982  18.9103  1.46057
0 0 1
2
 1.59996 0.300006  1.39997
 56.5692 -2.71159  126.845        0        0        0
0 0 1
4
       1 0.150024 0.200019
-57.2319  2.71211  190.662  5.25644  19.0661  1.46163
0 0 1
3
  1.60001 -0.299962       1.4
 57.4527 -2.71167  123.688        0        0        0
0 0 1
3
2
 1.59996 0.300049  1.39994
  91.6973 -0.276445   158.256         0         0         0
0 0 1
4
0.999995 0.149994 0.200021
-170.564 0.554562  307.797 -10.0057  30.7792 -21.3925
0 0 1
3
  1.60003 -0.299936   1.39997
  78.8677 -0.277681   164.244         0         0         0
0 0 1
4
2
 1.59997 0.300091  1.39991
64.2733 -6.3631 123.996       0       0       0
0 0 1
4
0.999989  0.14998 0.200029
-76.7742  7.52037  202.539  12.3762  20.2535  1.61697
0 0 1
3
  1.60006 -0.299912   1.39993
 65.2432 -6.36321   116.56        0        0        0
0 0 1
5
     1.1 -0.15001 0.400021
-52.7411  5.20635  187.202  12.3758  18.7202   1.6165
0 0 1
3
2
 1.59997 0.300134  1.39987
82.7776 4.12442 161.446       0       0       0
0 0 1
4
0.999984 0.149966 0.200037
 -54.3287  -2.62458   239.997 -0.969051   24.0001   9.32041
0 0 1
5
     1.1 -0.15002 0.400043
 -28.4477  -1.49944   228.853 -0.970476   22.8861   9.31988
0 0 1
4
2
 1.59997 0.300144  1.39985
 31.4311 0.643348  139.303        0        0        0
0 0 1
4
0.999983 0.149966 0.200039
 -42.3566 -0.900878   180.702  -2.73862   18.0696  -2.89843
0 0 1
5
      1.1 -0.150019  0.400045
 -30.9998 -0.643426   175.461  -2.73931   17.5459  -2.89873
0 0 1
3
 1.69999 -0.29999  1.59999
 41.9252 0.901187  134.831        0        0        0
0 0 1
3
2
1.59997 0.30008 1.39985
  60.6406 -0.485684   173.392         0         0         0
0 0 1
5
  1.09999 -0.150021  0.400049
-176.069  1.33585  311.984  7.17342  31.1985   10.739
0 0 1
3
  1.69998 -0.299972       1.6
  115.428 -0.850857   144.921         0         0         0
0 0 1
4
2
 1.59996 0.300097  1.39983
  45.365 0.138906  130.787        0        0        0
0 0 1
5
  1.09999 -0.150015  0.400095
 -54.8579 -0.169523   189.058  -1.68987   18.9055  -2.75199
0 0 1
3
  1.69998 -0.299981   1.60001
 63.5306 0.201024  121.897        0        0        0
0 0 1
4
     1.1 0.150004 0.400023
 -54.0381 -0.170322   188.556  -1.68891   18.8556  -2.75853
0 0 1
3
2
 1.59998 0.300045  1.39984
82.9692  19.258 140.723       0       0       0
0 0 1
3
  1.69997 -0.300001   1.60001
97.1274 33.7288 177.029       0       0       0
0 0 1
4
 1.09999 0.149986 0.400021
-180.096 -52.9877  312.546 -31.2542   31.256 -61.1214
0 0 1
4
2
 1.59998 0.300055  1.39985
72.3675 2.07998 111.421       0       0       0
0 0 1
3
  1.69997 -0.299981   1.59999
88.4953  3.1216 110.619       0       0       0
0 0 1
4
 1.09998 0.149987 0.400022
-96.2835 -3.12078  211.205 -8.28111  21.1201 -6.14605
0 0 1
5
  1.19999 -0.149994  0.600002
-64.5795 -2.08056  197.052 -8.27141  19.7047  -6.1461
0 0 1
3
3
 1.69997 -0.29996  1.59997
 111.453 -9.53548  142.971        0        0        0
0 0 1
4
 1.09997 0.149987 0.400023
-68.9587  6.06826  252.146  4.99372  25.2137 -16.0128
0 0 1
5
  1.19998 -0.149987  0.600005
-42.4945  3.46746   235.18  5.00346  23.5179 -16.0134
0 0 1
4
3
 1.69996 -0.29995  1.59995
 69.1024 -3.49332  115.823        0        0        0
0 0 1
4
 1.09997 0.149983 0.400028
 -81.6575   4.12847   204.581   6.38015    20.457 0.0646663
0 0 1
5
  1.19999 -0.150002  0.600014
 -56.5171   2.85832   190.246    6.3846   19.0243 0.0658075
0 0 1
2
    1.7 0.29999 1.60002
 69.0721 -3.49372  119.648        0        0        0
0 0 1
3
3
  1.69996 -0.299941   1.59994
 109.053 -16.4033  136.316        0        0        0
0 0 1
5
  1.19999 -0.150017  0.600024
-212.599  32.8112  332.116  33.2138  33.2117  46.6514
0 0 1
2
1.69999 0.29998 1.60003
 103.546 -16.4081  161.866        0        0        0
0 0 1
4
3
  1.69995 -0.299933   1.59993
82.3245 -1.9683 108.052       0       0       0
0 0 1
5
 1.19998 -0.15002 0.600027
-81.9334  1.96873  205.137  4.37415  20.5131 0.892612
0 0 1
2
 1.69999 0.299973  1.60004
 81.8119 -1.96878  110.673        0        0        0
0 0 1
4
 1.19999 0.149993 0.600007
-82.2032  1.96827  206.436  4.37687  20.6434 0.887083
0 0 1
3
3
  1.69995 -0.299926   1.59991
131.648 -19.186  164.56       0       0       0
0 0 1
5
  1.19998 -0.150023   0.60003
-68.0134   9.5937  229.683  21.4432  22.9662 -14.6082
0 0 1
4
 1.19999 0.149986 0.600014
-63.6346  9.59226  236.055  21.4458  23.6042 -14.6248
0 0 1
4
3
  1.69994 -0.299936   1.59991
50.9046 -6.6387 123.227       0       0       0
0 0 1
5
  1.19996 -0.150006  0.600042
-58.6055  8.11682  189.156  18.2615  18.9149   7.0131
0 0 1
4
 1.19992 0.150021 0.600071
-60.7058   8.1152  194.585  18.2737  19.4597  7.00513
0 0 1
2
 1.79999 0.300078  1.80002
 68.4053 -9.59192  123.332        0        0        0
0 0 1
3
3
  1.69993 -0.299947   1.59991
 77.8146 -19.2275  143.905        0        0        0
0 0 1
5
  1.19994 -0.149989  0.600053
-167.842  52.8953  305.299  30.5357  30.5287  58.6715
0 0 1
2
 1.79998 0.300157  1.80005
 90.0262 -33.6664  181.095        0        0        0
0 0 1
4
3
 1.69991 -0.29995   1.5999
 56.8657 -6.31608  118.588        0        0        0
0 0 1
5
  1.19993 -0.149976  0.600062
-79.8064  9.47556  200.856  20.0856  20.0841  9.17299
0 0 1
2
 1.79999 0.300151  1.80004
 78.4433 -9.47727  117.277        0        0        0
0 0 1
4
 1.29998 0.150002 0.800015
-55.5028  6.31779  193.575  19.3604  19.3542  9.17095
0 0 1
3
5
  1.19992 -0.149964  0.600071
 -55.3634 -0.981077   241.687   5.20851   24.1668   14.6133
0 0 1
2
 1.79999 0.300146  1.80003
89.8229 1.54142 157.904       0       0       0
0 0 1
4
 1.29996 0.150004 0.800029
 -34.4597 -0.560338   230.706   5.17809   23.0679   14.6109
0 0 1
4
5
  1.19992 -0.149968  0.600079
-81.0395 -3.38061  204.066 -5.07741  20.4049 0.246609
0 0 1
2
 1.80001 0.300054  1.80006
68.5364 2.86051 116.491       0       0       0
0 0 1
4
 1.29996 0.149998 0.800041
-56.1725 -2.34093  190.203 -5.10988  19.0216 0.244075
0 0 1
3
  1.79999 -0.299997   1.79997
68.6757 2.86003 119.538       0       0       0
0 0 1
3
2
 1.80002 0.299962   1.8001
109.655 14.4189 137.069       0       0       0
0 0 1
4
 1.29996 0.149991 0.800052
-211.342 -28.8303  331.734 -33.1631  33.1872 -43.7285
0 0 1
3
  1.79999 -0.299994   1.79994
101.686 14.4103 161.494       0       0       0
0 0 1
4
2
 1.80002 0.299954  1.80004
 72.4808 -4.15364  117.517        0        0        0
0 0 1
4
 1.29993 0.149962 0.800081
-73.3109  4.15331  201.775  9.15608  20.1705  1.87176
0 0 1
3
  1.79993 -0.300021   1.79994
 73.5879 -4.15285  111.985        0        0        0
0 0 1
5
  1.29999 -0.149955  0.800025
-72.7589  4.15286  199.021  9.26072  19.9029  1.86091
0 0 1
3
2
 1.80003 0.299945  1.79998
98.4897 7.17028 150.187       0       0       0
0 0 1
4
 1.29991 0.149932  0.80011
 -51.144 -3.58414  239.407 -4.53494  23.9457  12.7079
0 0 1
5
 1.29999 -0.14991  0.80005
-47.3468 -3.58646  240.704 -4.36961  24.0669  12.6772
0 0 1
4
2
 1.80003 0.299922  1.80001
57.7407 5.38311 119.898       0       0       0
0 0 1
4
 1.29991 0.149948 0.800125
-67.1333 -6.57753  194.593 -15.3878   19.473 -6.63923
0 0 1
5
  1.29999 -0.149916  0.800058
-69.1349 -6.58126  199.123 -15.2581  19.9086 -6.66083
0 0 1
3
  1.89999 -0.299997   1.99997
78.5275 7.77554 116.683       0       0       0
0 0 1
3
4
 1.29991 0.149964  0.80014
-43.4714  1.95519  236.158 -1.27099  23.6161 -12.1355
0 0 1
5
      1.3 -0.149922  0.800066
-47.1205  1.95246    236.5 -1.16065  23.6509 -12.1516
0 0 1
3
  1.89999 -0.299995   1.99994
 90.5919 -3.90778   157.64        0        0        0
0 0 1
4
2
1.89999 0.30002       2
  31.6025 0.0978795   139.967         0         0         0
0 0 1
3
      1.9 -0.299995   1.99998
  31.5699 0.0978755    140.08         0         0         0
0 0 1
4
 1.29998 0.150011 0.800028
  -31.5794 -0.0981796    175.097  -0.192147    17.5096  -0.053873
0 0 1
5
  1.29998 -0.150006  0.800067
  -31.5932 -0.0979208    175.154  -0.192479    17.5152 -0.0513578
0 0 1
