0
0.221824
0
0
0
0
0
0
0
0
0
0
0
3.00028
0
3.00061
0
0
0
0
0
3.00036
0
3.00183
0
3.00042
0
0
0
0
3.00121
0
0
0
3.00138
0
3.00248
0.0130198
0
0
0
0
0
3.00082
0
0
0
0
3.00155
0.262528
0
3.0008
3.00036
3.00163
2.37561
0
0
3.00237
3.00086
3.00043
3.00536
1.90553
0
0
0
0
0
3.00384
0
0
0
0
0
0
0
0
0
3.00112
0
0
0
0
0
3.0021
0
3.00692
3.00148
0.50313
0
0
0
0
3.00037
3.00011
0
0
0
0
3.00112
0
0
0
0
0
0
3.00013
0
3.00097
0
0
0
3.00097
0
0
3.0011
3.00021
3.00071
0
3.00133
3.00198
3.00069
3.00035
3.01168
3.00104
0
0
0
0
0
0
0
0
3.00086
3.00126
0
0.729597
3.00775
2.17444
3.00016
3.0021
0
0.60689
3.00057
0.442741
0
3.00089
3.00057
2.60589
0
0
3.00108
1.07099
0
0
0
0.438723
0.119712
3.00091
0
3.00633
3.00068
0.665626
0
3.00019
3.00095
0
0
3.00074
0
3.00198
3.00146
0
3.00056
0
3.0012
0
0
3.00006
0
0
0
0
0
3.00059
0
0
0
3.00412
3.0001
0
0
0
3.00223
3.0013
3.00082
1.37262
3.00035
0
0
3.00142
3.0015
0
3.00209
0
3.00012
3.00101
0
3.00102
3.0015
0
3.00005
3.00063
0
3.01058
0
0
3.00095
3.00127
3.00086
0
3.00138
3.00218
0
0
0
0
3.0024
3.00109
3.00161
3.00025
3.00103
3.00146
0
0
3.00084
0
0
0
0
3.00055
3.0087
3.00165
0
3.00135
0
3.00063
0
0
0
3.00063
3.00067
0
0
0
3.00039
0
3.00121
0
1.69882
0
0
3.002
3.00072
0
3.0013
3.00096
0
0
0.134955
0
0.878737
0
3.00045
0
0
0
3.00073
3.00035
3.00127
0
0
3.00062
0
0
3.00121
0
3.00106
0
1.22639
3.00109
0
0
0
3.00188
3.00108
3.00236
0
3.00203
0
3.00134
3.00153
0
3.00068
0
0
0
3.0013
3.00131
0.0415054
0
0
0.501415
0
3.00119
3.00025
0
0
3.00089
0
3.00058
3.00022
0
3.00129
0
