    0.251611 -0.000849811      1.04237   -0.0151705    -0.371729  -0.00205272     0.911728    0.0155281      1.11786     0.188712    -0.816631     0.261799    -0.868397     0.028154     -1.12254     0.167069    -0.811616    -0.261799    0.0637739    -0.128823      1.45446      2.19746    -0.788976     -1.03031     -1.56239    -0.582533     -0.95101      1.20067     -2.54165     0.738825     -1.05633      1.58633    -0.797895      1.14051
    0.251609 -0.000851031      1.04237   -0.0151793    -0.371732  -0.00205983     0.911737    0.0155332      1.11786     0.188708    -0.816627     0.261799    -0.868387    0.0281505     -1.12254     0.167069    -0.811617    -0.261797     0.063767    -0.128821      1.45449      2.19748    -0.788967     -1.03031      -1.5624    -0.582575    -0.950968      1.20065     -2.54163     0.738817     -1.05633      1.58633     -0.79784      1.14054
    0.258335   -0.0867933      1.12637      0.13401    -0.375023    0.0880635     0.905239   -0.0582469      1.09971     0.161921    -0.648142     0.246242    -0.814355     0.160721     -1.16895 -1.30104e-18    -0.858914    -0.245226    -0.220674    -0.157852      1.59386      2.09653    -0.766345     -0.91417     -1.66798    -0.599246    -0.852623      1.58283     -2.62204     0.435277     -1.21093      1.61155    -0.823882     0.763665
    0.259023    -0.086951      1.12649     0.131165    -0.375544    0.0891815     0.909325   -0.0598099      1.09859     0.163657    -0.648532      0.24551    -0.811005     0.164024     -1.17177 -1.73472e-18     -0.85993    -0.243323    -0.218306    -0.159922      1.59437      2.09696     -0.76811    -0.915943     -1.66913    -0.598131    -0.850046      1.58307     -2.62333     0.436425     -1.21386      1.61212    -0.822955      0.76104
    0.266174   -0.0038757      1.23367   -0.0894179    -0.244928  0.000907724     0.917404   -0.0529507      1.20145            0    -0.700714     0.261799    -0.713621  -0.00854573     -1.23144 -1.73472e-18    -0.733966    -0.261799    0.0835044    -0.126002        1.603      2.03108    -0.401035     -1.34954     -2.20768     -0.96341    -0.250096        1.606     -2.36439     0.383877     -1.28264      2.01287    -0.923597      0.36252
    0.267505  -0.00719612      1.23656    -0.100248     -0.24316  -0.00185177     0.983266   -0.0750802      1.20642     0.115621    -0.757246     0.261799     -0.69692  -0.00779544     -1.23243 -1.73472e-18     -0.74054    -0.261799     0.090644    -0.139541        1.603      1.99374    -0.395216     -1.34655     -2.23277    -0.972323    -0.245527        1.606     -2.37111     0.357725     -1.28372      2.02138    -0.942202     0.366964
   0.423836   0.0291689     1.22434   -0.272954   -0.571069   -0.515346     1.07625    0.901299     1.46456           0   -0.755931   -0.261799   -0.879793 -0.00528048   -0.803536    0.261803   -0.820593  -0.0340103   0.0887368    0.471994       1.603     2.85131   -0.829785    -1.93662    -2.03243   -0.818301  -0.0837262    0.660544    -1.64216    0.924203   -0.676006     2.12935   -0.682682     1.41346
  0.269421 -0.0118113     1.2409  -0.132809  -0.342358  -0.108514     1.0771  0.0840468     1.2026   0.248349   -0.83521   0.204907  -0.668434  0.0104132   -1.09346          0   -0.74374  -0.261799 -0.0153339   0.124254      1.603    2.58483  -0.729665   -1.44265   -1.82755  -0.804912  -0.315685    1.21766    -1.9562   0.461876  -0.953572    1.99161  -0.789357    1.02947
  0.285899 -0.0960486    1.33055  0.0058968   -0.40095  -0.158255    1.09327   0.203401    1.22769   0.268397  -0.716775   0.131574  -0.701286  0.0404112  -0.992717          0  -0.866043  -0.261799  -0.300749   0.360266      1.603    2.59247   -0.80567   -1.30861   -1.87371  -0.849521  -0.333487   0.790434   -1.47516    0.58221   -1.14085    2.48856   -1.05028   0.789089
   0.510165  -0.0789493     1.31657 -0.00933237   -0.632451   -0.164385     1.31642    0.614919     1.09917     0.31119   -0.759979   -0.261799    -0.92945     0.50297    -1.17833           0   -0.872665    0.261799   -0.236212    0.163847       1.603     2.20167    -1.00924    -1.88967       -2.55    -1.10863    0.270264    0.707127    -1.89375      1.0133    -1.62467        2.55    -1.04237     0.58627
     0.53002   -0.0192497      1.40152    -0.620242    -0.453731     -0.21776      1.65806     0.414015      1.24233  8.67362e-19    -0.618185    -0.261799    -0.321176      0.57766      -1.4246 -4.03323e-17    -0.790102     0.261799     0.186422    0.0322998      1.39082       2.2437     -1.06385     -2.23117     -2.51749       -1.562     0.392539     0.201199     -1.22468      1.97596    -0.935827         2.55    -0.665446      0.14472
   0.496558  -0.0297412     1.41329    -0.53741   -0.582424   -0.129596     1.65806    0.266227     1.06709    0.196923    -0.73161   -0.187467   -0.386838    0.703713    -1.44468 -2.1684e-18   -0.809761    0.261799    0.148239  -0.0399021     1.25201     2.08389   -0.891039    -1.92726       -2.55    -1.55082  -0.0844575    0.278722    -1.33204     1.65495    -1.08971        2.55   -0.873625    0.453266
   0.50161 -0.0171256    1.40285  -0.598326  -0.701797  -0.298554    1.65806   0.502901   0.989091          0  -0.656478  -0.261799  -0.527419   0.758659   -1.20591          0  -0.805416   0.261799   0.254762  0.0538604   0.824756    2.46906  -0.979417   -1.88283   -2.37082   -1.23809   -0.71468   0.477203   -1.47783    1.37988   -1.21536       2.55  -0.986743   0.689916
   0.271897  0.00114342     1.44002   0.0580965   -0.227314 -0.00975854    0.875116   -0.064424     1.24982    0.276496   -0.872665    0.261799   -0.911122  -0.0737358    -1.21584   0.0747417   -0.750417   -0.261799   -0.152609   0.0486318    0.666475     2.08061   -0.887844    -1.59417    -2.41212    -1.32606   -0.457148     0.22917    -1.58776     1.21072    -1.08818        2.55    -1.11142    0.613711
  0.256532 0.00824743    1.43353    0.15739  -0.314615 0.00459571   0.637134  0.0586935    1.19847          0   -0.74684   0.261799   -1.01507 -0.0391885   -1.13806  0.0474791  -0.709787  -0.261799  -0.171293 0.00595274  0.0729634    1.74751   -1.29455   -1.29601   -2.54197   -1.32448  -0.730192    0.23465   -2.00429   0.863637   -1.09426    2.35622   -1.10961    1.25007
  0.515033 -0.0130649    1.42517  -0.341591  -0.579135  -0.159614    1.48149    0.47631    1.13662   0.244034  -0.815117  -0.261799  -0.658793   0.607076   -1.29399          0  -0.786483   0.261799   0.422185  -0.253333   0.138805    1.41972   -2.27303   -1.29654      -2.55  -0.820602  0.0461976  -0.105979   -2.50332    0.88084   -1.85648    2.43549   -1.46255    1.49024
  0.51225 0.0645729   1.47616  0.291104 -0.406813  0.049509  0.496306  0.516764   1.53675         0 -0.856773 -0.261799  -1.41809  0.286854  -1.26248  0.166512 -0.682564  0.183522  0.126949   0.12192 -0.119114   1.11948  -2.14473  -1.03749     -2.55 -0.891701 -0.103537 -0.256227  -3.25797   1.46446  -2.14178      2.55  -1.14096   1.27558
  0.326509  0.0263171    1.48985  -0.455458  -0.428584 -0.0836762    1.29711   0.112283    1.10803  0.0566336  -0.770416   0.109751  -0.480295   0.262902     -1.238   0.121606  -0.795563  -0.110843   0.260518 -0.0632086    1.05347    1.98281  -0.505821     -1.642   -2.46153   -1.53249  -0.548256 -0.0363898    -1.5958      1.485  -0.755743    2.29388  -0.831249    1.13736
 0.508682 0.0502728    1.4778  0.195271 -0.581674    0.1375  0.769918  0.565241   1.27161 0.0578302 -0.872665 -0.261799  -1.32344  0.527208  -1.16868  0.113854 -0.701696  0.247929 0.0844676 -0.207707  0.666598   1.81659  -1.39337   -1.4829     -2.55 -0.766814 -0.361744  0.046943  -2.71895   1.11457  -1.88751   2.42528  -1.25506   1.24735
  0.513049   0.045115    1.48037    0.11206  -0.585254    0.12138   0.877321   0.531914    1.23789   0.083088  -0.872665  -0.261799    -1.2508   0.564988   -1.18964   0.147862  -0.735946   0.261799   0.161221  -0.191391    0.77017    1.82513   -1.24136   -1.45515      -2.55  -0.768504  -0.402156 -0.0100165   -2.77515    1.21364   -1.97093    2.45179   -1.26169    1.20615
 0.256111 0.0569528   1.43853  0.528989 -0.340748 -0.021029  0.183011  0.164755   1.33222         0 -0.837778  0.261799  -1.50966 -0.243245  -1.09295         0 -0.496082 -0.261799 -0.450003  0.279477  0.505376   2.15151 -0.602468  -1.38585  -2.26993  -1.26609  -1.07205 -0.385487  -2.13911   1.29301 -0.824023   2.33539 -0.972846   1.67648
  0.487097  0.0572424    1.49102 -0.0346351  -0.478297  -0.116702   0.875228   0.590995    1.46431  0.0735801  -0.872665  -0.261799   -1.07712   0.268892   -1.16897   0.166552  -0.741801   0.133544  0.0553724   0.183041   0.779246    2.52688   -1.14822   -2.03659   -2.43889  -0.994345  -0.293076   0.255667   -2.39438    1.76358   -1.47676    2.40424  -0.596233   0.728468
  0.524625  0.0399593    1.48571 -0.0454108  -0.495577  0.0530024    1.01779   0.447935    1.29713   0.132331  -0.872665  -0.261799   -1.10223   0.526851   -1.28466   0.253436  -0.807329   0.261799 -0.0570593  0.0506648   0.675318    3.01841   -1.39795   -1.99399   -2.28168    -0.5925  -0.603573   0.131159   -2.19669    1.98211   -1.39695       2.55  -0.513892   0.521804
  0.285358   0.042514    1.48622 -0.0332993  -0.134809   -0.04279   0.839938 -0.0719392    1.31994   0.127215  -0.861508   0.261799  -0.975602  -0.187896   -1.29916   0.253577  -0.774618  -0.261799  0.0106504   0.207856   0.307983    2.70869   -1.00974   -1.69752   -2.08436   -0.97596  -0.877594   0.143281   -2.33611    1.90388   -1.34805    2.25327  -0.500993   0.543476
  0.249636  0.0161164    1.52892   0.318102  -0.379483  0.0266619   0.483667   0.134395    1.19085  0.0386071  -0.789784   0.261799   -1.26572 -0.0939332   -1.07027     0.2112  -0.755769  -0.261799  -0.362167  0.0992645   0.282952    2.16525  -0.804814   -1.29752   -2.31559   -1.29245   -1.25266  -0.608237     -1.708    1.55322   -0.69269    2.45202  -0.999495    1.48139
