    0.31676   0.0052737     1.02108    0.275557   -0.398448    0.476337    0.451829 -0.00224013    0.777137           0   -0.872665    0.261799   -0.886739    0.628499    -1.55895           0   -0.872665   0.0284465   -0.245088   -0.459981   -0.026751     1.46181    0.651841   -0.938342   -0.440012     1.43711    0.608684     1.31983    -2.51539       -2.55       0.292    -2.07792    -1.05425     2.10932
    0.318294   0.00574881      1.02156      3.40647     -2.75322      3.61244     0.456488   -0.0141552     0.784304 -2.31619e-14    -0.872067     0.261799    -0.875721     0.618125     -1.56979 -2.77556e-17    -0.872665     0.027314    0.0556283    -0.671697     -1.98731      1.99813     0.440354        0.298     0.973526    -0.819979     -2.06432     -2.02263    -0.552983        -2.55        0.292     -1.99594      1.45373    -0.477829
    0.308536     0.075363      1.09339    -0.714499    -0.399938     0.116533      1.34117    -0.199968     0.946749 -3.99262e-28    -0.872665     0.261799   -0.0856285     0.327968      -1.5708     0.137908    -0.872665    -0.109707     0.523599     0.447525      1.08987      3.12992      1.02259    -0.415122     0.622396        1.478      1.06307        1.498     -0.85437     -1.22133        0.292      -1.2111     0.300027    -0.218684
    0.275808    0.0615171      1.08899    -0.451408    -0.779638     0.294341      1.14145   -0.0908506      0.54217 -1.77139e-27    -0.872665     0.261799    -0.265319     0.805514      -1.5708     0.146567    -0.872665   -0.0222245     0.523599    -0.691413     0.517694      1.68055     0.142664    -0.971609     0.412691        1.478       1.2603      1.60448     -2.49997    -0.868831     0.211416     -0.83914      1.02815    -0.802497
    0.38923   0.0889267     1.02691      25.434  -0.0514053     26.0954    0.119833   -0.376991    0.386576 1.08759e-17   -0.872665    0.261799    -1.59969     1.21261     -1.5708    0.578493   -0.872665    0.261763   -0.499719    -1.21869    -2.27397     1.34256   -0.210339   -0.504274    -1.60137     1.15188    0.129748     1.39107    -2.58286     -0.9253       0.292    -0.96215     0.88012    -0.55394
    0.38918   0.0888932     1.02696     25.4339  -0.0519417     26.0954    0.120266   -0.376729    0.386489 1.53514e-17   -0.872665    0.261799    -1.59912     1.21264     -1.5708    0.578202   -0.872665    0.261753   -0.499046    -1.21885    -2.27201     1.33992   -0.196286   -0.504608    -1.61346     1.14877    0.129766     1.38785    -2.58512   -0.957055       0.292   -0.925039    0.874674   -0.559493
   0.318747  0.00618173     1.22194    0.260612   -0.383847    0.465586    0.457647   -0.017336    0.790143           0   -0.872665    0.261799   -0.872741    0.610261     -1.5708 8.67362e-19   -0.872665   0.0252484   -0.385872   -0.265606     1.02794     2.22879    0.852402   -0.642208    0.370147       1.478    0.901068   0.0845131   -0.656188    -1.06207    -1.39294    0.906335     1.24681   -0.620737
    0.318747   0.00618173      1.22194     0.260612    -0.383847     0.465586     0.457647    -0.017336     0.790143            0    -0.872665     0.261799    -0.872741     0.610261      -1.5708 -5.89806e-17    -0.872665    0.0252484     -0.38594    -0.265594      1.02799      2.22892     0.852413      -0.6421     0.370154        1.478     0.901025    0.0849031    -0.656382     -1.06175     -1.39273     0.905964      1.24712    -0.621059
    0.328376 -0.000258388      1.21825     0.325517    -0.430116     0.526707     0.441191    0.0422358     0.749997            0    -0.872665     0.233264    -0.928206     0.715012      -1.5708            0    -0.872665    0.0783715    -0.123932    -0.560791    -0.922571      1.61041      1.36598     0.226926      1.03103    -0.958853     -2.09588      1.30289     -2.79067     -0.82786        0.292    -0.700359      1.13484    -0.591137
   0.318145 -0.00545556     1.22129   -0.266958   -0.390517   -0.474656    0.876643    0.623257      1.5708 1.38778e-17   -0.872665  -0.0289397   -0.456115  -0.0134705   -0.780397 1.73472e-18   -0.871413   -0.261799    0.247473    0.306192    -0.52663     1.32617    0.417202    -1.04388    -0.72493       1.478    0.441308      1.5305    -2.40618    -1.06786       0.292   -0.784167    0.930497   -0.669155
  0.274906  0.0600345    1.28811  -0.420757  -0.798843    0.32032    1.12456 -0.0841786   0.517835          0  -0.872665   0.261799  -0.284878   0.836578    -1.5708   0.147862  -0.872665 -0.0141861   0.523599  -0.680678  -0.219314    1.15997   0.484664  -0.828852  -0.598812    1.36118   0.803926      1.606   -2.52523    -1.0214      0.292  -0.669544   0.987574  -0.782421
    0.308515    0.0753578      1.29337    -0.714607    -0.400039     0.116508      1.34129    -0.199993     0.946701 -6.23416e-15    -0.872665     0.261799   -0.0855204     0.328047      -1.5708      0.13791    -0.872665    -0.109725     0.523599     0.447291      1.09232      3.12984      1.03128    -0.412553     0.614131        1.478      1.06097      1.49846    -0.854833     -1.22959        0.292     -1.20116     0.298288    -0.220923
     0.28385    0.0631761      1.28889      24.3438     -0.21372       25.038      1.43811   -0.0482346      1.16626 -9.23995e-26    -0.872665     0.261799   0.00646959    0.0282087     -1.29295      0.04244    -0.816256    -0.261799     0.511494     -0.29842     -2.59952      0.33337      1.65089    -0.772313    -0.855014     -1.12636      -2.4279      1.59204     -2.22798      0.25862    -0.238479     0.915002    -0.726586      1.98514
   0.295156   0.0708146     1.29299     21.3209    -2.64645     22.1058     1.29623   -0.154909    0.854629 2.88239e-27   -0.872665    0.261799    -0.05221    0.428447     -1.5708           0   -0.802709    -0.10554    0.523599   -0.676618     1.13458     2.63198    -2.30615   -0.860105       -2.55    0.881178    0.303217    -1.59242    -1.00011       -2.55  -0.0858607    -2.43857    0.956562    -1.03305
    0.349253    0.0177622      1.38954     0.608579    -0.193429     0.731522    0.0729786   -0.0320017     0.624895 -5.55979e-15    -0.868414     0.261799     -1.43219     0.861702      -1.5708     0.134183    -0.852062     0.152255    -0.523599      -1.2165     -2.20474      2.03074     0.547072    -0.732617     -1.99745     0.504417     0.165575     -1.74922    -0.517656      2.18635    -0.406383         2.55     -1.36432      2.01149
    0.314403 -0.000520363      1.41585      3.45738     -2.70534       3.6859     0.446205    0.0129253     0.708449 -2.81893e-18    -0.861361     0.261799    -0.906601     0.718732      -1.5708            0    -0.872665    0.0566454    -0.082111    -0.975578     -2.39389      2.03623     0.466031    -0.402252     -2.37712     0.582364     0.618688      1.08105     -3.32315     0.464652     -1.00195      1.36075     -1.15746       1.5688
   0.316432  0.00194573     1.41866    0.297542    -0.41605    0.514354    0.451424 -0.00202759    0.739839   0.0131832   -0.872665    0.261799   -0.897114    0.678165     -1.5708           0   -0.872665   0.0458016    -0.24361   -0.345874    -1.30109     1.07046    0.777666   -0.300443     -1.8429     1.03571    0.736574   -0.796929    -1.25634   -0.212458    -0.92809    0.847119     1.44196    -0.44529
   0.316432   0.0019457     1.41866    0.297542    -0.41605    0.514354    0.451424 -0.00202764    0.739839   0.0131834   -0.872665    0.261799   -0.897114    0.678165     -1.5708           0   -0.872665   0.0458017   -0.243668   -0.345826    -1.30089     1.07064    0.776206   -0.300278    -1.84132     1.03594      0.7365   -0.796597    -1.25663   -0.212261   -0.928041    0.846591     1.44209   -0.445504
    0.290802    0.0564509      1.48692        17.99    -0.231979       18.621      1.52288      0.11906      1.20751 -5.14422e-20    -0.872665     0.183033    0.0870033    0.0702493     -1.17717            0    -0.796099    -0.261799     0.523599     0.220165     0.473284      3.12052    -0.264389      -1.3017     -1.76372       -1.562     -1.70856     -2.13476     -1.92671     -2.54704    -0.298007      -1.8008     0.593727       -1.186
   0.343169   0.0394267     1.47395     17.9377   0.0712429     18.5146     1.65806    0.300875      1.5708   0.0305086   -0.860695   0.0573955    0.216875   -0.195502    -1.03621 1.38778e-17   -0.779909   -0.261799    0.523599   0.0710626    -1.77147    0.230288    0.300117      -1.912     1.15602   -0.739971        2.55    -2.28026    -1.59374       -2.55   -0.654595      -1.648    0.454436    -1.48061
  0.451497  0.0566772    1.48842    43.0786 -0.0835669    43.7855    1.60576   0.269894     1.5708          0  -0.872665  -0.118046   0.131799   0.115483   -1.39291          0  -0.818244 0.00730581   0.523599  -0.413133   0.661695    2.73788    2.47872   -1.09291    1.53478    -1.3137       2.55     -3.359   -1.82794      -2.55  -0.820265  -0.657326   0.815241   -1.31535
 0.375404 0.0801895    1.4398   15.9982  -2.95274   16.6782  0.231731 -0.310491  0.364525         0 -0.872665  0.261799  -1.45278   1.21873   -1.5708  0.504558 -0.872665  0.255671 -0.245811  -1.21961 -0.518376   2.37373  -1.05207 -0.490978  -2.08987  -1.12711     -2.55  0.433398  -2.40794 -0.262833  -1.06841 -0.685895     1.508  -1.06835
   0.314055 -0.00442514     1.61349    0.349515   -0.452602    0.583023    0.444119   0.0121539    0.673456   0.0340175   -0.872665    0.261799   -0.932058    0.766809     -1.5708           0   -0.872665   0.0730507   -0.331103   -0.594673     -1.0607     1.29525    0.969557   -0.240247    -1.89662     1.01386    0.757983   -0.428259   -0.800291   -0.312602    -1.12085    0.988722     1.43184   -0.691228
  0.386654 -0.0208936    1.60436   0.498513  -0.494845   0.671483   0.424757   0.196324   0.718582          0  -0.872665   0.107056   -1.13097   0.964135    -1.5708  0.0101128  -0.872665   0.261799  -0.523599  -0.680614   -1.11085    1.53507    0.17631  0.0704964   -1.31639   0.993604   0.833636  -0.592983    -0.6839   -0.20496  -0.904547    1.04827    1.35684  -0.677511
  0.399626 0.00277365    1.58792    0.63976  -0.219149   0.751078   0.119862  0.0514938   0.689141          0  -0.872665   0.155072    -1.4986   0.961783    -1.5708   0.162316  -0.872665   0.261799  -0.523599  -0.498729    -1.3897    1.39071   0.407899  0.0570356    -1.5024   0.927119   0.827736   -1.24416   -1.07506 -0.0691628   -1.08413    1.16039     1.4467 -0.0644677
  0.399626 0.00277627    1.58791   0.639771  -0.219123   0.751081   0.119833  0.0514791    0.68914          0  -0.872665   0.155078   -1.49864    0.96178    -1.5708   0.162331  -0.872665   0.261799  -0.523599  -0.498703   -1.38969    1.39068   0.407928  0.0570113   -1.50239   0.927119   0.827733   -1.24422    -1.0751 -0.0691408   -1.08412    1.16044    1.44676 -0.0644471
  0.339955 -0.0473499    1.68408   0.820554  0.0198098   0.357499   -0.11348  -0.177121    1.02124          0  -0.776429   0.261799   -1.51587   0.323185    -1.5708          0  -0.872665 -0.0509072  -0.523599     0.1474   -1.18438    1.16766   0.568332  0.0187318   -1.29359   0.672637    1.10834   -1.47046   -1.25297  -0.173764   -2.12852    1.26228    1.39882   0.836076
    0.339953   -0.0473516      1.68408     0.820551    0.0197936     0.357526    -0.113473    -0.177106      1.02122 -2.22045e-16    -0.776424     0.261799     -1.51587      0.32322      -1.5708            0    -0.872665   -0.0508856    -0.523599     0.147667     -1.18426      1.16721     0.568733    0.0182173     -1.29345     0.672492      1.10773     -1.46929     -1.25631    -0.172914     -2.12855      1.26086      1.40189     0.835229
    0.343782   -0.0692536      1.68176      16.5038     -3.08616      15.5947   -0.0304579   -0.0585869       1.5708 -2.91434e-16    -0.805603     0.159397     -1.46519    -0.274394     -1.30035            0    -0.872665    -0.261799    -0.523599     0.812704     -1.54967      1.11496       1.4034        0.298     0.738787    -0.810534     -1.89438    -0.117362     -2.59295     -1.47407     -1.07356      1.04032      1.47965     0.489186
    0.384133   -0.0864472      1.62922      15.3797      -3.0561      14.7182       1.5715      1.23726       1.5708       0.5007    -0.839259    -0.261799    -0.121688    -0.338944    -0.354483 -8.51253e-14    -0.872665    -0.261799     0.426665      1.28973      1.17482      2.74197       2.0834        0.298    -0.547147     0.891135      0.86438    -0.167443     -2.45918      1.38911    -0.475243      1.52875      -1.0626         2.55
   0.377269  -0.0271664     1.80066    0.516884   -0.515986    0.716649    0.442314    0.175843    0.657767   0.0277088   -0.872665    0.126145    -1.12424     1.00832     -1.5708 1.38778e-17   -0.872665    0.261799   -0.523599   -0.118689    -1.00755    0.783599    0.476472    -0.14243    -1.70304     1.09014     1.01645   -0.283404    -1.37136   -0.355077   -0.472109    0.587288     1.28811   -0.658346
   0.377268  -0.0271669     1.80066    0.516886   -0.515987    0.716653    0.442315    0.175841    0.657763   0.0277111   -0.872665    0.126146    -1.12424     1.00833     -1.5708 1.38778e-17   -0.872665    0.261799   -0.523599    -0.11872    -1.00746    0.783577    0.476839    -0.14259    -1.70327     1.09021     1.01632   -0.283419    -1.37123   -0.355439    -0.47229    0.587665     1.28811   -0.658212
    0.31676   0.0052737     1.82108    0.275557   -0.398448    0.476337    0.451829 -0.00224013    0.777137           0   -0.872665    0.261799   -0.886739    0.628499    -1.55895           0   -0.872665   0.0284465   -0.245088   -0.459981   -0.026751     1.46181    0.651841   -0.938342   -0.440012     1.43711    0.608684     1.31983    -2.51539       -2.55       0.292    -2.07792    -1.05425     2.10932
