    0.31676   0.0052737     1.02108    0.275557   -0.398448    0.476337    0.451829 -0.00224013    0.777137           0   -0.872665    0.261799   -0.886739    0.628499    -1.55895           0   -0.872665   0.0284465   -0.245088   -0.459981   -0.026751     1.46181    0.651841   -0.938342   -0.440012     1.43711    0.608684     1.31983    -2.51539       -2.55       0.292    -2.07792    -1.05425     2.10932
    0.318294   0.00574881      1.02156      3.40647     -2.75322      3.61244     0.456488   -0.0141552     0.784304 -2.31619e-14    -0.872067     0.261799    -0.875721     0.618125     -1.56979 -2.77556e-17    -0.872665     0.027314    0.0556283    -0.671697     -1.98731      1.99813     0.440354        0.298     0.973526    -0.819979     -2.06432     -2.02263    -0.552983        -2.55        0.292     -1.99594      1.45373    -0.477829
  0.444557 -0.0387866    1.07266   0.884771  -0.861634   0.177787  0.0889477    1.04893     1.5708  0.0921083  -0.872665  -0.261799   -1.65806   0.242977  -0.819871          0  -0.872665   0.167319  -0.523599   0.541435  -0.639007    1.17343   0.107781   -0.54604  -0.684149    1.20817   0.631301  -0.332441   -1.08107  -0.560683   -1.23738   0.922226      1.508  -0.208283
    0.342984   -0.0465814      1.07788     0.789602     0.161018    0.0516227   -0.0547883      -0.3401      1.32044            0    -0.798801     0.261799     -1.50011   -0.0995118      -1.5708 -4.38818e-14    -0.872665    -0.215124    -0.523599     0.501703    -0.377656       1.2725     0.447132     -1.17183   -0.0342949      1.19547     0.878983     0.398518     -2.55223        -2.55     -2.00095      1.16889      1.15609      1.32211
    0.386712   -0.0872565      1.02955      15.4089     -3.06358      14.7431      1.57137      1.21409       1.5708     0.564088    -0.872665    -0.261109    -0.141364     -0.36401    -0.382256 -2.44804e-14    -0.872665    -0.261799     0.422274      1.13831      0.34467      2.09109     0.317163     -1.05857     0.450512        1.478     0.973436     0.172443     -2.53561      1.27556    -0.480173      1.24855     -1.07783         2.55
    0.501258   -0.0614482      1.08167     -30.5079    -0.402134     -31.2078   -0.0539863     0.566247      1.55325  1.38778e-17    -0.809276    -0.211043     -1.65806     0.353918     -1.34837 -3.96905e-15    -0.872665     0.261799    -0.523599     0.274303     0.251568      1.04739      1.21771     -1.06377    -0.346984       1.0807     0.430059      1.01567     -3.10805         2.55    -0.792225         2.55      1.10008    0.0232404
    0.352455   -0.0215798      1.19087    -0.597956    -0.170558    -0.712935      1.45549     0.839445       1.5708     0.181734    -0.872665    -0.148743   -0.0639482    -0.051457    -0.643114 -1.93259e-16    -0.872665    -0.261799     0.523599     0.508554    -0.213038     0.855576     0.821169     -1.81305     -1.01888        1.478      0.12299        1.606     -2.21734     -1.19823        0.292    -0.877438     0.845576    -0.576014
   0.315537 -0.00148708     1.21773   -0.299516   -0.422407   -0.521338    0.896433    0.688264      1.5708  2.1684e-19   -0.872665  -0.0477676   -0.449471  0.00497884   -0.731526           0    -0.86478   -0.261799    0.314202    0.479441   -0.142908    0.853861    0.526915    -1.33529   -0.861869       1.478     0.66988       1.606    -2.26284    -1.15915       0.292   -0.672696     0.90802   -0.674753
    0.356959    0.0248352      1.18681     0.621447     -0.12815     0.718169    0.0184884   -0.0683026     0.642023 -5.16134e-16    -0.872665     0.261799     -1.51948     0.843103      -1.5708     0.206712    -0.872665     0.152938    -0.523599    -0.451067    -0.736543      1.34123     0.303299    -0.665469     -0.59833      1.22671     0.563499        1.606     -2.75581      2.39918     -1.16755      1.93115     0.900976  -0.00878242
    0.318739  -0.00617254      1.22193    -0.260748     -0.38397    -0.465735     0.872842     0.610466       1.5708            0    -0.872665   -0.0253558    -0.457595   -0.0172374    -0.790021 -1.86309e-15    -0.872665    -0.261799     0.300989     0.248265   -0.0674791      1.39024     0.687132     -1.01318    -0.515887      1.47078     0.562732      1.34807     -2.48398        -2.55     0.217429     -2.10107     -1.05399      2.15531
   0.342977  -0.0465971     1.27785    0.789666    0.161235   0.0511536  -0.0547118   -0.340336     1.32092 1.38778e-17   -0.798808    0.261799    -1.50021   -0.100162     -1.5708           0   -0.872665   -0.215404   -0.523599    0.501584   -0.373782     1.27419    0.448622    -1.17273  -0.0318218     1.19579      0.8803    0.398415    -2.55334       -2.55     -2.0007     1.16909     1.15633     1.32245
    0.342978   -0.0465904      1.27786     0.789658     0.161138     0.051346   -0.0547617     -0.34023      1.32072            0    -0.798805     0.261799     -1.50019    -0.099894      -1.5708 -1.69303e-14    -0.872665    -0.215295    -0.523599     0.502037    -0.378328      1.27216     0.447226     -1.17184   -0.0343488      1.19538     0.878218     0.398235     -2.55325        -2.55     -2.00071      1.16893      1.15581      1.32284
    0.389328   -0.0889819      1.22681      5.98186   -0.0504573      5.32059       1.6007      1.21259       1.5708     0.579005    -0.872665    -0.261799    -0.119073    -0.377462    -0.386754 -3.23092e-17    -0.872665    -0.261799      0.23022     0.828223     -2.54952     0.313057      1.25023     -1.64071      -1.0077    -0.208104     -1.87535     0.370093     -2.29942     -1.01631   0.00629652    -0.222399       1.0573     -0.36252
    0.500542   -0.0625189      1.28213     -24.2196    -0.368106     -24.9143   -0.0602627     0.524267      1.53087 -4.15466e-16    -0.809574    -0.196164     -1.65806     0.365107     -1.38196  2.77556e-17    -0.872665     0.261799    -0.523599    0.0967744     -1.71249      1.37862       1.9814     -1.09754    -0.660499    0.0249835     -1.79437      0.88781     -3.15228         2.55    -0.389705         2.55      1.32803    -0.125545
    0.316497  -0.00514792      1.42095    -0.277719    -0.400436    -0.477903     0.888789      0.63106       1.5573            0    -0.872665    -0.028912     -0.45097 -0.000139603    -0.775312            0    -0.872665    -0.261799    0.0343561      1.13935     -1.92028     0.524224     -2.27243    -0.735899        -2.55       -1.562     -1.84585        1.606     -1.03531     0.513381     -0.11327     0.659877    -0.595594      2.44137
   0.409929  -0.0124591     1.37835   -0.686799   -0.102022   -0.751381     1.65037    0.954784      1.5708    0.228134   -0.872665   -0.261799 -0.00362124 -0.00350275   -0.696511           0   -0.872665   -0.159247    0.407167    0.459147     -1.8196           0     1.14283    -2.22401   -0.946039   0.0116155    -1.60841     1.05264    -2.03504    0.623796   -0.376198    0.934819   -0.693184     2.30406
  0.355135  0.0207251    1.39048   0.602295  -0.170506   0.716429  0.0633557 -0.0467689   0.644504 -1.249e-16  -0.872665   0.256293   -1.46208   0.847481    -1.5708   0.182141  -0.872665   0.155153  -0.523599  -0.452129   -1.22877    1.03127     1.0133  -0.571238   -1.76869   0.934175   0.482956   -1.09732   -1.32212 -0.0186677    -1.0895   0.897596      1.508  -0.192144
  0.355238  0.0206883    1.39046   0.602483  -0.170521   0.716599  0.0633299 -0.0465673   0.644537          0  -0.872665   0.256077   -1.46235   0.847839    -1.5708   0.182159  -0.872665   0.155427  -0.523599  -0.452386   -1.22843    1.03174    1.01385  -0.570962   -1.76865    0.93399   0.482844   -1.09872    -1.3214 -0.0179196   -1.08939   0.898503      1.508  -0.191733
  0.444522  0.0387656    1.47265  -0.884795   -0.86186  -0.177812    1.65806   0.242916   0.819628          0  -0.872665  -0.167282 -0.0889566    1.04915    -1.5708  0.0920774  -0.872665   0.261799   0.523599   -0.38152   -1.06844   0.569089   0.946226  -0.992413   -1.92471   0.985578   0.252134   0.557793    -1.5404  -0.386992  -0.880433  -0.154285    1.38749  -0.884984
   0.26432  0.0630028    1.48854   -29.0699   -2.79791   -28.4093    1.42699 0.00780016    1.04287          0  -0.872665   0.261799  0.0149314   0.164751   -1.25774          0  -0.795205  -0.261799   0.523599  0.0325666    1.20986    3.43963    -1.4708   -1.22177  -0.363405  -0.810391   -2.04902   0.452333   -1.41443  -0.717159  -0.289065  0.0350328   0.850023   -1.05968
    0.329373  -0.00552978      1.57766      27.4878     -2.83598      27.4482      1.65806     0.920614      1.30211    0.0881417    -0.847539    -0.148664   -0.0304418     0.169506    -0.564349 -1.31839e-16    -0.872665    -0.261799     0.523599     0.820205     -1.82991     0.702396        -2.55    -0.621433     -2.40213       -1.562     -2.02618     0.492025    -0.999674    -0.740956    -0.256119     0.326632      0.81032     -1.20473
   0.318748 -0.00618196     1.62194     6.02255   -0.383844     5.81758    0.872765    0.610279      1.5708           0   -0.872665  -0.0252519   -0.457626  -0.0173339   -0.790131           0   -0.872665   -0.261799  -0.0687639     1.34206    -1.77112    0.227762    -1.44385   -0.377087   -0.174457     1.44193     1.05458    -2.13295    -3.11259    0.549402   -0.287725     1.05417    0.325318   -0.974941
   0.355245  0.00509983     1.55093    0.779152  -0.0670214    0.906925   -0.114021  -0.0342779    0.474138           0   -0.818145    0.261799    -1.65806      1.0529     -1.5708 3.46945e-18   -0.735231    0.202964   -0.523599   -0.592209    -0.32644     1.21405   -0.529117  -0.0540974    0.360335    0.688229     1.14292    0.781483    -2.72364   -0.571265   -0.297974   -0.419098       1.508    -0.50536
  0.355245 0.00509831    1.55093   0.779152  -0.067023   0.906935  -0.114018 -0.0342793   0.474128          0  -0.818141   0.261799   -1.65806    1.05291    -1.5708          0  -0.735232   0.202967  -0.523599  -0.592204  -0.326433    1.21405  -0.529131 -0.0541505   0.360199    0.68823    1.14311   0.781489   -2.72363  -0.571259  -0.297968  -0.419096      1.508  -0.505356
   0.355657   0.0542915     1.62605    0.581655   -0.255782     1.13145    0.122127  -0.0512789    0.220413           0   -0.872665    0.260166    -1.53127      1.3488    -1.50042           0   -0.629926     0.25851   -0.523599   -0.624203   -0.785642    0.819061     0.60722   0.0946383     1.54404   -0.999145    -1.77883   -0.600156     -1.4798 -0.00780665   -0.863549    0.665959       1.508   -0.426455
 0.334851 0.0273226   1.59036  0.398432 -0.343235   1.30609  0.242876 -0.359953 0.0225265         0 -0.737593  0.256729  -1.65806   1.55334  -1.25094  0.383747  -0.85137  0.261799  0.523599 -0.509615 -0.697179  0.875396 0.0248433  -0.45754  -0.16752  0.622652   1.18398 -0.061186  -3.07372  -1.27825 -0.914232  0.883302   1.47767  0.568502
   0.33852  0.0513161    1.68076   -3.98313   -3.13245   -3.58714    1.53631   0.440824     1.5708          0  -0.872665  0.0074403   0.124077  -0.139085  -0.938479          0  -0.763768  -0.261799   0.523599   0.297362   -1.38601    0.76924 0.00403497    -1.8116   -1.48192      1.478  -0.409123  -0.129877   -1.52777   -1.07746   0.212485   -2.25603  -0.460159    1.98136
   0.389417   0.0890484     1.62671    0.301474  -0.0494735    0.962562    0.118213    -0.37788    0.386795 -3.1572e-16   -0.872665    0.261799    -1.60177     1.21259     -1.5708    0.579435   -0.872665    0.261799   0.0465592   -0.577095    -2.46584    0.694734     1.73012    -1.64641   -0.339506    0.115746    -2.18374     -3.1116    -1.21191     1.27078    -1.58919    0.870609       1.508    0.745297
    0.407577  -0.00882507      1.77075    -0.765253    -0.110524    -0.775135      1.65806     0.965174       1.5708    0.0593585    -0.778527    -0.261799    0.0443403    0.0585858    -0.685498 -1.19468e-15    -0.872665    -0.154999     0.515772     0.103279     -1.70579     0.522177       1.1257     -2.28307    -0.318234     0.243883     -2.18582      -1.0991    -0.875305     0.761025        0.292     0.182536     0.585344     -1.19304
    0.407575  -0.00882033      1.77074    -0.765333    -0.110539    -0.775157      1.65806     0.965183       1.5708    0.0591802     -0.77843    -0.261799    0.0443825    0.0586546     -0.68549 -2.00577e-16    -0.872665    -0.154993     0.515739     0.103425     -1.70579     0.521631      1.12588     -2.28287       -0.317     0.242968     -2.18714     -1.09884    -0.875482     0.760723        0.292     0.182659      0.58511     -1.19315
  0.385575 0.00600452    1.75806  -0.790152  -0.109964  -0.892272    1.65806    1.07758     1.5708          0  -0.751817  -0.261799   0.032357 -0.0124267  -0.536459  0.0913357  -0.872491  -0.202029   0.523599   0.528945   -1.71975   0.712018  0.0218547  -0.735585   -1.78203    1.33247  0.0946352  -0.146384   -1.40214   0.919636  -0.472198  -0.730227   0.833566   -1.34871
  0.385575  0.0060041    1.75806  -0.790151  -0.109964  -0.892277    1.65806    1.07758     1.5708          0  -0.751816  -0.261799   0.032374 -0.0123957  -0.536452  0.0912651  -0.872458   -0.20203   0.523599   0.528998   -1.71968    0.71198  0.0218647  -0.735667   -1.78201     1.3324  0.0946396  -0.146305   -1.40215   0.919646  -0.472161   -0.73027   0.833579   -1.34879
    0.31676   0.0052737     1.82108    0.275557   -0.398448    0.476337    0.451829 -0.00224013    0.777137           0   -0.872665    0.261799   -0.886739    0.628499    -1.55895           0   -0.872665   0.0284465   -0.245088   -0.459981   -0.026751     1.46181    0.651841   -0.938342   -0.440012     1.43711    0.608684     1.31983    -2.51539       -2.55       0.292    -2.07792    -1.05425     2.10932
