    0.31676   0.0052737     1.02108    0.275557   -0.398448    0.476337    0.451829 -0.00224013    0.777137           0   -0.872665    0.261799   -0.886739    0.628499    -1.55895           0   -0.872665   0.0284465   -0.245088   -0.459981   -0.026751     1.46181    0.651841   -0.938342   -0.440012     1.43711    0.608684     1.31983    -2.51539       -2.55       0.292    -2.07792    -1.05425     2.10932
   0.319367 -0.00616065     1.02014   -0.291387   -0.388384   -0.493365    0.908369    0.641977      1.5708  0.00820548   -0.872665  -0.0381503    -0.43415 -0.00881859   -0.768137           0   -0.872665   -0.261799    0.257259    0.336218   -0.665321     1.31606    0.278631    -1.00742    -0.74202       1.478    0.445202     1.56197    -2.36811    -1.08305       0.292   -0.805779    0.918611   -0.665377
  0.252651 -0.0563642   0.877054    12.5447  -0.548444    11.1707    1.03048    1.55334     1.5708   0.760226  -0.872665  -0.132653 -0.0635316   -1.32616   0.474416   0.767266  -0.872665  -0.261799  -0.496513    1.31051 -0.0721273    2.96866   -1.08694   -0.71964   -1.43867   -1.07526   -2.40262   0.448246   -2.42785  -0.754544      0.292  -0.636531   0.891465  -0.362889
 0.444562 -0.038789   1.07266   0.88477 -0.861605  0.177787 0.0889442    1.0489    1.5708 0.0921104 -0.872665 -0.261799  -1.65806  0.242985 -0.819906         0 -0.872665  0.167328 -0.523599  0.541508 -0.639325   1.17326  0.107968 -0.545887 -0.684475   1.20803  0.631116 -0.331746  -1.08112 -0.561073  -1.23798  0.921856     1.508 -0.208098
  0.304891 0.00149425    1.21249  -0.402976  -0.491062  -0.573022     1.0147    0.76005    1.46469          0  -0.872665  -0.055659   -0.40342   0.105836   -0.68205          0  -0.872665  -0.261799  0.0672235   0.703519   -0.87689   0.643854   0.041317   -1.26523   -1.33207      1.478   0.382257    0.25524   -1.18408   -1.90674      0.292   -1.18185  -0.745733    1.45511
  0.366179  0.0323822    1.17721   0.670264 -0.0322972   0.717808 -0.0809293  -0.108516   0.645061          0  -0.872665   0.261799   -1.65806   0.842638    -1.5708    0.26258  -0.872665   0.156793 -0.0852955  -0.226311  -0.254009   0.851921   0.704417  -0.531711  -0.440388   0.687029    1.01112    1.12541   -2.35176      -2.55   -2.14732    1.23589      1.508     1.0394
    0.33121  0.00713186     1.18823    0.667378   -0.310164     0.74849      0.1076   0.0953392    0.611468 1.38778e-17   -0.872665    0.261799    -1.40324    0.876141    -1.47492           0   -0.806191    0.136882   -0.523599   -0.244482   -0.639809    0.937414     0.12893   -0.350131   -0.848521     1.07481     1.06945    -1.05797    -1.20567    -0.28283   -0.707806      1.2876     1.30069    -0.36761
    0.331209   0.00713148      1.18823     0.667379    -0.310162       0.7485     0.107599    0.0953345     0.611462 -3.33067e-16    -0.872665     0.261799     -1.40324     0.876151     -1.47493            0    -0.806188     0.136887    -0.523599    -0.244503     -0.63979     0.937425     0.128938    -0.350135    -0.848533      1.07482      1.06948     -1.05801     -1.20566    -0.282806    -0.707849      1.28767      1.30065    -0.367666
  0.361054  0.0235349    1.16995   -11.8342 -0.0559284   -11.7895 -0.0996517 -0.0652307   0.595409  0.0256748  -0.872665   0.261799   -1.64702   0.903992   -1.56826   0.106849  -0.791678   0.169224  -0.523599  -0.668746   -2.61873    1.63795    2.27431  -0.266248    1.84558   0.797185   0.821035   0.972089   -2.91078  -0.935084      0.292  -0.325222     1.1385  -0.446829
   0.338749   0.0131908     1.20075    0.529485   -0.281983    0.680086    0.186965 -0.00699583    0.655057           0   -0.872665    0.261799    -1.27167    0.815135     -1.5708     0.09766   -0.863277    0.127244    -0.38889   -0.498321   -0.794381     1.34679    0.388668   -0.364843   -0.839119     1.05908    0.692833    -1.30151   -0.956979   -0.210708   -0.892068     1.37081      1.3042   -0.244258
  0.308669  0.0205845    1.19822   0.315867  -0.541568    1.30697   0.438113  -0.457264 -0.0120639  0.0746817  -0.746218   0.261799   -1.11397    1.55334    -1.5708   0.430677  -0.872665   0.230491   0.523599   -1.02591  -0.506975    1.43095   0.819771  -0.274813  -0.349161   0.746174   0.630308   -2.15411   -0.53484    0.18934   -1.39781    1.79242    1.10431   0.542857
  0.308674  0.0205825    1.19823   0.315883   -0.54158    1.30696   0.438131  -0.457231 -0.0120522    0.07468  -0.746226   0.261799   -1.11397    1.55334    -1.5708   0.430651  -0.872665   0.230499   0.523599   -1.02588  -0.506911    1.43088   0.819783  -0.274844  -0.349246   0.746101   0.630456   -2.15407  -0.534986   0.189465   -1.39766    1.79259    1.10439   0.542526
    0.312213   0.00513757      1.41148    -0.351355    -0.463414    -0.595014     0.928665     0.783188       1.5708            0    -0.872665   -0.0753498    -0.439952     0.027872    -0.659292 -7.25808e-15    -0.853342    -0.261799   -0.0505758     0.532073     -2.53465     0.304229      2.45998     -1.80236        1.461      1.35976      1.88783    -0.193891     -1.12473      -1.6831     0.135793     -1.14212    -0.731483      1.58707
     0.30998    0.0112424      1.40551    -0.396389    -0.491503    -0.659411       0.9572     0.860154       1.5708 -5.89806e-17    -0.872665   -0.0978434      -0.4326    0.0424141    -0.599902            0    -0.842348    -0.261799     0.165742     0.429885     -1.65962     0.290178       1.8955     -1.61638    -0.819365    -0.545958     -1.46071    -0.624275      -1.0085      -1.5476     -0.02793    -0.863121    -0.912232      1.81939
   0.312363  0.00477851     1.41182   -0.348621    -0.46151   -0.591132    0.926944    0.778387      1.5708           0   -0.872665  -0.0739423   -0.440426   0.0268361   -0.662967 8.67362e-19   -0.853972   -0.261799    0.350209    0.650492   -0.584531    0.719755    0.303059   -0.913415    -1.11553     1.32996    0.759961       1.606    -1.93402   -0.939113   -0.112674   -0.752838     1.04457    -0.83965
  0.388009 -0.0109676    1.39611     0.5944  -0.375884    0.73811   0.267959   0.142309   0.684013          0  -0.872665   0.138565   -1.33445   0.976491   -1.54422  0.0778081  -0.872665   0.261799  -0.523599  -0.398232  -0.203952   0.713774    1.00128   -1.20429   -1.09878    1.09791   0.447888    1.51065   -2.49504   -1.12316      0.292  -0.554158    1.04345  -0.574038
   0.264968   0.0630022     1.48859   -0.794894   -0.339329   -0.133597     1.42692  0.00606179     1.04706 -2.7856e-13   -0.872665    0.261799   0.0150425    0.160329    -1.25884           0   -0.795176   -0.261799    0.523599  0.00344397    -1.82432 2.22045e-16     2.04256    -1.83158    -1.06353   -0.640027    -1.01113    0.228212    -1.45392   -0.495088   -0.202514   0.0296081    0.811841    -1.06421
     0.27841    0.0644616      1.49062     -3.64958      -2.4061     -2.89356      1.17436    -0.105555     0.594444 -1.82131e-15    -0.872665     0.261799    -0.228803      0.74018      -1.5708     0.144445    -0.872665    -0.037776     0.523599    -0.687387     -1.17408     0.536864      2.19507     -1.53921    -0.709992    -0.271438     -1.04417        1.606     -2.46097     -1.09953     0.133872    -0.629852      1.00334     -0.88329
   0.281737    0.062367     1.48867   -0.782079   -0.226451  -0.0988153     1.42966  -0.0409809     1.15504           0   -0.872665    0.261799    0.018578   0.0461547    -1.28822 8.67362e-19   -0.794803   -0.261799    0.523599     0.48835    -1.52076     0.32669   -0.101251   -0.926928    -1.38771       1.478     0.45967     1.31221    -1.12684    -1.10948       0.292    -1.05534     0.34994   -0.430607
     0.28031    0.0624648      1.48873      8.64189     -2.90554      9.32311      1.42912   -0.0369841      1.14587 -6.49329e-16    -0.872665     0.261799    0.0182787    0.0558383     -1.28573  3.11431e-19    -0.794809    -0.261799     0.523599    -0.292381      1.52516      3.16148     -2.15814     -1.88584     -2.16812     0.451404   -0.0773424        1.606     -2.07491    -0.727115     -0.29151     -1.18358     0.834173     -1.20495
  0.309608 0.00154956    1.61682   0.341883  -0.453051   0.525836   0.426522  0.0579875   0.724449          0  -0.872665   0.261799  -0.951422   0.701916     -1.509          0  -0.872665  0.0427691 -0.0192524   -1.06124   0.921388    1.25872   -1.49231   -0.78845   -1.61745  -0.333829  -0.854556    1.51838    -3.3229  -0.907234      0.292  -0.601412    1.16499  -0.915624
    0.318736   0.00618259      1.62194     -28.0138      3.52545      53.8726     0.457683   -0.0173383     0.790161 -4.85376e-15    -0.872665     0.261799    -0.872695     0.610224      -1.5708 -2.60209e-17    -0.872665    0.0252161  -0.00164583    -0.233954     -3.17873      2.70781     -2.36019     -1.17429    -0.713617      1.19945     0.843025        1.606     -3.18322      1.67256     -2.09044        -2.55   -0.0173006     -1.63829
    0.316951   -0.0051046      1.62098     -19.1253    -0.398373     -19.3279     0.886032     0.630716      1.56131 -6.10623e-16    -0.872665   -0.0295821    -0.452411  -0.00384834    -0.775437   0.00108294    -0.872665    -0.261799     -0.24043     0.703868     -2.36265     0.340977        -2.55    -0.222504        -2.55     -1.52304        -2.55     -2.64832     -2.41404      1.03611        0.292     -1.21567    -0.469245      1.24873
    0.35688  -0.0129472     1.55647   -0.781015  -0.0584385   -0.851076     1.65806    0.984943      1.5708           0   -0.731733    -0.18607    0.129297  -0.0283257   -0.528971 6.93889e-18    -0.83725   -0.261799    0.476192    0.543494     -1.9044    0.798353   -0.412665   -0.683658    -1.46387     1.42795    0.102629   -0.495365    -1.11833     1.02305    0.266649   -0.961733    0.541926   -0.910688
  0.401051 -0.0279676    1.66558   -58.7614   -2.13007   -59.4426  0.0557971    1.16568    1.55106          0  -0.838043  -0.213987   -1.65806   0.236813  -0.619733          0  -0.872665   0.103746  -0.523599   0.250214  -0.767784    1.16203    1.93675  -0.276503   0.374182  -0.968577   -2.33741  -0.918216  -0.632704    1.84555   0.288149  -0.666513   0.977576  -0.966887
    0.274498   -0.0590559      1.68752     -2.74273     -2.33113     -3.48067     0.298939     0.856883       1.5708     0.148865    -0.872665   0.00855666     -1.11266   -0.0798711    -0.502164 -3.05858e-12    -0.872665    -0.261799    -0.523599     0.770074      1.49483      2.81113     -1.49312    -0.401318    -0.113863      -1.0324     -2.20318     -2.63824     -2.66565         2.55     -1.28302      0.44733        1.508     -1.20859
    0.336342   -0.0429967      1.57001    -0.201266     -0.29481     -1.28947      1.33742      1.55334       1.5708     0.598099    -0.872665    -0.261483    -0.245172    -0.605981   -0.0208965 -7.10326e-15    -0.690142    -0.261799    -0.523599     0.455017    -0.256775      3.15645      1.59243    -0.698727      2.03249     -1.18684         2.55       1.2591     -2.33057      1.52938        0.292    -0.821444    -0.853342      2.28075
  0.275296 -0.0528212     1.6832   0.230165  -0.861646  -0.489788   0.410273   0.983652     1.5708   0.159438  -0.872665 -0.0332861   -1.02327 -0.0576071  -0.408954          0  -0.872665  -0.261799  -0.523599    0.88605    1.26845    2.75446  -0.225962  -0.121067    1.56831    1.28328   0.854743  -0.408562   -1.37371   0.937505 -0.0191539  -0.722999   0.869603   -1.03237
    0.302163   0.00363783      1.80897    -0.450431    -0.514033    -0.610217      1.06638     0.799933      1.43024            0    -0.872665   -0.0652934    -0.385337     0.139344    -0.652362 -8.49876e-14    -0.872665    -0.261799     0.515011     0.243637    -0.699989      1.07749     0.564403        0.298      1.58706     -1.03236     -1.63856     -1.06769    -0.858465      1.35147     0.277675   -0.0587621     0.961254     -1.12262
    0.302163   0.00363684      1.80897    -0.450406    -0.514028    -0.610197      1.06635     0.799913      1.43025 -2.70617e-16    -0.872665   -0.0652836    -0.385349     0.139332    -0.652376            0    -0.872665    -0.261799     0.514968     0.243573    -0.699959      1.07756     0.564396        0.298      1.58715     -1.03245     -1.63855     -1.06772    -0.858452      1.35151      0.27758   -0.0587775     0.961306     -1.12265
   0.310346 -0.00197491     1.81736   -0.333882   -0.447251   -0.519736    0.943408    0.693648     1.51485 6.93889e-18   -0.872665  -0.0410406    -0.42954   0.0512294   -0.730419           0   -0.872665   -0.261799    0.400053    0.546614   -0.452531     1.11038   -0.328808   -0.873933   -0.339658       1.478     1.09023    -1.58994    -1.27398     1.47676    0.291216   0.0544807    0.896289   -0.828987
   0.374174 -0.00776216     1.75039    0.743702   -0.098187    0.960227  -0.0392001  -0.0438648    0.445666  -3.747e-16   -0.800788    0.224276    -1.65806     1.15391     -1.5708   0.0801946   -0.790268    0.261799   -0.523599   -0.657472   -0.187762     1.21137  -0.0914102   -0.108891   0.0100195    0.705461     1.12871    0.900472     -2.6998   -0.903015   -0.252955   -0.177466       1.508   -0.479103
    0.31676   0.0052737     1.82108    0.275557   -0.398448    0.476337    0.451829 -0.00224013    0.777137           0   -0.872665    0.261799   -0.886739    0.628499    -1.55895           0   -0.872665   0.0284465   -0.245088   -0.459981   -0.026751     1.46181    0.651841   -0.938342   -0.440012     1.43711    0.608684     1.31983    -2.51539       -2.55       0.292    -2.07792    -1.05425     2.10932
