    0.31676   0.0052737     1.02108    0.275557   -0.398448    0.476337    0.451829 -0.00224013    0.777137           0   -0.872665    0.261799   -0.886739    0.628499    -1.55895           0   -0.872665   0.0284465   -0.245088   -0.459981   -0.026751     1.46181    0.651841   -0.938342   -0.440012     1.43711    0.608684     1.31983    -2.51539       -2.55       0.292    -2.07792    -1.05425     2.10932
   0.318397 -0.00573502     1.02155   -0.264427   -0.387954   -0.471087    0.875052    0.618215      1.5708           0   -0.872665  -0.0275273   -0.456777  -0.0149434   -0.784187           0    -0.87191   -0.261799    0.247587    0.293025   -0.469748     1.32648    0.485666    -1.06773   -0.727522       1.478    0.428089     1.52002    -2.42174    -1.06921       0.292   -0.773968    0.933424    -0.67089
 0.379585 0.0800235   1.03864    6.5755 -0.176794   7.25386  0.224543 -0.314252  0.371026         0 -0.872665  0.256167  -1.46805   1.22402   -1.5708  0.510818 -0.872665  0.261799  0.197633 -0.214612  -0.77482  0.975972  0.304459  -1.06411 -0.253564   1.24027  0.642366  0.364474  -2.70664     -2.55  -1.53371  -1.78898 -0.869423  -1.97231
    0.308547    0.0753633      1.09339     -0.71454    -0.399846     0.116516      1.34122    -0.199986     0.946848 -1.90689e-15    -0.872665     0.261799   -0.0855991     0.327865      -1.5708      0.13791    -0.872665    -0.109717     0.523599     0.447626      1.08843      3.13015      1.01769    -0.416292     0.627056        1.478      1.06393      1.49775    -0.854108     -1.21881        0.292     -1.21478     0.300272    -0.217355
     0.38936      0.08901      1.02677      25.4341   -0.0500578      26.0953     0.118749    -0.377645     0.386805 -5.56485e-14    -0.872665     0.261799     -1.60112      1.21253      -1.5708     0.579221    -0.872665     0.261799     0.110945    -0.738829    -0.581467      1.99541      0.83491    -0.276202   -0.0583755      1.03309     0.206389     -0.79203     -3.41638     0.405744     -1.54056    -0.991543        1.508    -0.702969
    0.389337     0.088994       1.0268      25.4341   -0.0503125      26.0953     0.118955    -0.377518     0.386767 -6.03849e-14    -0.872665     0.261799     -1.60085      1.21255      -1.5708     0.579081    -0.872665     0.261799    -0.500384     -1.21977     -0.10113      2.03772     0.806888    -0.507773    -0.423037      1.36774     0.268117      1.39212     -2.58232    -0.907019        0.292    -0.983678     0.882988    -0.550602
    0.318748   0.00618202      1.22194      0.26061    -0.383842     0.465585     0.457646   -0.0173406     0.790146  1.73472e-18    -0.872665     0.261799     -0.87274     0.610258      -1.5708 -2.68882e-17    -0.872665    0.0252529    -0.382855    -0.266335      1.02349      2.22319     0.847144     -0.64731      0.37244        1.478     0.904005    0.0739797    -0.651486     -1.06915      -1.4006     0.916772      1.24161    -0.609346
    0.318748   0.00618202      1.22194      0.26061    -0.383842     0.465585     0.457646   -0.0173406     0.790146            0    -0.872665     0.261799     -0.87274     0.610258      -1.5708 -5.89806e-17    -0.872665    0.0252529    -0.385709    -0.265637      1.02785      2.22854     0.852319    -0.642278     0.370253        1.478     0.901208    0.0840214    -0.655674     -1.06262     -1.39362     0.906938      1.24621    -0.620007
   0.318746 -0.00618744     1.22194   -0.260573   -0.383792   -0.465537    0.872718    0.610171      1.5708           0   -0.872665   -0.025207   -0.457646  -0.0173816   -0.790196           0   -0.872665   -0.261799    0.221276    0.275203   -0.484411      1.3004    0.566537     -1.1486   -0.809344       1.478    0.341119     1.52658    -2.41867    -1.10667       0.292   -0.769438    0.917406   -0.677585
  0.318749 0.00618233    1.22194     0.2606  -0.383838   0.465574   0.457652 -0.0173423   0.790159          0  -0.872665   0.261799  -0.872731   0.610245    -1.5708          0  -0.872665  0.0252524  -0.291723  -0.433426   -0.37072    1.42269   0.449697   -1.00972  -0.605134      1.478   0.495124    1.56332   -2.45705    -1.0579      0.292  -0.827314   0.963472  -0.677864
   0.308547    0.075364     1.29339   -0.714532   -0.399877    0.116516     1.34121    -0.19997    0.946815 -8.0231e-17   -0.872665    0.261799  -0.0856021    0.327902     -1.5708    0.137903   -0.872665   -0.109712    0.523599    0.447645     1.09057     3.13005     1.02539   -0.414159    0.619929       1.478     1.06219     1.49878   -0.854367    -1.23035       0.292    -1.20147    0.298046   -0.220067
   0.308548   0.0753641     1.29339   -0.714537   -0.399865    0.116514     1.34122   -0.199973    0.946828 -1.2255e-14   -0.872665    0.261799   -0.085599    0.327888     -1.5708    0.137903   -0.872665   -0.109714    0.523599    0.447644      1.0909      3.1301     1.02644   -0.413638    0.618965       1.478     1.06186     1.49878   -0.854365    -1.23035       0.292    -1.20151    0.298046   -0.220036
  0.389281  0.0889554    1.22686     25.434 -0.0509385    26.0954   0.119464  -0.377211   0.386657          0  -0.872665   0.261799   -1.60018    1.21259    -1.5708    0.57874  -0.872665   0.261782   -0.50027   -1.21888   -2.27231    1.33881  -0.197212    -0.5047   -1.61344    1.14941   0.129396    1.39203   -2.58226  -0.918139      0.292  -0.970995   0.880929  -0.552639
 0.477124 0.0688945   1.28119   24.1939 -0.169398    24.772   1.65806  0.515998    1.5708         0 -0.872665 -0.261799 0.0868008  0.256128  -1.27536         0 -0.799878 0.0602949  0.523599 0.0178225   -2.3054  0.430915 -0.334034 -0.427763  -1.77714     1.478 -0.036313  0.186437  -1.46297  -2.31116  0.212181  -1.31066 -0.500053   2.06693
    0.318748   0.00618177      1.42194     0.260639    -0.383846     0.465609     0.457624   -0.0173316     0.790127            0    -0.872665     0.261799    -0.872769     0.610285      -1.5708 -5.72459e-17    -0.872665    0.0252543    -0.385183    -0.265632      1.02841      2.22731     0.854306    -0.643093     0.368861        1.478     0.901247    0.0774913    -0.652452     -1.06777     -1.39503     0.913677      1.24133    -0.614863
  0.318748 0.00618177    1.42194   0.260639  -0.383846   0.465609   0.457624 -0.0173316   0.790127 2.1684e-19  -0.872665   0.261799  -0.872769   0.610285    -1.5708          0  -0.872665  0.0252543  -0.385259  -0.265619    1.02846    2.22745   0.854314  -0.642975   0.368871      1.478     0.9012  0.0779323  -0.652668   -1.06742   -1.39479   0.913259    1.24168  -0.615222
    0.316693  -0.00524218      1.42105    -0.276097    -0.398949    -0.476726     0.887252     0.629138      1.55853  6.93889e-18    -0.872665   -0.0285618    -0.451615  -0.00171089    -0.776682 -3.17563e-13    -0.872665    -0.261799     0.214941     0.340969    -0.780144      1.27635     0.226116      -1.0226     -0.81692        1.478      0.40584     -1.47951     -1.28029        -2.55        0.292        -2.55      1.22405    -0.714172
 0.349409 0.0195423   1.39001   0.61609 -0.189214  0.723026  0.062447 -0.026156  0.634627         0 -0.872665  0.261799  -1.47542  0.849094  -1.54022  0.175574 -0.872665  0.148746 -0.523599 -0.584237 -0.136033   1.44851  0.655878 -0.671637 -0.431305   1.23805  0.619097   1.24717  -2.65074 -0.846065     0.292 -0.670324   1.07157 -0.532758
  0.342975 -0.0466115    1.47783   0.789642   0.161411  0.0508067 -0.0545819  -0.340531    1.32128          0  -0.798814   0.261799   -1.50019  -0.100651    -1.5708          0  -0.872665  -0.215569  -0.523599   0.501764  -0.372003    1.27487   0.449355   -1.17328 -0.0311094    1.19593   0.881509   0.397994   -2.55419      -2.55   -2.00021    1.16955    1.15574    1.32232
   0.274341  -0.0545228     1.48449     37.9823   -0.852273     37.2575    0.374182    0.948531      1.5708     0.15549   -0.872665  -0.0202125    -1.05154  -0.0627763   -0.433751 5.19476e-20   -0.872665   -0.261799   -0.523599    0.851839    -1.88182    0.715903        2.55   -0.254727     1.92298      1.2293    0.949433    -1.28972    -1.22104       -2.55   -0.576438       -2.55    0.712947    -1.24682
  0.325275 -0.0130391    1.58926   0.550956  -0.398914   0.820533   0.284203 0.00987007   0.502402   0.022244  -0.836834   0.261799   -1.20423    1.00238    -1.5708  0.0659228  -0.872665   0.168312   -0.25117  -0.939562   -2.90962    2.43928   -0.49293  -0.124102   0.728392  -0.635055   -1.86767    1.04268   -3.28784   0.500828   -1.08778    1.39829   -1.27072    1.66667
    0.32906 -0.00225676     1.59591     0.52363   -0.364952    0.752792    0.261091   0.0122881    0.569326           0   -0.846376    0.261799    -1.20543    0.919355     -1.5708   0.0783441   -0.872665    0.147837    -0.10537   -0.624992      -3.352     2.40556   -0.725293  -0.0114384    0.565226   -0.688535    -1.78445   -0.799229   -0.788758   -0.201661    -1.79825     1.38911       1.508    0.104299
  0.363684  0.0177023    1.56617    0.66597 -0.0489939   0.835333 -0.0579218  -0.124119   0.530082          0  -0.833573   0.261799   -1.65806   0.992079    -1.5708   0.256468  -0.872665   0.197217  -0.520049  -0.203862   -1.17485   0.798411   -1.35557      0.298   0.454149   0.672905    1.04148  -0.695445   -1.64302  -0.608807   -1.42003    1.00617      1.508   0.244802
  0.361511  0.0122222    1.56371   0.660597 -0.0671989   0.869493 -0.0389843  -0.124975   0.496511          0  -0.821565   0.261799   -1.64124    1.03415    -1.5708   0.247675  -0.872665   0.207471  -0.523599  -0.236565   -1.11553   0.907373   -1.17777  0.0438838   0.226674   0.804021    1.13254  -0.983756   -1.50357  -0.419397   -1.37446    1.15326    1.41364   0.245528
  0.362606   0.028919    1.58085   0.651346 -0.0713271   0.723292 -0.0408987 -0.0921412   0.639765          0  -0.871705   0.261799    -1.6036     0.8486    -1.5708   0.240173  -0.872665   0.157576  -0.523599  -0.347167   -1.61935    1.24139   -1.20113  0.0276355  0.0854974   0.904748   0.761822   -1.28982   -1.26185  -0.258935   -1.34307    1.20793    1.34714   0.195146
  0.362606  0.0289182    1.58085   0.651343 -0.0713362   0.723293 -0.0408901 -0.0921369   0.639764          0  -0.871705   0.261799   -1.60359   0.848602    -1.5708   0.240169  -0.872665   0.157577  -0.523599  -0.347155   -1.61933    1.24138   -1.20115  0.0275972  0.0854383   0.904767   0.761968    -1.2898   -1.26186  -0.258942   -1.34309    1.20793    1.34712   0.195137
    0.286684   -0.0615278       1.6884     0.784258    -0.197621    0.0975491   -0.0238625    0.0177313      1.28934            0    -0.795124     0.261799     -1.43693   -0.0438178     -1.18691 -9.02056e-17    -0.872665    -0.256906    -0.523599     0.229216     -1.25918      1.29244     -1.15067        0.298     0.414941      0.55133     0.921525     -1.05101    -0.959647    -0.461334     -1.91232      1.35158      1.39017     0.334244
    0.286671   -0.0615319       1.6884     0.784241    -0.197672    0.0975078   -0.0238384    0.0177774      1.28938 -3.10862e-15    -0.795125     0.261799      -1.4369   -0.0438759     -1.18683            0    -0.872665     -0.25694    -0.523599     0.229307     -1.25927      1.29237     -1.15038        0.298     0.414338     0.551227     0.921792     -1.05089    -0.959648    -0.461481     -1.91227      1.35162      1.39016     0.334156
   0.353057  -0.0546229     1.68304    -43.1029 -0.00531975    -43.5627  -0.0705508    -0.16808     0.99325    0.195562   -0.867923    0.240461    -1.57813    0.426291     -1.5708 5.55112e-17   -0.872665   0.0107317   -0.523599   -0.145467      -3.352     1.91276     2.07992   -0.241646     1.27727     0.59906     1.07409    0.486243    -2.98846   -0.744017   -0.145428   -0.145368       1.508   -0.278333
  0.390031  -0.089548    1.62595   -28.5764   -3.09972   -29.2361     1.6098    1.21188     1.5708   0.583644  -0.872665  -0.261799  -0.111962  -0.381682  -0.388194          0  -0.872665  -0.261799 -0.0681128   0.643712  0.0661453    2.32639    1.88013    -1.5662    2.28862     -1.562    2.44169 -0.0702122   -2.04523  -0.940335  -0.186055  -0.284237    1.01006  -0.298115
  0.315068 0.00446189    1.82024   0.289326  -0.411059   0.486408   0.446502  0.0110784   0.765551          0  -0.872665   0.261799  -0.899826    0.64471   -1.54831          0  -0.872665  0.0314131 -0.0363483 -0.0114452   -1.04195   0.823108   -1.17618   0.179805   0.181211   0.761329    1.29094  -0.872573   -1.19635  -0.796062   -1.51227    1.35675    1.18423   0.219764
   0.327853 -0.00699224     1.80338     8.91773    -2.79014     8.77042     1.16464    0.798147     1.55919           0   -0.830968   -0.107099   -0.246585   0.0374047   -0.664428 1.26218e-29   -0.872665   -0.261799    0.523599    0.700961      1.3831     2.80505   -0.335858   -0.907611     1.65954     1.05603     1.63393     1.44952    -1.99071       -2.55       0.292    -2.03078   -0.920799     2.12131
    0.31676   0.0052737     1.82108    0.275557   -0.398448    0.476337    0.451829 -0.00224013    0.777137           0   -0.872665    0.261799   -0.886739    0.628499    -1.55895           0   -0.872665   0.0284465   -0.245088   -0.459981   -0.026751     1.46181    0.651841   -0.938342   -0.440012     1.43711    0.608684     1.31983    -2.51539       -2.55       0.292    -2.07792    -1.05425     2.10932
