    0.31676   0.0052737     1.02108    0.275557   -0.398448    0.476337    0.451829 -0.00224013    0.777137           0   -0.872665    0.261799   -0.886739    0.628499    -1.55895           0   -0.872665   0.0284465   -0.245088   -0.459981   -0.026751     1.46181    0.651841   -0.938342   -0.440012     1.43711    0.608684     1.31983    -2.51539       -2.55       0.292    -2.07792    -1.05425     2.10932
    0.318294   0.00574881      1.02156      3.40647     -2.75322      3.61244     0.456488   -0.0141552     0.784304 -2.31619e-14    -0.872067     0.261799    -0.875721     0.618125     -1.56979 -2.77556e-17    -0.872665     0.027314    0.0556283    -0.671697     -1.98731      1.99813     0.440354        0.298     0.973526    -0.819979     -2.06432     -2.02263    -0.552983        -2.55        0.292     -1.99594      1.45373    -0.477829
  0.326676  0.0288982    1.00106   -156.679  -0.404698   -155.772   0.295785  -0.345095  0.0118111  0.0218317  -0.757606   0.261799   -1.29745    1.55334   -1.54898    0.29784  -0.787416   0.254608   0.187592   -1.26459  -0.402523    1.51668       2.55  -0.215806    1.02758  -0.620983    -2.5465    1.16276   -3.40906    2.53871    -1.1457    2.53892   0.923107 -0.0785688
   0.349272   0.0660978     1.05656     28.5408    -2.73031     29.2351    0.419318   -0.207762    0.331301 -2.6414e-14   -0.872665    0.261799    -1.20706     1.21933     -1.5708    0.388815   -0.872665    0.230699   -0.143027   -0.588356       1.603     2.58643        2.55       0.298     2.40708   -0.915527     -2.0565   -0.225883    -1.20045    -1.14006    -1.45524     1.02049     1.30646   0.0266069
     0.42674    0.0555202      1.08642    -0.940591    -0.472116    -0.170843      1.65806     0.193387      1.15599  -2.5806e-14    -0.872665    -0.092704     0.127955     0.557766     -1.54958 -5.74105e-13    -0.826287     0.096805     0.523599    -0.425521      1.10096      2.89839        -2.55    -0.561857        -2.55      1.18817      0.19009    -0.824306     -1.23171    -0.968414    0.0400889     -1.56427    -0.738848      2.09707
    0.388743    0.0885839      1.02747      25.4336   -0.0568546      26.0961     0.124186    -0.374305     0.385562 -5.21036e-15    -0.872665     0.261799     -1.59394      1.21319      -1.5708     0.575501    -0.872665     0.261799     -0.41245     -1.04804     -2.81774      1.11854         2.55   -0.0426586      1.51537      1.16946     0.348561    -0.225843     -2.21709       0.3715     -1.24859         2.55     -1.48723      2.07326
   0.408948   0.0117407     1.17546    0.717587    -0.10145    0.762902  -0.0187476   0.0173641    0.688596 1.38778e-17   -0.872665    0.158795    -1.65806    0.961396     -1.5708    0.166615   -0.837149    0.261799   -0.523599   -0.545505    0.418167      1.5021    0.960244   -0.598098  -0.0292474      1.1022    0.652986    -1.86964           0    -1.43701    -2.06931     1.02406   -0.163667     1.44962
   0.407581  0.00903566     1.17102    0.762936   -0.110057    0.774764  -0.0432161   0.0565341    0.685308 -9.4369e-16   -0.872665    0.155288    -1.65806    0.965171     -1.5708    0.064522   -0.781355    0.261799   -0.523599   -0.755247    0.795738      1.4235     1.72068    -0.20244   -0.355481    0.790746    0.579927    0.321239    -3.10991    0.424634    -1.80439    -1.28945       1.508    -1.67108
    0.408958    0.0117512      1.17548     -18.1322    -0.101411     -18.0867   -0.0186251    0.0171829     0.688645 -4.26414e-15    -0.872665     0.158797     -1.65806     0.961359      -1.5708     0.167103    -0.837415     0.261799    -0.523599    -0.539301        1.603      2.26199     -1.44055    -0.589775        -2.55     0.606061     0.468107      -1.6919    -0.523042    -0.521859     -1.15039      2.01847      1.00429    0.0830738
  0.407635 0.00924297    1.17135   -52.6472     3.2511   -46.3497  -0.041585  0.0538768   0.685228          0  -0.872665   0.155543   -1.65806   0.965186    -1.5708  0.0714101  -0.785109   0.261799  -0.523599   -0.69569      1.603    1.60637   0.693619  -0.180297   -1.74352   -0.76927   -2.45402   -2.24809  -0.579424  -0.568333   0.251566  -0.661625   -1.52747       2.55
    0.385792   -0.0536132      1.28547     -11.6755   -0.0286241     -12.2215    -0.141442    -0.035715      1.11918 -2.73948e-14    -0.795262     0.157079      -1.5907     0.373912      -1.5708            0    -0.872665    0.0461418    -0.523599      0.12515        1.603      2.07788     0.169563    -0.428131     -1.36234    -0.542371     -1.88791       1.2665        -3.43         2.55     -2.10978      2.28328     0.314747     0.533258
  0.386638 -0.0490184    1.28194   -21.0304    -2.4625   -21.7788  -0.107656   0.756863    1.53601          0  -0.831571 -0.0825168   -1.65806   0.178482  -0.909638          0  -0.872665  0.0439098  -0.523599  0.0475564   0.642247    1.47933  -0.647943  -0.274692   -1.86745  -0.777707   -2.05743   -1.87412  -0.743239     2.3327   -0.48343       2.55     -1.542    2.26539
    0.387268   -0.0872707      1.22932     -9.72422     -3.06606     -10.3896      1.57426      1.21473       1.5708     0.565342    -0.872665    -0.261799    -0.139577     -0.36497    -0.383119 -1.50567e-13    -0.872665    -0.261111     0.437818       1.2318     0.728653      2.74554    -0.566199    -0.848845     -1.49694    -0.951689     -1.92373      -2.9402    -0.913205     -1.48639    -0.587063     0.942746    -0.961901         2.55
  0.477101 -0.0688519    1.28123   -24.1939  -0.169411   -24.7721 -0.0868904   0.256144    1.27541          0  -0.799953 -0.0602754   -1.65806   0.515898    -1.5708          0  -0.872665   0.261799  -0.523599  0.0690574      1.603    1.84842  0.0180326  -0.550418   -1.40495  -0.418763   -1.88265   -2.20783  -0.432773  0.0858423  -0.669105    2.03978    1.35396   0.164618
   0.365536 -0.00843304     1.34472    0.655158  -0.0781275     1.01066   -0.013917   -0.165213    0.369395 4.33681e-19   -0.765817    0.246212    -1.65806      1.2193     -1.5708    0.248021   -0.872665    0.261799   -0.322112   -0.832579    0.264651     1.03135    0.982067   -0.458448   -0.359031    0.720628    0.970708     0.77444    -2.97132     -1.2164   -0.143266    0.181278     1.50725   -0.357182
   0.337542  -0.0124257     1.39966     52.8616    -2.85265      52.716     1.30462    0.827307     1.54538    0.115187   -0.872665    -0.12984   -0.179551  0.00655279   -0.645949 1.73472e-18   -0.872665   -0.261799    0.266266     0.75978    0.663631     3.16992   -0.535309     -1.6027    -1.68219    -1.28695    -1.33864       1.606     -1.6879    0.174659   -0.248776      1.0191    -0.73054     2.26579
  0.362108  0.0269964    1.36966   -8.69468   -3.09937   -8.66088  -0.116821 -0.0636135   0.606473          0  -0.864222   0.261799   -1.65806   0.888448    -1.5708   0.120956  -0.794389   0.164636  -0.523599  -0.744416      1.603    2.04964    -1.3867  -0.633173      -2.55   0.540896   0.442126   0.917932   -2.91219      -2.55   0.125193   -1.82638   -1.31088    2.49276
  0.362101  0.0233906    1.36862   -2.41237   -3.09524    -2.3559  -0.103867 -0.0749572   0.585738  0.0231371  -0.867932   0.261799   -1.65806   0.916724    -1.5708   0.123626  -0.798213   0.173255  -0.523599  -0.685927   0.127736    1.86012   -1.15357  -0.314037   -1.42289  -0.795905    -2.2906    0.84078   -2.90631   -2.47641      0.292   -1.79643   -1.29096    2.41805
    0.302377   -0.0594559      1.48498     -18.0631   -0.0856661     -18.7923   -0.0337036   -0.0947404      1.32671            0    -0.795571     0.261799     -1.45728     -0.10173     -1.28912 -4.21538e-16    -0.869794    -0.261799    -0.523599     0.465222        1.603      2.30571        -2.55     0.250879      1.38036    -0.762983     -1.81563     0.954191     -3.27312      2.34162     -2.13563     0.287551   0.00271427      2.44915
    0.338213   -0.0706399      1.48433      7.06606    -0.108437      6.17474   -0.0231252  -0.00010304       1.5708            0    -0.805159     0.153289     -1.44364    -0.262267     -1.24539 -1.99863e-13    -0.872665    -0.261799     -0.43333     -0.25149     -1.78744      2.47428     -1.75486        0.298      1.68655     0.319609    -0.270891     -1.61778    -0.324179     0.112491     -1.69398      1.50929        1.508     0.240183
  0.390254 -0.0890288    1.42377   -28.5934   -3.11204   -29.2394    1.65806    1.21406    1.54166   0.586985  -0.872665  -0.261799 -0.0909676  -0.375077  -0.384592          0  -0.872665  -0.261799   0.149447   0.779106   0.769525    3.15145   -2.36455    -1.6729    1.12549  -0.282766    2.43334   -3.05915  -0.977332   -1.98406  -0.443329   -2.19438     0.9447  -0.513024
  0.305407 -0.0595505    1.48545   -24.3569 -0.0654472   -25.0805 -0.0236747   -0.11566    1.33028          0  -0.795379   0.261799   -1.44714  -0.107534   -1.30907          0  -0.872665  -0.261799  -0.523599  -0.186837   -2.37267    2.61828   -1.20261   -1.23116  -0.186382    1.10669    0.51113   0.705185   -3.18749       2.55  -0.299727    2.43994    1.35484   -0.37519
  0.362502 -0.0244821    1.56897  -0.714699 -0.0447913  -0.785057    1.65806   0.918352     1.5708   0.154032  -0.814036  -0.173991   0.101215 -0.0764785  -0.583998 1.0842e-19  -0.856493  -0.261799   0.523599   0.671691  -0.782495   0.868376   0.394938    -1.8794   -1.21751      1.478  -0.181946   -0.82474   -1.63799   0.329027  0.0569508 -0.0435084   0.747304  -0.692218
   0.323613 -0.00703628     1.61435    -6.66222    -0.37903    -6.85295     1.02254    0.720076      1.5708   0.0372257   -0.872665   -0.073648   -0.359228  0.00491458   -0.715184           0   -0.872665   -0.261799    0.523599    0.484983      -3.352     2.09641        2.55   -0.995522    0.166241       1.478     1.36033     1.34149    -2.37729     -2.3539    0.278706    -2.13108    -1.06653     2.18171
  0.359454 -0.0275874    1.57362   -13.2931 -0.0674901   -13.3056     1.6171   0.854577     1.5708  0.0823795  -0.780572  -0.153772    0.10058 -0.0432849  -0.632269          0  -0.872665  -0.261799   0.523599   0.754811   -2.22101   0.442416    1.88236  -0.181716       2.55     1.3006   0.583897  -0.306815   -2.08364    1.80616   -0.71279    1.47652  -0.705102    1.99997
   0.356327  -0.0153171     1.57659   -0.645757   -0.127727   -0.805334     1.55059    0.951507      1.5708    0.195475   -0.863502    -0.18326 -0.00958158  -0.0747542   -0.558602           0   -0.846456   -0.261799    0.523599    0.734404    -1.88952    0.971332    -1.06799   -0.472385   -0.593141       1.478    0.498345   -0.816412    -1.62811    0.347988   0.0173168   0.0750125    0.816551   -0.740191
  0.389388 -0.0890308    1.62673    2.84021   -3.09186    2.17907    1.60146    1.21252     1.5708   0.579394  -0.872665  -0.261799  -0.118487   -0.37781  -0.386853          0  -0.872665  -0.261799  -0.320069  -0.145184    -0.3602      3.517   0.787779  -0.427546  -0.465367    1.08989  -0.512069   -1.69316  -0.988924    2.16327  -0.379026    1.57529  -0.593977    2.14304
    0.525774   -0.0649037      1.68682      10.2856     -2.94269      9.55995   0.00607569     0.347512       1.5708     0.131965    -0.872665    -0.198842     -1.57605     0.304671      -1.5708 -8.67362e-18    -0.872665     0.261799    -0.523599     0.836331     -1.78466     0.819969         2.55     -0.54564         2.55     0.403632      1.02717    -0.123661     -2.19708     -1.77476     -2.16654     0.958863        1.508       1.5185
  0.382727 -0.0103713    1.77346   0.813074  -0.312722   0.845838  0.0794736   0.230795   0.621582          0  -0.872665   0.154905   -1.65806     1.0188   -1.37776          0  -0.805851   0.261799  -0.523599  -0.633781   0.330505    1.36655  -0.800282  -0.449058   0.906257   0.828338    1.39375  -0.805059  -0.707676  -0.113367   -1.36817    1.32895      1.508  -0.147594
    0.402084  -0.00431698      1.76516    -0.790911    -0.114051    -0.805422      1.65806     0.990686       1.5708            0    -0.746791    -0.261799     0.056542    0.0696003    -0.652452 -1.65665e-13    -0.863085    -0.163579     0.523599     0.154162       -3.352      2.40056     -2.00385     -2.22845      2.04045      -1.4673         2.55    -0.636316    -0.972837   -0.0154763    -0.368169     0.513047     0.911604     -1.03378
  0.381108 0.00667471    1.75263  -0.785098  -0.107838    -0.9204    1.65806     1.1066     1.5708          0  -0.748724  -0.261799   0.053332  0.0155315  -0.503944          0  -0.820051  -0.207138   0.523599   0.603439   -2.23939   0.733552   -2.30433  -0.186943   0.236753      1.478   0.457161 -0.0846372   -1.18712 -0.0713741  -0.186039  0.0513883    0.73089   -1.12674
   0.38111 0.00667205    1.75263  -0.785097  -0.107838  -0.920385    1.65806    1.10658     1.5708          0  -0.748724  -0.261799  0.0533343  0.0155368  -0.503946          0  -0.820082  -0.207161   0.523599   0.603335   -2.23939   0.733626   -2.30426    -0.1868   0.236601      1.478   0.457171 -0.0848011   -1.18711 -0.0712729  -0.186101  0.0515271   0.730958   -1.12681
    0.31676   0.0052737     1.82108    0.275557   -0.398448    0.476337    0.451829 -0.00224013    0.777137           0   -0.872665    0.261799   -0.886739    0.628499    -1.55895           0   -0.872665   0.0284465   -0.245088   -0.459981   -0.026751     1.46181    0.651841   -0.938342   -0.440012     1.43711    0.608684     1.31983    -2.51539       -2.55       0.292    -2.07792    -1.05425     2.10932
