    0.31676   0.0052737     1.02108    0.275557   -0.398448    0.476337    0.451829 -0.00224013    0.777137           0   -0.872665    0.261799   -0.886739    0.628499    -1.55895           0   -0.872665   0.0284465   -0.245088   -0.459981   -0.026751     1.46181    0.651841   -0.938342   -0.440012     1.43711    0.608684     1.31983    -2.51539       -2.55       0.292    -2.07792    -1.05425     2.10932
    0.318745  -0.00618527      1.02195     -0.26061    -0.383819     -0.46557      0.87275     0.610221       1.5708 -1.11022e-16    -0.872665   -0.0252342    -0.457629   -0.0173534    -0.790173 -4.30211e-16    -0.872665    -0.261799     0.221275      0.27533    -0.484633      1.30041     0.566029     -1.14867    -0.809163        1.478     0.341129      1.52666     -2.41852       -1.107        0.292     -0.76914     0.917327     -0.67766
  0.283809 -0.0683429    1.09252   0.575421  -0.662681  -0.196604   0.184235   0.642838     1.5708   0.142371  -0.872665  0.0580087   -1.21799  -0.128253  -0.674526          0  -0.872665  -0.261799  -0.523599   0.538362    0.79343    1.83575   0.527131  -0.872164   0.344233    1.39539    1.15395  -0.403018   -1.01402   -0.61409   -1.30877   0.940957      1.508  -0.424752
  0.342978 -0.0465889     1.0779   0.789496   0.161017  0.0516303 -0.0546774  -0.340113    1.32046          0  -0.798762   0.261799   -1.49997 -0.0995438    -1.5708          0  -0.872665  -0.215097  -0.523599   0.501987  -0.379483    1.27179   0.446479   -1.17169 -0.0351285    1.19554   0.878309   0.398045   -2.55223      -2.55   -2.00109    1.16847    1.15574    1.32267
    0.318747  -0.00618511      1.22196     -201.322    -0.383795     -201.527     0.872483     0.610025       1.5708 -4.20205e-14    -0.872665   -0.0251553    -0.457837   -0.0174253    -0.790307 -2.47691e-13    -0.872665    -0.261799   -0.0297664      1.31209     -1.86721      0.19559     -2.20615    -0.282428        -2.55     -1.36035     -1.98843      1.09757    -0.510144     0.176161        0.292      1.13881    -0.339641      2.48991
    0.384874   0.00457127       1.1552    -0.786418    -0.108955    -0.898849      1.65806      1.08485       1.5708            0    -0.748499    -0.261799    0.0536297    0.0258611    -0.531009 -2.68882e-17     -0.82848    -0.199902     0.523599     0.493941    -0.943551     0.550389     0.633801     -1.94816     -1.60494      1.03093     -0.40664    -0.291653     -1.11487    -0.269904      -0.2063     0.437413     0.767073     -1.09631
  0.401971     -0.009    1.17253    2.43954    -3.0451    2.34382    1.65806   0.998977     1.5708    0.19625  -0.853277  -0.261799  0.0113723 -0.0150354  -0.638408          0  -0.858161  -0.176619   0.523599   0.732295   0.236478    2.97236  -0.502814   -1.89992   -1.94525     -1.562    -1.4032  -0.374995    -1.6986 -0.0106342   0.193549   -0.16238   0.630383  -0.595049
  0.318759 0.00620467    1.22196   -6.02273  -0.383617   -5.81785   0.457644 -0.0174772   0.790434          0  -0.872665   0.261799  -0.872665   0.609862    -1.5708          0  -0.872665  0.0251186  -0.417217  -0.173406   -1.60143   0.223724    1.85124    -1.4525       2.55   0.486565    1.55803    -1.0946   -1.54716   -1.33044      0.292  -0.844353   -1.09124    2.06036
    0.406592   -0.0102582      1.17345    -0.728195    -0.102956     -0.77657      1.65806     0.973258       1.5708     0.141415    -0.823419    -0.261799    0.0247179    0.0217071    -0.673227 -1.02999e-17    -0.869085     -0.16267     0.523599     0.575807        1.384      3.06469     -2.51713     -1.05279     -2.22303     0.982185    0.0360281     0.408835     -1.92961     0.843952    -0.426703       1.5141     -0.79812      2.23658
  0.318758 0.00620449    1.22196    12.8268  -0.383619   0.465337   0.457646 -0.0174769   0.790433          0  -0.872665   0.261799  -0.872664   0.609863    -1.5708          0  -0.872665  0.0251183    0.13735  -0.570717   0.654978    1.56104  -0.500468 -0.0386306   -1.41536  -0.701696   -2.37483    1.32371   -3.32068    2.40652   -0.96489    2.49797    1.00732  -0.317605
  0.295043 -0.0618421    1.28766    35.3406    3.27925   -34.4848 -0.0116491  -0.046919    1.31317  0.0328402  -0.811549   0.261799   -1.44332 -0.0788851   -1.23924          0  -0.872665  -0.261799  -0.507745   0.437763   -1.37978    1.03568    1.64179  -0.135189   0.622128  -0.749363   -2.08581    1.01804   -3.30607    2.16983   -2.09798   -2.26144   0.112129   -1.35668
  0.274233 -0.0548758    1.28475    22.2847   -2.29177    21.5589   0.367261   0.941304     1.5708   0.154788  -0.872665 -0.0176833   -1.05706  -0.063941   -0.43896          0  -0.872665  -0.261799  -0.523599   0.845433   -1.52443   0.757126   0.431272  -0.211692    1.15059   -1.22916   -2.32576      1.606   -2.01197 -0.0261953  -0.605574   -1.57351   0.911868   -1.40912
   0.334606 -0.00899667     1.37202   -0.815687   -0.249009   -0.814151     1.65806    0.908102     1.36277           0   -0.781472   -0.149576    0.033343    0.151405   -0.584589 -4.9167e-15   -0.872665   -0.261799    0.523599    0.925354    -1.75943    0.101552     1.97511   -0.510999        2.55     1.18657      1.0118     0.25118    -1.19057     2.53194   -0.362077    0.373195   -0.502512     1.82386
     0.34423   -0.0161065      1.37023    -0.802582    -0.169562    -0.783746      1.65806     0.883031      1.44257            0    -0.759152    -0.150437    0.0841798    0.0852917    -0.608572 -1.02696e-15    -0.872665    -0.261799     0.523599      0.33451    -0.407896     0.970626     0.668592     -1.84501     -1.22198        1.478    -0.131618    -0.628495     -1.14238      1.05924    -0.120084    -0.494687     0.836588     -1.21321
   0.355325 -0.00544509     1.35119   -0.779248  -0.0666732   -0.904483     1.65806     1.04995      1.5708           0   -0.735086    -0.20226    0.114663  -0.0339239   -0.476541           0   -0.819016   -0.261799    0.523599    0.594838    0.830831     2.79569    0.319865   -0.149316    0.705572     1.43045    0.479272   -0.384808    -1.21869    0.948601 0.000429262   -0.766063    0.669678    -1.09961
    0.355324   -0.0054406      1.35119    -0.779247   -0.0666779    -0.904515      1.65806      1.04999       1.5708            0    -0.735088    -0.202269     0.114655   -0.0339282     -0.47651            0    -0.819005    -0.261799     0.523599     0.594777     0.831566      2.79498     0.326813     -0.14843     0.698943       1.4302     0.478814    -0.384651     -1.21875     0.947129 -9.54346e-06    -0.764306     0.669755      -1.1001
  0.334673 -0.0343562    1.39757    68.6974  -0.330092    67.8067    1.35533    1.55334     1.5708   0.258515   -0.74628  -0.261799  -0.221408  -0.327871 -0.0184314          0  -0.755107  -0.261799  -0.415436   0.918979   -2.45352   0.383111  -0.481494   -1.14997    1.35115   -1.16107       2.55      1.606   -2.39576   0.547481   -1.17289  -0.393604   0.243236       2.55
   0.257644  -0.0616029     1.48827    -21.3047    -2.44953    -22.0129   0.0710607    0.599183     1.44466           0   -0.808581    0.134349    -1.30831  -0.0221249   -0.687576           0   -0.872665   -0.261799   -0.523599 -0.00213646    -1.07035     1.52843        2.55   -0.558077        2.55     0.65695      1.2312    -1.13904   -0.722141     1.44741   -0.347714  -0.0509247     1.40037    -1.34558
  0.378855 -0.0812163    1.41645   -9.91145   -3.10361   -10.5062    1.65806    1.31401     1.5708   0.210362  -0.669401  -0.261799  0.0249185  -0.232945  -0.264083 5.6799e-18  -0.870755  -0.261799 -0.0459377   0.349739   0.419848    2.77666    2.33218   -1.31669    1.69498   -1.05698    2.23042   -1.46999   -1.09746  -0.412191   0.223153   -2.08536  -0.588078    2.15043
     0.31849   -0.0536132       1.4687      6.07974    -0.638928      5.38125     0.929011      1.19728       1.5708     0.279373    -0.872665    -0.180966     -0.63095    -0.114947     -0.30823 -5.89806e-17    -0.872665    -0.261799     -0.20664     0.862061     0.698793       3.1034    -0.958396     -1.23186     -1.41269     -1.08147     -1.80288    -0.951638     -1.31892    -0.024412     0.279302     -2.33565    -0.712132      1.95325
    0.299073  -0.00661628      1.60327     0.524672    -0.540524     0.668615     0.356277     0.187198     0.610723 -1.47451e-17    -0.872665     0.261799     -1.15207     0.854106     -1.37436            0    -0.872665    0.0792071    -0.463763    -0.404623      -0.3272      1.14093    -0.188223    -0.391535    -0.413694      1.20836      1.12236    -0.893882    -0.896019     0.131393    0.0577712     -2.12128     -1.13595       1.8969
    0.299377  -0.00625942        1.604      0.51532     -0.53777     0.661228     0.359977     0.181437     0.615724 -1.14492e-16    -0.872665     0.261799     -1.14095     0.847736     -1.38151            0    -0.872665    0.0774892    -0.476183    -0.386561    -0.300547      1.06243     0.138597    -0.497241    -0.712701      1.23996      1.02727     -0.84752    -0.909053   -0.0133577    0.0499408     -2.02432     -1.12766      1.88308
   0.318719 -0.00617592     1.62196   -0.260323    -0.38395   -0.465341    0.872381    0.610018      1.5708           0   -0.872665  -0.0252298   -0.457934  -0.0172993    -0.79028  -9.633e-15   -0.872665   -0.261799    0.459128    0.318206    -1.13983    0.713542     2.23685    -1.13623   -0.348756   -0.344485    -1.55962     1.27899    -2.61117    -1.93067       0.292       -2.55    -1.06659     2.26207
    0.356248    0.0243705      1.58745      13.1842    -0.134555      13.2838    0.0252759   -0.0657899     0.642326 -9.84377e-19    -0.872665     0.261799     -1.50973     0.842372      -1.5708     0.202932    -0.872665     0.152241    -0.325827   0.00293531     -1.39549     0.642156         2.55     -0.46459         2.55     0.661496      1.39549     -1.68017     -1.22044    -0.271188     -1.56504     -1.62677    -0.959583        -2.55
   0.317166  0.00552853     1.62131     0.27172   -0.394806    0.473327    0.453186 -0.00597689    0.780677           0   -0.872665    0.261799   -0.883234    0.623537    -1.56155           0   -0.872665   0.0273474   -0.327454   -0.352017   -0.934346     1.27193   0.0548258   -0.800525   -0.819378     1.38246    0.508978    -1.48978    -1.13509     1.92996       0.292   -0.742823    0.920086    -0.69958
   0.317163  0.00552725     1.62131    0.271741   -0.394827    0.473342    0.453178 -0.00595474    0.780659           0   -0.872665    0.261799   -0.883254    0.623562    -1.56153           0   -0.872665    0.027351   -0.327479   -0.352072   -0.934281     1.27199   0.0548214   -0.800467   -0.819341     1.38245     0.50902    -1.48973    -1.13501     1.92994       0.292   -0.742898    0.919956   -0.699488
  0.274321    0.05461    1.68455  -0.284397  -0.851637   0.440432    1.05194 -0.0630329   0.434678          0  -0.872665   0.261799  -0.373497   0.947309    -1.5708   0.155474  -0.872665  0.0198279   0.523599  -0.767808  -0.438884    1.27129  0.0141699  -0.260327  -0.316504    1.04825    1.04021    -1.6475  -0.839812    2.16261      0.292  -0.545984    1.05532  -0.748042
  0.274321  0.0546065    1.68454  -0.284291  -0.851662   0.440528    1.05189 -0.0630221   0.434625          0  -0.872665   0.261799  -0.373569   0.947382    -1.5708   0.155482  -0.872665  0.0198527   0.523599  -0.767981  -0.438553    1.27137  0.0142763   -0.26018  -0.316266    1.04808    1.04029   -1.64756  -0.839598     2.1627      0.292  -0.545992    1.05527  -0.748033
 0.490981 0.0667237   1.68361   14.7932  -2.95928   71.9616   1.63135  0.454263    1.5708         0 -0.872665 -0.261799 0.0753916  0.284094  -1.36772         0 -0.805096  0.100444  0.523599 -0.422327  0.808481   2.59636   2.52061  -1.13247   1.56635  -1.34854      2.55 -0.901238  -1.38113   1.03188 -0.316185      2.55 -0.690517   2.20741
     0.38847    0.0881837      1.62428      -12.235   -0.0393401     -11.5909    0.0875413     -0.36023     0.372322 -2.66783e-27    -0.872665     0.261799     -1.65806      1.22319     -1.53493     0.560288    -0.861116     0.261799    -0.336469    -0.970651     -2.83308      1.08356      1.80158    -0.124538      2.37199      1.11284     0.382813      1.21091     -2.99015      2.08471     -1.47116      2.04945     0.436857     0.255279
   0.40718  0.0101086    1.78088   0.675127  -0.130969   0.752797  0.0320092 0.00977076   0.693684          0  -0.872665   0.158981   -1.61271   0.956796    -1.5708   0.211797  -0.872665   0.261799  -0.523599     -0.391    1.10004    2.02599   0.481501  -0.367669    1.04031   0.985202   0.866551  -0.953175  -0.560418   -1.05409   -2.15984    1.24927   0.830215   0.665954
    0.407178    0.0101076      1.78088     0.675122    -0.130983     0.752798    0.0320223   0.00977685     0.693683 -6.52256e-16    -0.872665     0.158981      -1.6127     0.956796      -1.5708      0.21179    -0.872665     0.261799    -0.523599    -0.390992      1.10026      2.02601     0.481767    -0.367568      1.04028      0.98519     0.866488    -0.953135    -0.560387      -1.0541     -2.15988      1.24916     0.830184      0.66603
    0.31676   0.0052737     1.82108    0.275557   -0.398448    0.476337    0.451829 -0.00224013    0.777137           0   -0.872665    0.261799   -0.886739    0.628499    -1.55895           0   -0.872665   0.0284465   -0.245088   -0.459981   -0.026751     1.46181    0.651841   -0.938342   -0.440012     1.43711    0.608684     1.31983    -2.51539       -2.55       0.292    -2.07792    -1.05425     2.10932
