    0.31676   0.0052737     1.02108    0.275557   -0.398448    0.476337    0.451829 -0.00224013    0.777137           0   -0.872665    0.261799   -0.886739    0.628499    -1.55895           0   -0.872665   0.0284465   -0.245088   -0.459981   -0.026751     1.46181    0.651841   -0.938342   -0.440012     1.43711    0.608684     1.31983    -2.51539       -2.55       0.292    -2.07792    -1.05425     2.10932
    0.318294   0.00574881      1.02156      3.40647     -2.75322      3.61244     0.456488   -0.0141552     0.784304 -2.31619e-14    -0.872067     0.261799    -0.875721     0.618125     -1.56979 -2.77556e-17    -0.872665     0.027314    0.0556283    -0.671697     -1.98731      1.99813     0.440354        0.298     0.973526    -0.819979     -2.06432     -2.02263    -0.552983        -2.55        0.292     -1.99594      1.45373    -0.477829
  0.444557 -0.0387866    1.07266   0.884771  -0.861634   0.177787  0.0889477    1.04893     1.5708  0.0921083  -0.872665  -0.261799   -1.65806   0.242977  -0.819871          0  -0.872665   0.167319  -0.523599   0.541435  -0.639007    1.17343   0.107781   -0.54604  -0.684149    1.20817   0.631301  -0.332441   -1.08107  -0.560683   -1.23738   0.922226      1.508  -0.208283
  0.343092 -0.0456357    1.07979   0.788902   0.145475  0.0823235 -0.0625251  -0.323063    1.28934          0  -0.798073   0.261799   -1.49734 -0.0567586    -1.5708          0  -0.872665  -0.197816  -0.523599   0.583065  -0.846018    1.01918    0.32246  -0.969059  -0.342712    1.07951   0.722901   0.361516   -2.54791      -2.55   -1.99764    1.13838    1.05935    1.39624
  0.304936  0.0014602    1.21255  -0.402221  -0.490677  -0.572431    1.01388   0.759386    1.46521          0  -0.872665 -0.0555007   -0.40372   0.105299  -0.682537          0  -0.872665  -0.261799   0.065394   0.704114  -0.878082   0.642993  0.0409386    -1.2682   -1.33332      1.478   0.379807   0.257064   -1.18366   -1.90158      0.292   -1.18871  -0.742802    1.45349
    0.318747   0.00618525      1.22194      3.40218     -2.75778      3.60715     0.457642   -0.0173579     0.790181 -7.20703e-26    -0.872665     0.261799    -0.872731      0.61021      -1.5708            0    -0.872665    0.0252281    0.0560758     -1.26735     -1.91037      2.93388    0.0712339        0.298       0.7209    -0.443968     -1.34064      1.41162     -3.37728     0.720367     0.264766     0.878683     -1.42362      2.22103
   0.310553 -0.00209302     1.21751   -0.331673   -0.445625   -0.518054    0.941201     0.69134     1.51647           0   -0.872665  -0.0405641   -0.430379   0.0493511   -0.732087           0   -0.872665   -0.261799   -0.107317     0.60702    0.991863     2.91231     1.10662   -0.182914   0.0981848       1.478    0.620522     0.18325    -1.16688    -1.96511       0.292    -1.10947   -0.664839      1.3919
   0.310553 -0.00209308     1.21751   -0.331672   -0.445625   -0.518053    0.941199    0.691339     1.51647           0   -0.872665  -0.0405635    -0.43038   0.0493505   -0.732087           0   -0.872665   -0.261799   -0.107326    0.606997    0.991861     2.91232     1.10662   -0.182869   0.0981602       1.478    0.620524    0.183188    -1.16686    -1.96497       0.292    -1.10941    -0.66484     1.39178
    0.408399     0.010875      1.17401     -14.9748     -3.03715     -14.9402   -0.0273108    0.0307555     0.686406 -3.56297e-26    -0.872665     0.157791     -1.65806     0.963561      -1.5708     0.131334    -0.817848     0.261799    -0.523599    -0.510616      1.22001      1.94008   -0.0520195    -0.186467     -1.36844    -0.829206     -2.40409     -1.59184    -0.870647    -0.010142     -1.14218      1.45671      1.34673     0.148497
    0.318746  -0.00618356      1.22194     -15.9686     -2.75776     -16.1735     0.872719     0.610218       1.5708            0    -0.872665   -0.0252309    -0.457654   -0.0173528    -0.790174 -2.00054e-12    -0.872665    -0.261799     0.400227     0.205995       -3.352      2.23373     -2.28253    -0.745987      2.37143     -1.21402        -2.55     -1.66669    -0.752042    -0.981341    -0.226157    -0.623986     -1.17603      2.39356
  0.343028 -0.0824397     1.0438    3.29049   -3.14856    1.83104     1.5415    1.55334     1.5708    1.01833  -0.872665  -0.245446   0.092731   -1.58103   0.124399   0.737182  -0.872665  -0.261799   -0.10345    1.65634   -3.23472    1.04122       2.55  -0.132144    1.85238   0.955375   0.311924     -3.359  -0.432066   -2.49208      0.292   -1.41677    1.17024   0.267731
   0.347881  -0.0470596     1.22622     15.2144    -2.81447     14.5374     1.52058     1.40648     1.42482    0.187722   -0.750594   -0.261799   -0.222883   -0.142248   -0.165764 8.67362e-19   -0.839451    -0.25998   0.0455842     1.32626    0.944235     3.12543     1.38955    0.030316   -0.140792     1.33404    0.547965    0.938299    -1.35824    0.714021  -0.0230195     0.86048   -0.643809     2.47787
  0.381089 -0.0116876    1.37374   0.814903  -0.327827   0.851176  0.0911809   0.241732   0.615877 1.0842e-19  -0.872665   0.154642   -1.65806    1.02349   -1.36298          0  -0.810568   0.261799  -0.523599  -0.744383   -2.55934    2.21302       2.55  -0.380186   0.937795   0.767719    1.36988  -0.963999  -0.579529 -0.0190713   -1.12471    1.39157    1.46144   -0.28061
    0.312953  -0.00339449      1.41907    -0.308073    -0.427108    -0.500268     0.917957     0.665902      1.53405 -1.18707e-14    -0.872665    -0.035463    -0.439313    0.0285267    -0.750388  3.15544e-30    -0.872665    -0.261799     0.398871     0.326405       -3.352      2.87718     -2.10561     -1.24042      1.95472     -1.11717        -2.55     -3.15852     -2.53001         2.55     -1.42602      -2.2939       -1.542         2.55
   0.389136 -0.00548812     1.37222    0.806511   -0.256716    0.826211   0.0376622    0.189567    0.642054           0   -0.872665    0.155215    -1.65806      1.0019    -1.43256           0   -0.788513    0.261799   -0.523599   -0.392889   -0.137137     1.04865    0.378608   -0.423959   -0.493651    0.935071     1.03673     1.17301    -2.69658   -0.780536    0.168259   -0.460512     1.24424   -0.454713
   0.388801 -0.00573401     1.37229    0.806832   -0.259535    0.827193   0.0397072    0.191664    0.641048           0   -0.872665    0.155226    -1.65806     1.00273     -1.4298 3.46945e-18   -0.789379    0.261799   -0.523599   -0.411918  -0.0727421     1.04851    0.413998   -0.460461   -0.467721    0.948998     1.03071     1.14374    -2.68228   -0.787885   0.0634301   -0.435456     1.29906   -0.486824
  0.408004   0.010112    1.37276   -18.1036  -0.106864   -18.0784 -0.0342005  0.0417847   0.685405          0  -0.872665   0.156827   -1.65806   0.964682    -1.5708   0.102561  -0.802122   0.261799  -0.523599  -0.638284  -0.605203    1.61424    2.04315  0.0265653   0.972568  -0.826682   -2.41768   -1.70786  -0.719679  0.0927657  -0.889286    1.48307    1.37645 -0.0264853
    0.408301    0.0107156      1.37375     -18.1136    -0.104951      -18.081    -0.028786    0.0330723     0.686057 -2.11723e-14    -0.872665     0.157642     -1.65806     0.963891      -1.5708     0.125205    -0.814491     0.261799    -0.523599    -0.523741      1.23706      1.90601    0.0652947    -0.174158     -1.46588    -0.828585     -2.41505     -1.60427    -0.847464   -0.0056148     -1.11655       1.4709      1.34496     0.131063
    0.369866   -0.0680953      1.45029      2.85881     -2.81534      2.16992      1.31305      1.24107       1.5708     0.431507    -0.872665    -0.261799    -0.354859    -0.238509    -0.358089 -1.06137e-13    -0.872665    -0.242112     0.492723     0.658546     -1.88602      1.37642         2.55    -0.613265      1.75054     0.872281      1.20387     -1.53746    -0.808633        -2.55    0.0628163     -2.29769      1.32159    -0.747177
  0.387283 -0.0873034     1.4293    2.84223     -3.066    2.17689    1.57417     1.2146     1.5708   0.565376  -0.872665  -0.261799   -0.13974   -0.36495  -0.383238          0  -0.872665  -0.261145   0.523599   0.347991   -1.13781    1.55212    1.69995   -1.25852    1.68546   -0.36741       2.55   -1.79311  -0.515405      -2.55   0.159919   -2.34765    1.36531  -0.684707
   0.318748 -0.00618178     1.62194    -3.40225    -2.75774    -3.60722    0.872783    0.610304      1.5708           0   -0.872665  -0.0252723   -0.457614  -0.0173246   -0.790111 8.67362e-19   -0.872665   -0.261799     0.27352    0.921216       1.603     2.63708     1.07678   -0.647745    0.547885     1.38404     1.38204   -0.738902    -1.14031    -2.32024     -1.7235    0.125299    0.219073     1.66306
  0.368103  0.0265746    1.58791  -0.702042  -0.536095  -0.820555    1.42172    1.05567    1.34251          0  -0.872665  -0.261799  -0.334519   0.307762  -0.598105          0  -0.872665  -0.133342   0.523599    0.60596  -0.829881   0.687994  0.0208444  -0.594188   -1.19102    1.39415   0.721484  -0.178716   -1.08584   -1.86285 -0.0498552  -0.871887  -0.909133    1.96481
    0.387238   0.00687425       1.5726    -0.808346    -0.272654    -0.831783      1.65806      1.00661      1.41696 -7.97973e-17    -0.793426    -0.261799   -0.0492893     0.201384     -0.63631            0    -0.872665    -0.155274     0.523599      0.41231     -1.74905      0.84623    -0.272744    -0.243703     -1.48986      1.38817     0.457237    -0.254085     -1.11086   -0.0751246    -0.187321        0.345      0.83138     -1.13222
  0.387236 0.00687579     1.5726  -0.808348  -0.272671  -0.831789    1.65806    1.00661    1.41694          0  -0.793432  -0.261799 -0.0493023   0.201397  -0.636304          0  -0.872665  -0.155273   0.523599   0.412373   -1.74899   0.846157  -0.272741  -0.243712   -1.48981     1.3881   0.457245  -0.253986   -1.11088 -0.0751297  -0.187274   0.344935   0.831353   -1.13225
  0.414374 -0.0227719    1.66109   -21.0923   -2.06003   -21.7558   0.200212    1.25917    1.47281  0.0518922  -0.872665  -0.261799   -1.65806   0.254707  -0.569543          0  -0.872665   0.130952  -0.523599   0.291348  -0.783634    1.30449   0.188336   0.103851     -1.159     1.0694   0.903926  -0.931592  -0.921546    1.83676  -0.317604       2.55   -1.19698    1.96871
  0.353062 -0.0466026      1.625  -0.629521  -0.295395   -1.16421    1.65806     1.3739    1.34935          0   -0.65814  -0.261799   -0.14249 0.00467242  -0.197891          0  -0.872665  -0.254151   0.451036    0.79219   -1.55115   0.953293  -0.209322  -0.196253   -1.45488    1.31164   0.596852  -0.260359  -0.932878  -0.047977  -0.253973   0.472931   0.960504   -1.23468
   0.522176  -0.0630413     1.68609     7.13381   -0.200338     6.43267  -0.0476628    0.341519      1.5708  7.0279e-18   -0.806331   -0.189992    -1.56592     0.32102     -1.5708           0   -0.872665    0.261799    -0.45646    0.297583 -0.00084839     2.07376    -1.47271    -1.11354    -2.17683   -0.412221    -1.14942    -1.88604   -0.683471    0.109863    -2.15425     1.48309     1.22269     1.28322
   0.376109  -0.0742556     1.61379     5.73133  -0.0528379     5.18443     1.65806      1.3227      1.5708   0.0793016   -0.606112   -0.261799   0.0430171   -0.165575    -0.25412 5.58128e-19   -0.872665   -0.258961    0.306886     1.31588    -2.37741    0.364151   -0.368193       0.298    -1.53103     1.30253    0.734621      1.2722    -1.87106     1.57974    -1.13664    -1.49036   -0.244406       -2.55
   0.400228 -0.00221839     1.76967   -0.797016   -0.168704   -0.795756     1.65806    0.976888     1.51875           0   -0.761795   -0.261799   0.0234588    0.123098   -0.672485           0   -0.872665   -0.153504    0.523599    0.779468   -0.992098    0.624231   0.0683321    -1.59049    -1.36282       1.478  -0.0544598   -0.359112   -0.959985    -2.45542    -1.07523     1.38685    0.301927     0.10304
    0.369672    0.0237749      1.78492    -0.732435    -0.494224    -0.835528      1.47878      1.05186      1.33961            0    -0.860611    -0.261799     -0.28104     0.296811    -0.596699 -2.56739e-16    -0.872665    -0.140369     0.523599     0.681121    -0.948067     0.643721   -0.0816157    -0.579159     -1.20766      1.41477     0.696936     0.225076     -1.13011    -0.283599   -0.0968859     0.280385     0.829806      -1.1696
  0.387253 0.00687107     1.7726  -0.808341  -0.272608  -0.831757    1.65806    1.00659    1.41701          0  -0.793412  -0.261799  -0.049258   0.201362  -0.636352          0  -0.872665  -0.155259   0.523599   0.412482   -1.75063   0.846062  -0.275769  -0.241283     -1.488    1.38825   0.458549   -0.25341   -1.11111 -0.0748427   -0.18762   0.343873   0.831275   -1.13209
  0.387251  0.0068727     1.7726  -0.808343  -0.272627  -0.831763    1.65806    1.00659    1.41699          0  -0.793417  -0.261799 -0.0492717   0.201376  -0.636346          0  -0.872665  -0.155259   0.523599   0.412548   -1.75057   0.845984  -0.275764  -0.241288   -1.48796    1.38817   0.458559  -0.253306   -1.11113 -0.0748479  -0.187573   0.343803   0.831247   -1.13212
    0.31676   0.0052737     1.82108    0.275557   -0.398448    0.476337    0.451829 -0.00224013    0.777137           0   -0.872665    0.261799   -0.886739    0.628499    -1.55895           0   -0.872665   0.0284465   -0.245088   -0.459981   -0.026751     1.46181    0.651841   -0.938342   -0.440012     1.43711    0.608684     1.31983    -2.51539       -2.55       0.292    -2.07792    -1.05425     2.10932
