    0.31676   0.0052737     1.02108    0.275557   -0.398448    0.476337    0.451829 -0.00224013    0.777137           0   -0.872665    0.261799   -0.886739    0.628499    -1.55895           0   -0.872665   0.0284465   -0.245088   -0.459981   -0.026751     1.46181    0.651841   -0.938342   -0.440012     1.43711    0.608684     1.31983    -2.51539       -2.55       0.292    -2.07792    -1.05425     2.10932
    0.318294   0.00574881      1.02156      3.40647     -2.75322      3.61244     0.456488   -0.0141552     0.784304 -2.31619e-14    -0.872067     0.261799    -0.875721     0.618125     -1.56979 -2.77556e-17    -0.872665     0.027314    0.0556283    -0.671697     -1.98731      1.99813     0.440354        0.298     0.973526    -0.819979     -2.06432     -2.02263    -0.552983        -2.55        0.292     -1.99594      1.45373    -0.477829
  0.342983 -0.0465842    1.07788   0.789605   0.161059   0.051542 -0.0547674  -0.340144    1.32053          0  -0.798802   0.261799   -1.50011  -0.099624    -1.5708          0  -0.872665   -0.21517  -0.523599   0.501492  -0.375938    1.27329   0.447713   -1.17213 -0.0333258    1.19568   0.879781   0.398607   -2.55225      -2.55   -2.00095    1.16897    1.15635    1.32193
    0.342984   -0.0465768      1.07789     0.789597     0.160952    0.0517536   -0.0548223    -0.340028      1.32031  2.77556e-17    -0.798798     0.261799     -1.50009   -0.0993298      -1.5708 -1.14362e-15    -0.872665     -0.21505    -0.523599     0.502009    -0.381002      1.27103     0.446149     -1.17112   -0.0361421      1.19522     0.877487     0.398397     -2.55217        -2.55     -2.00096      1.16878      1.15575      1.32238
   0.364061  -0.0313576     1.17414     8.71759    -3.10554      8.6934     1.65806    0.852315      1.5708    0.176162   -0.824053   -0.156527     0.10699  -0.0802144   -0.635316 4.33893e-19   -0.872665   -0.261799    0.094639    0.688733    -1.63147     0.15091 -0.00802584    -1.85322     1.30028   -0.978212        2.55    -2.90174    -2.47932     -2.4682       0.292    -2.15544    0.381652   -0.402503
    0.308854  -0.00426652      1.19576     0.616375    -0.477258     0.734489     0.258419     0.184067      0.58912  8.67362e-19    -0.872665     0.261799     -1.28611     0.890486     -1.37544 -3.56069e-14    -0.852366     0.109496    -0.523599    -0.440144    -0.474682       1.2286    -0.959349    -0.263924     0.243955      1.11508      1.21625     -1.07722    -0.957513      -1.0053        0.292    -0.819686     -1.34893      1.85543
    0.321036    0.0035104      1.20346      0.51501    -0.396248     0.659941     0.268805    0.0753982     0.651631 -3.55271e-15    -0.872665     0.261799     -1.16632     0.813489     -1.51417            0    -0.840561     0.102278    -0.523599    -0.698979    -0.556991      1.67723    -0.747676    -0.265485     0.239162      1.12649     0.841662     -0.83701    -0.885253     0.398834    -0.570784     0.644136      1.36543    -0.985008
  0.321036 0.00351023    1.20346   0.515007  -0.396247   0.659943   0.268807  0.0753945   0.651631          0  -0.872665   0.261799   -1.16631    0.81349   -1.51418          0   -0.84056   0.102281  -0.523599  -0.698983  -0.556987    1.67724  -0.747675  -0.265488   0.239158     1.1265   0.841672  -0.837012  -0.885269   0.398829  -0.570798   0.644185     1.3655   -0.98509
   0.270099  -0.0629282     1.28881    0.790175   -0.304743    0.122599  -0.0161293    0.125254     1.26787           0   -0.794987    0.261799    -1.42693 -0.00835158    -1.08019           0   -0.872665   -0.261799   -0.523599    0.124421    -0.45863     1.53767   -0.662849   -0.218865    0.457329    0.841255     1.11067    -1.45188 6.93889e-18     -1.6361    -2.05758     0.32525    -0.21098     1.52566
     0.26721   -0.0629841      1.28871     0.792735    -0.324202     0.128738   -0.0155129     0.144976       1.2628            0    -0.795083     0.261799     -1.42683 -0.000247214     -1.06155 -2.46331e-16    -0.872665    -0.261799    -0.523599     0.057719    -0.185667      1.55365    -0.530948    -0.164302     0.586798     0.799838      1.09591    -0.307806    -0.612653    -0.551377     -1.94017      1.31465        1.508    -0.297731
   0.264662  -0.0657293     1.29076    0.701108   -0.650597  -0.0330441    0.119439    0.553017     1.43468    0.126867   -0.872665    0.131957    -1.31998  -0.0524452    -0.72282 3.46945e-18   -0.872665   -0.261799   -0.523599    0.252233   -0.403606     1.53245   -0.646424   -0.210511    0.274411    0.986148     1.07402    -1.15664   -0.964965    0.425501   -0.573852    0.757269     1.47354   -0.811247
   0.264664    -0.06573     1.29076    0.701099    -0.65059  -0.0330583    0.119442    0.553013     1.43469    0.126868   -0.872665    0.131952    -1.31997  -0.0524561   -0.722825 3.46945e-18   -0.872665   -0.261799   -0.523599     0.25224   -0.403569     1.53247   -0.646405   -0.210519    0.274439    0.986191     1.07402    -1.15668   -0.964954    0.425415   -0.573792    0.757412     1.47359    -0.81133
    0.322319   -0.0185759        1.384     0.564266    -0.418692     0.861732     0.291782    0.0203884     0.461577 -3.81639e-17    -0.813773     0.261799     -1.20116       1.0508      -1.5708    0.0609376    -0.872665     0.178193    -0.523599    -0.671549    -0.206269      1.22204    -0.293505    -0.216606    -0.139004      1.02162      1.16176    -0.620132    -0.918131     0.123041    -0.776262     0.810052        1.508     -0.79605
   0.318748 -0.00618188     1.42194   -0.260622   -0.383845   -0.465596    0.872751     0.61027      1.5708           0   -0.872665  -0.0252488   -0.457637  -0.0173362   -0.790137 2.77556e-17   -0.872665   -0.261799   -0.281099    0.297804   -0.914253    0.971105    0.236148    -2.17158     -1.3596       1.478   -0.486195   -0.012117   -0.918025   -0.604843   -0.437844    0.452065    0.738702    -1.28615
   0.337183  0.00468354     1.39402    0.550777    -0.30146    0.752073    0.195276 -0.00794821    0.585127           0   -0.853023    0.261799    -1.29141    0.905359     -1.5708    0.112052   -0.872665    0.153653   -0.523599   -0.796979   -0.554509     1.63742   -0.457622  -0.0196148   0.0634695     0.91997    0.787228   -0.675068   -0.850094  0.00756018    -1.07139    0.914502       1.508   -0.644209
   0.337182  0.00468332     1.39402    0.550776   -0.301469    0.752073    0.195282 -0.00794225    0.585131           0   -0.853027    0.261799    -1.29141    0.905357     -1.5708    0.112051   -0.872665    0.153657   -0.523599   -0.796981   -0.554452     1.63742   -0.457615  -0.0196252   0.0634991    0.919977    0.787246   -0.675156   -0.849997  0.00744598    -1.07119    0.914736       1.508   -0.644261
  0.318744 0.00617962    1.42194   0.260648  -0.383875   0.465624   0.457631 -0.0173153   0.790113          0  -0.872665   0.261799  -0.872767    0.61031    -1.5708          0  -0.872665   0.025268  0.0840114  -0.631048   0.419739    1.55683   0.406603   0.248555   0.655805   0.551451   0.630157   -1.70649  -0.348141  -0.428346  -0.849476     2.0495    1.16828  -0.284331
    0.318744   0.00617973      1.42194     0.260647    -0.383874     0.465623     0.457631   -0.0173162     0.790114  -3.1225e-17    -0.872665     0.261799    -0.872766     0.610308      -1.5708 -1.84314e-18    -0.872665    0.0252671  -0.00750236    -0.519283    -0.664784      1.16816      1.55316    -0.842748     -1.42498     0.800473     0.286467     -1.49265    -0.592931    -0.392502     -1.04167      1.75246      1.16863    -0.168145
    0.302166     0.074543      1.49394    -0.689428     -0.46316     0.126829      1.31388    -0.183991     0.882029 -6.93889e-16    -0.872665     0.261799    -0.103976     0.401134      -1.5708     0.138807    -0.872665   -0.0989815     0.523599    -0.573994     -0.93373     0.749902     0.929962     -1.87883     -1.40851      1.06014    -0.276398    -0.918676    -0.910953    -0.990051    -0.820567      1.38764     0.880868    -0.523081
 0.351249 0.0548506   1.43489  -12.0744 -0.317424    -11.45  0.217945 -0.122489  0.217893 0.0195098 -0.872665  0.261799  -1.37597   1.34888   -1.5708 0.0955485 -0.688623  0.254939 -0.162477 -0.963569  0.325174   1.63456 -0.342417 -0.535226  -2.24828 -0.941119  -2.01288  0.382201  -2.88306  0.337367  -1.11321    2.0291    -1.542   2.08019
   0.313965 -0.00391071     1.61965   -0.298886   -0.419424    -0.49345    0.909025    0.655654     1.54099           0   -0.872665  -0.0334826    -0.44284   0.0201026   -0.757728           0   -0.872665   -0.261799    0.315009     0.35783    0.635444     2.08213    -0.44098    -1.43638    -2.28378    -1.45663     -1.2536    -2.70887    -1.41426       -2.55    -1.44327   -0.795586      1.4884     -1.8307
    0.318747  -0.00618244      1.62194    -0.260619    -0.383838    -0.465591      0.87275      0.61026       1.5708 -2.06293e-14    -0.872665   -0.0252401    -0.457634   -0.0173427    -0.790144            0    -0.872665    -0.261799   -0.0140904     0.151961    -0.946958     0.536101      1.24062     -2.15514     -1.26401     0.629084    -0.527348      -0.6528    -0.509553     -1.30716     -1.04918      1.48303     0.730655     -0.63384
   0.331964   0.0100973     1.60705    -5.81521   -0.331708    -5.64269    0.263851 0.000881839    0.674761           0   -0.872665    0.261799    -1.16592    0.782835     -1.5708   0.0794541   -0.872665    0.107936   -0.464994   -0.361731   -0.625026    0.499936     1.19115    -1.32951    -1.55093    0.849001    0.381328    -1.01358    -1.03329   -0.711627   -0.774921     1.49234     1.12755   -0.385824
   0.35555 -0.0237745    1.58813  -0.614052  -0.141839  -0.716863    1.49905   0.842223     1.5708   0.198673  -0.872665   -0.15179 -0.0330538 -0.0627694  -0.642201          0  -0.872665  -0.261799   0.421063   0.452951   -1.12798    0.43046    1.05601   -2.04337   -1.43536    0.62977  -0.492395  -0.971266   -1.15931  -0.968542  -0.557888    1.32302   0.947699  -0.472605
    0.287314    0.0619067      1.68827    -0.779395    -0.188876   -0.0878161       1.4323   -0.0565555       1.1909 -1.77636e-15    -0.872665     0.261799    0.0197474   0.00831243     -1.29793            0    -0.794823    -0.261799     0.523599     -0.21615    -0.916693     0.270129      1.20887     -2.41332      -1.2251       0.6432    -0.423177     -0.77319     -1.01629     -1.24851    -0.806878      1.24172     0.793416    -0.489528
   0.287312   0.0619069     1.68827   -0.779396   -0.188893   -0.087821      1.4323  -0.0565485     1.19088 5.55112e-17   -0.872665    0.261799   0.0197468   0.0083293    -1.29792           0   -0.794823   -0.261799    0.523599   -0.216217   -0.916663    0.270165     1.20894    -2.41331    -1.22517    0.643184   -0.423109   -0.773262    -1.01619    -1.24842   -0.806943     1.24164    0.793313   -0.489415
     0.2865   0.0619819     1.68834   -0.779736   -0.194384  -0.0894079     1.43185  -0.0542821     1.18564           0   -0.872665    0.261799   0.0195714   0.0138592    -1.29651 1.38778e-17   -0.794832   -0.261799    0.523599   -0.261932    -1.34281    0.609012    0.666521    -1.94166    -1.61874    0.901233   -0.416215   -0.815204    -1.01949    -1.12606   -0.709915     1.25179    0.814073   -0.590054
    0.286298    0.0620008      1.68835    -0.779811    -0.195771   -0.0897794      1.43173   -0.0537403      1.18431            0    -0.872665     0.261799    0.0195166    0.0152623     -1.29618 -3.88578e-16    -0.794874    -0.261799     0.523599    -0.260771      -1.3358     0.612388     0.664588     -1.93848     -1.61671      0.90898    -0.411229    -0.807233     -1.02332     -1.11918    -0.706454      1.24275     0.817886     -0.59473
  0.318749 0.00617646    1.82191   0.261087  -0.383948   0.465978   0.457293 -0.0171714   0.789824          0  -0.872665   0.261799  -0.873217   0.610723    -1.5708          0  -0.872665  0.0254189  -0.347936  -0.533191  -0.651229   0.546611    1.52028    -1.7426   -1.41512   0.630755 -0.0170039  -0.605465  -0.457725    -1.0331   -1.22757    1.48592   0.939419  -0.541636
  0.318749 0.00617647    1.82191   0.261087  -0.383948   0.465978   0.457293 -0.0171714   0.789824          0  -0.872665   0.261799  -0.873217   0.610722    -1.5708          0  -0.872665  0.0254188  -0.347291  -0.531625  -0.649783   0.545887    1.51788   -1.74133   -1.41507   0.633372 -0.0145676  -0.606736   -0.45607    -1.0381   -1.23176    1.48811   0.936213  -0.538195
  0.318749 0.00617647    1.82191   0.261087  -0.383948   0.465978   0.457293 -0.0171715   0.789824          0  -0.872665   0.261799  -0.873217   0.610722    -1.5708          0  -0.872665  0.0254188  -0.322668  -0.332837  -0.676153   0.456995    1.23313   -1.58589     -1.521   0.785278   0.208566  -0.948836  -0.987749  -0.864058  -0.827463    1.46463    1.06538  -0.407761
  0.379326  -0.007944     1.7566   -24.3694  -0.103371   -24.2064 -0.0160292 -0.0724677   0.487969   0.126054  -0.872665   0.218186   -1.65806    1.11658    -1.5708  0.0539156  -0.781268   0.261799  -0.523599  -0.619765   0.121214    1.38654  -0.522435  -0.500682      -2.55   -0.85854   -1.81216    -1.8032  -0.579543  -0.285453  -0.547757    2.10544    1.29864  -0.248944
    0.31676   0.0052737     1.82108    0.275557   -0.398448    0.476337    0.451829 -0.00224013    0.777137           0   -0.872665    0.261799   -0.886739    0.628499    -1.55895           0   -0.872665   0.0284465   -0.245088   -0.459981   -0.026751     1.46181    0.651841   -0.938342   -0.440012     1.43711    0.608684     1.31983    -2.51539       -2.55       0.292    -2.07792    -1.05425     2.10932
