    0.31676   0.0052737     1.02108    0.275557   -0.398448    0.476337    0.451829 -0.00224013    0.777137           0   -0.872665    0.261799   -0.886739    0.628499    -1.55895           0   -0.872665   0.0284465   -0.245088   -0.459981   -0.026751     1.46181    0.651841   -0.938342   -0.440012     1.43711    0.608684     1.31983    -2.51539       -2.55       0.292    -2.07792    -1.05425     2.10932
    0.318742   0.00618194      1.02194     0.260604    -0.383848     0.465585     0.457651   -0.0173459     0.790144 -3.19189e-16    -0.872665     0.261799     -0.87273     0.610255      -1.5708            0    -0.872665    0.0252382     -0.29135    -0.433763    -0.366599      1.42305      0.45299     -1.01041    -0.603924        1.478     0.495409      1.56227     -2.45779     -1.05962        0.292    -0.824247     0.963537    -0.678325
  0.267175 -0.0649128    1.09048   0.708828   -0.59766 -0.0143495  0.0483619   0.496455    1.44917          0  -0.806977   0.146541   -1.32785 -0.0516635  -0.777826          0  -0.872665  -0.261799  -0.523599   0.177538   0.310617    1.33442   0.847879  -0.585737  -0.419508    1.12094   0.915924      1.606   -2.80198   -1.01546      0.292  -0.705366    1.13845  -0.836491
    0.342983   -0.0465838      1.07788     0.789605     0.161051    0.0515547   -0.0547704    -0.340137      1.32052  2.77556e-17    -0.798803     0.261799     -1.50011   -0.0996068      -1.5708 -3.67761e-16    -0.872665     -0.21516    -0.523599     0.501599    -0.376487      1.27309     0.447493     -1.17206   -0.0334316      1.19561     0.879266     0.398532      -2.5523        -2.55     -2.00099      1.16882      1.15626      1.32214
    0.304579   0.00172249      1.21214    -0.407845    -0.493657    -0.576824      1.01989     0.764341      1.46118            0    -0.872665   -0.0566698    -0.401571     0.109399    -0.678885 -8.68415e-15    -0.872665    -0.261799    0.0802908      0.69527    -0.862669     0.652926    0.0488848     -1.25046     -1.32249        1.478     0.396623     0.217211     -1.19177      -1.8151        0.292     -1.23216    -0.748488       1.4581
  0.315719 0.00477679    1.22057   0.283958  -0.406229   0.482452   0.448572 0.00596015   0.770036          0  -0.872665   0.261799  -0.894707   0.638448   -1.55243          0  -0.872665  0.0302573  -0.317858  -0.267996    1.24267    2.81317  -0.813023    -1.4208   -1.48851  -0.781978   -1.06695   0.335999  -0.852905  -0.868399   -1.52455   -2.46593     -1.542    2.42123
   0.388356  0.00533648     1.16751     11.7655   -0.196167     11.7193     1.65806     1.02629     1.49007           0   -0.774082   -0.261799 -0.00826268    0.111107    -0.60498   0.0320247   -0.872665   -0.174287    0.523599    0.459057    0.740693     2.94173   -0.646768   -0.654958    -1.53998    -1.37661    -2.35025   -0.466116    -1.13331    -1.52521    0.109037    -1.11048    -0.78536     1.83636
    0.318747   0.00618272      1.22194     0.260624    -0.383838     0.465596     0.457629   -0.0173425     0.790141            0    -0.872665     0.261799    -0.872755     0.610265      -1.5708 -1.47451e-16    -0.872665    0.0252412    -0.385511    -0.265687      1.02759      2.22812     0.852152    -0.642688     0.370249        1.478     0.901414    0.0838121    -0.655679     -1.06266      -1.3941     0.907403      1.24626    -0.620038
   0.318746  0.00618265     1.22194    0.260617    -0.38384    0.465591    0.457636  -0.0173445    0.790144 -7.7708e-15   -0.872665    0.261799   -0.872747    0.610259     -1.5708           0   -0.872665    0.025238   -0.405131   -0.210341     -1.7056    0.698799      1.2511    -0.30176    0.322968    -1.13059    -2.39074    -1.02403    -1.36522     2.16714       0.292     1.63036   -0.949473     2.51466
   0.328439 -0.00029932     1.21823    0.325897   -0.430365     0.52707    0.441115   0.0425714    0.749787           0   -0.872665    0.233082   -0.928542    0.715612     -1.5708           0   -0.872665   0.0786885   -0.124563   -0.560173   -0.925591     1.60807     1.36535    0.224329     1.02938   -0.959158    -2.09767     1.30365    -2.78973   -0.828023       0.292   -0.700573      1.1347   -0.591101
    0.308515    0.0753574      1.29337    -0.714632    -0.400022     0.116504      1.34131     -0.20001     0.946723 -4.61436e-15    -0.872665     0.261799   -0.0854975     0.328022      -1.5708     0.137911    -0.872665    -0.109732     0.523599     0.447186      1.09021      3.12993      1.02366    -0.414555     0.621306        1.478      1.06257      1.49843    -0.854979      -1.2296        0.292     -1.20093     0.298413    -0.221111
    0.308516    0.0753575      1.29337    -0.714636     -0.40001     0.116503      1.34132    -0.200013     0.946736 -2.29721e-15    -0.872665     0.261799   -0.0854941     0.328008      -1.5708     0.137911    -0.872665    -0.109734     0.523599     0.447185      1.09053      3.12998      1.02468    -0.414035     0.620376        1.478      1.06224      1.49843    -0.854978      -1.2296        0.292     -1.20097     0.298413    -0.221078
  0.366179 -0.0323822    1.37721  -0.670264 -0.0322964  -0.717808    1.65806   0.842639     1.5708    0.26258  -0.872665   -0.15679  0.0809297  -0.108518  -0.645058          0  -0.872665  -0.261799   0.173614   0.264508   -1.65079   0.703449   0.131096   -2.21831    1.77032  -0.944451    2.00554  -0.595357  -0.609548   -1.53117  -0.886896     1.0791   0.605362  -0.442533
    0.318748   0.00618182      1.42194     0.260636    -0.383846     0.465607     0.457626   -0.0173328     0.790129 -6.02566e-28    -0.872665     0.261799    -0.872766     0.610282      -1.5708 -1.11022e-16    -0.872665    0.0252529    -0.448286    -0.519557     -1.76145      0.58979      1.91429     -1.78574      1.67149     0.495207      2.30311    -0.329348    -0.723582    -0.621112    -0.918849      1.00641      1.16704    -0.858911
  0.311716 0.00636281     1.4103  -0.360607  -0.469681  -0.608172   0.934496   0.799313     1.5708          0  -0.872665 -0.0800714  -0.438374  0.0312382  -0.646922          0   -0.85117  -0.261799   0.264355   0.876909   -1.35842   0.517705   -1.76382   0.167963    0.32489    1.11181    1.07554   0.836528   -1.41237   -1.40772  -0.244226   0.425716   0.954783  -0.802419
 0.403038 0.0062867    1.3847  0.656592 -0.177312   0.75303 0.0778662 0.0314474  0.690534         0 -0.872665  0.157534  -1.55265    0.9596   -1.5708  0.185716 -0.872665  0.261799 -0.523599 0.0869199  -1.48326  0.521888   2.40951  -0.43854      2.55  0.778635   1.24807  -1.47709  -1.21791 -0.888993  -1.57412  -1.51272 -0.650263     -2.55
   0.313882 -0.00386893      1.4196   -0.299652   -0.420059   -0.494012    0.909772    0.656504     1.54042 3.46945e-18   -0.872665  -0.0336577   -0.442537   0.0208033   -0.757124           0   -0.872665   -0.261799  -0.0238425    0.622848    -2.02747    0.540355    -1.93074    0.158849    0.132786      1.2329    0.664131     0.53633    -1.36787     -1.2807   -0.297392    0.314593     0.86342   -0.803422
   0.361676   0.0130177     1.39334    -5.69059   -0.221858    -5.56126     0.11701 -0.00539248    0.653893           0   -0.872665    0.231068    -1.41387    0.876466     -1.5708     0.15385   -0.872665    0.177955   -0.372653   -0.777538    -2.65917     1.80948    -2.10709    0.295081   -0.148845     0.56584    0.762214    -2.12162   -0.627275      2.3712  -0.0558862        2.55    -1.32267     2.53765
    0.262136    0.0629982      1.48838    -0.797822    -0.358441    -0.139808      1.42723    0.0139622      1.02869            0    -0.872665     0.261799    0.0144435     0.179753     -1.25387 -4.85723e-17    -0.795305    -0.261799     0.523599     0.241513     -1.81203     0.391817     -1.84781     0.233364     0.213415      1.23434     0.880102      0.86836     -1.20667     -1.41324    -0.272532     0.284749     0.759801     -0.99766
     0.26191    0.0629966      1.48836    -0.798063    -0.359971    -0.140309      1.42726    0.0145952      1.02721  4.33681e-19    -0.872665     0.261799    0.0143919      0.18131     -1.25347 -9.38363e-18    -0.795319    -0.261799     0.523599     0.219148      -1.7957      0.38706     -1.92571     0.297812     0.296803      1.20338     0.852998     0.851815     -1.24947     -1.29291     -0.23812     0.201063     0.754111     -1.02089
  0.303518 0.00252851    1.61085  -0.425352  -0.502536  -0.590532    1.03878   0.779401    1.44851          0  -0.872665 -0.0602602  -0.394921   0.121967  -0.667725          0  -0.872665  -0.261799  0.0768012   0.949048   -1.59406   0.299678   -1.89588   0.147571   0.207848     1.2423   0.977865   0.747243  -0.764163   -1.17804  -0.334507   0.461915   0.703346   -1.27753
   0.303666 -0.00241166     1.61104    -12.1436   -0.501283    -11.9778    0.395878    0.120165    0.669332           0   -0.872665    0.261799    -1.03602     0.77724    -1.45035           0   -0.872665   0.0597398  -0.0992916   -0.954902    -2.47737     2.82928    -1.60135   -0.536068   -0.748951    0.758357     1.09491       1.606    -3.14215    -2.50225   0.0112967     1.04041     1.33062    -1.07402
     0.36379   -0.0311995      1.57371    -0.711835    -0.036434    -0.732594      1.65806     0.852888       1.5708     0.165356    -0.817967    -0.156315     0.110242   -0.0767321    -0.634648            0    -0.872665    -0.261799     0.523599     0.877214    -0.989854     0.717396     0.142223     -1.67922     -1.21776        1.478 -0.000315968     -1.54275     -1.53415     -1.61135     -0.89427      2.09886     0.437979   -0.0379276
    0.363789   -0.0311995      1.57371    -0.711835    -0.036436    -0.732596      1.65806     0.852891       1.5708     0.165357    -0.817967    -0.156318     0.110241   -0.0767306    -0.634647            0    -0.872665    -0.261799     0.523599     0.877194    -0.989835     0.717412     0.142243     -1.67924     -1.21777        1.478 -0.000320709      -1.5427     -1.53416     -1.61137    -0.894247      2.09887     0.438025   -0.0380297
  0.365572 -0.0321315    1.57638  -0.680921 -0.0335192  -0.722464    1.65806   0.846395     1.5708   0.237499  -0.858563  -0.156999   0.088513   -0.10024  -0.641427          0  -0.872665  -0.261799   0.502704   0.695188   -1.77425   0.927589  -0.378187   -0.95324   -1.12694      1.478  0.0878893   -1.63985   -1.23824   -1.54289  -0.979403    2.14068   0.458275 -0.0873757
  0.365569 -0.0321332    1.57638  -0.680928 -0.0335211  -0.722458    1.65806   0.846383     1.5708   0.237484  -0.858554  -0.156999  0.0885216  -0.100235  -0.641438          0  -0.872665  -0.261799   0.502713   0.695167   -1.77423   0.927609  -0.378164  -0.953235   -1.12695      1.478  0.0879079   -1.63986   -1.23823   -1.54288  -0.979348    2.14074   0.458361 -0.0873852
  0.342704  0.0395908    1.67175   -7.20702   0.074564   -6.60991    1.65806   0.290215     1.5708          0  -0.842036  0.0621983   0.227194  -0.196786   -1.04385          0   -0.77921  -0.261799   0.522947 -0.0151535   -1.75677   0.692283 -0.0460028   -1.92712    1.53001   -1.14371    2.36169     -3.359   -1.92891      -2.55   -0.38527  -0.866397   0.665158   -1.13488
    0.393984    0.0457476      1.67953      43.0301    -0.743068      43.7691      1.65806     0.189757     0.861223            0    -0.872665   -0.0643165    0.0861195      0.84252     -1.56107 -3.46945e-16    -0.831299     0.118451     0.523599     -0.13081     -1.48146     0.832484     -1.08572    -0.388269    -0.426219        1.478     0.700924    -0.406455     -1.16291     -2.10307    -0.470392      2.25289      0.68464    -0.723531
  0.318731 0.00617385    1.82193   0.260771  -0.383975   0.465703    0.45757 -0.0171984   0.790012          0  -0.872665   0.261799  -0.872892   0.610445    -1.5708          0  -0.872665  0.0253458   0.148035 -0.0295877  -0.748905   0.976598  -0.752774  -0.128043  0.0605074   0.780972    1.39125   -3.06484  -0.308962   -1.85167   -2.31823    2.07043   -1.48367    1.05829
  0.305126 0.00130349    1.81278   -6.68212  -0.488881   -6.85309    1.01038   0.756462    1.46758          0  -0.872665 -0.0547742  -0.404951   0.102812  -0.684713          0  -0.872665  -0.261799   0.523599   0.236774  -0.947818    1.39153   -2.32554  -0.757388   -2.05987   -1.13529   -1.48071   -1.72028  -0.713516      -2.55  -0.983386   -1.77382    1.03655   -1.62752
   0.359125 0.000127278     1.74932   -0.654416   -0.063855     -0.9727     1.65806     1.16124      1.5708    0.254596   -0.872665   -0.235929   0.0350803   -0.165532   -0.394156           0   -0.780058   -0.261799    0.523599    0.562504    -1.57702     1.15277   -0.252405   -0.991657    -1.25975     1.46936  0.00283651   -0.929712   -0.795525    -1.74793   -0.595435       2.288    0.599911   -0.850618
   0.359127 0.000129628     1.74932   -0.654416  -0.0638591   -0.972713     1.65806     1.16125      1.5708    0.254596   -0.872665   -0.235937   0.0350742   -0.165533   -0.394144           0   -0.780054   -0.261799    0.523599    0.562531    -1.57695     1.15278    -0.25243   -0.991681     -1.2598     1.46934  0.00294551    -0.92968   -0.795532    -1.74794   -0.595443       2.288    0.599896   -0.850636
    0.31676   0.0052737     1.82108    0.275557   -0.398448    0.476337    0.451829 -0.00224013    0.777137           0   -0.872665    0.261799   -0.886739    0.628499    -1.55895           0   -0.872665   0.0284465   -0.245088   -0.459981   -0.026751     1.46181    0.651841   -0.938342   -0.440012     1.43711    0.608684     1.31983    -2.51539       -2.55       0.292    -2.07792    -1.05425     2.10932
