    0.31676   0.0052737     1.02108    0.275557   -0.398448    0.476337    0.451829 -0.00224013    0.777137           0   -0.872665    0.261799   -0.886739    0.628499    -1.55895           0   -0.872665   0.0284465   -0.245088   -0.459981   -0.026751     1.46181    0.651841   -0.938342   -0.440012     1.43711    0.608684     1.31983    -2.51539       -2.55       0.292    -2.07792    -1.05425     2.10932
    0.318294   0.00574881      1.02156      3.40647     -2.75322      3.61244     0.456488   -0.0141552     0.784304 -2.31619e-14    -0.872067     0.261799    -0.875721     0.618125     -1.56979 -2.77556e-17    -0.872665     0.027314    0.0556283    -0.671697     -1.98731      1.99813     0.440354        0.298     0.973526    -0.819979     -2.06432     -2.02263    -0.552983        -2.55        0.292     -1.99594      1.45373    -0.477829
    0.308536     0.075363      1.09339    -0.714499    -0.399938     0.116533      1.34117    -0.199968     0.946749 -2.47719e-15    -0.872665     0.261799   -0.0856285     0.327968      -1.5708     0.137908    -0.872665    -0.109707     0.523599     0.447525      1.08987      3.12992      1.02259    -0.415122     0.622396        1.478      1.06307        1.498     -0.85437     -1.22133        0.292      -1.2111     0.300027    -0.218684
  0.308538  0.0753631    1.09339  -0.714505  -0.399926    0.11653    1.34118  -0.199969   0.946763          0  -0.872665   0.261799 -0.0856265   0.327956    -1.5708   0.137912  -0.872665  -0.109705   0.523599   0.447529    1.09008    3.12997    1.02321  -0.414731   0.621844      1.478    1.06283      1.498  -0.854353   -1.22126      0.292   -1.21131   0.300036  -0.218548
 0.389389 0.0890313   1.02674   25.4341 -0.049728   26.0953  0.118482 -0.377809  0.386854         0 -0.872665  0.261799  -1.60147   1.21251   -1.5708  0.579401 -0.872665  0.261799 -0.288944 -0.862425  -2.32833   1.18436 -0.177774 -0.309563  -1.38527   1.16104  0.267971 -0.662432  -1.47126 -0.788586  -1.58021  0.740253     1.508  0.167148
    0.505172    0.0606369      1.08167    -0.897959    -0.470885     -0.17499      1.65806     0.319414      1.28163 -5.73636e-14    -0.872665    -0.261799   -0.0249484      0.65724      -1.5708     0.126832    -0.872665     0.247777     0.523599    -0.734047     0.236856      3.21961     -1.48513     -1.21394     -1.41212     -1.09092     -2.40511        1.606     -2.35567    -0.707104    -0.255701     -1.28137      0.80158    -0.926124
   0.318748  0.00618227     1.22194    0.260593   -0.383837    0.465572    0.457658  -0.0173473    0.790158           0   -0.872665    0.261799   -0.872723    0.610241     -1.5708 1.30104e-18   -0.872665   0.0252404    -0.38573   -0.265567     1.02785     2.22863    0.852325   -0.642389    0.370172       1.478    0.901247   0.0844504   -0.655996    -1.06233    -1.39338    0.906645     1.24667   -0.620685
    0.318748   0.00618228      1.22194      91.3668     -2.75776      91.5718     0.457658   -0.0173473     0.790158 -6.56739e-13    -0.872665     0.261799    -0.872723     0.610241      -1.5708            0    -0.872665    0.0252403    0.0698424    -0.694488     -2.45316      2.05214         2.55        0.298      2.00923      0.76503     0.479839     0.480449     -3.03109     0.324433     -1.71934      1.88684       -1.542      1.27095
   0.315137 -0.00449681     1.22028   -0.288775   -0.410567   -0.485966    0.899315    0.644039      1.5487           0   -0.872665  -0.0312876   -0.446709   0.0105878   -0.766039           0   -0.872665   -0.261799    0.321235    0.337575    -1.56727     1.26427     1.42704    0.261762     0.32372     -1.2889    -2.21481    -1.08139    -1.13103   -0.249732   -0.611383     1.15335     1.22959   -0.548392
    0.318749  -0.00618678      1.22194       6.0226    -0.383799      5.81764     0.872734     0.610188       1.5708 -4.40603e-28    -0.872665   -0.0252194    -0.457638   -0.0173685    -0.790192 -6.59195e-17    -0.872665    -0.261799    0.0329091     0.733098     0.958753      3.04093    -0.519451    -0.335304      -1.2454     -1.27872     -2.27166        1.606     -2.03678      1.38989    -0.964329         2.55     0.318459    -0.410693
  0.264451 -0.0640859    1.28996   0.702672  -0.624514 -0.0163263  0.0545269   0.525754    1.44844          0  -0.807388   0.142984   -1.32198 -0.0436109  -0.752052          0  -0.872665  -0.261799  -0.523599   0.245801  -0.329158    1.39435   0.319229  -0.259818  -0.573173    1.00131   0.996223   -1.05239  -0.802438  -0.198501  -0.722813    1.29214    1.36798  -0.651181
  0.343387 -0.0365443     1.2747   -52.5074   -3.24852   -53.1999  -0.200571  -0.252649    1.15459          0  -0.794013   0.261799   -1.65806   0.132191    -1.5708  0.0550663  -0.872665  -0.121586  -0.523599   0.349906   -1.37388    1.43933   -1.75961  -0.498418   -2.24048  -0.732631   -1.87407   0.534683   -2.20456    -2.1855   -2.02571   -1.99374     -1.542   -2.15263
    0.354009     0.002506      1.34563    -0.762128   -0.0742731    -0.966663      1.65806      1.12806       1.5708    0.0306059    -0.754962    -0.221261    0.0913186   -0.0576068    -0.412932 -1.80411e-16    -0.795752    -0.261799     0.523599     0.946633     -1.13009     0.587656   -0.0253303     -1.38595     -1.46035        1.478    0.0419648     0.434175    -0.995283     -1.22996     -0.31822     0.568569     0.691991      -1.0156
  0.354011 0.00249874    1.34564  -0.762117 -0.0742665  -0.966617    1.65806    1.12801     1.5708  0.0306338  -0.754975  -0.221252   0.091322 -0.0576074  -0.412975          0   -0.79577  -0.261799   0.523599   0.946602   -1.13004   0.587703 -0.0252918   -1.38605    -1.4603      1.478  0.0419266   0.434237  -0.995351   -1.22975  -0.318139   0.568538   0.692286   -1.01585
   0.384246  0.00491157     1.35479   -0.786219   -0.108826    -0.90233     1.65806     1.08834      1.5708           0   -0.748639   -0.261799   0.0535479   0.0242342   -0.526594 1.73472e-18   -0.827165   -0.201147    0.523599    0.516357      0.5645     2.95351   -0.500813   -0.737354     1.35588       1.478    0.769993   -0.208065     -1.0685   -0.551068   -0.304867    0.603819    0.798427    -1.03728
   0.33109 0.00815644    1.39705   0.582088   -0.32735   0.709232   0.178122  0.0563652   0.629762          0  -0.872665   0.261799   -1.31105   0.847806   -1.50846  0.0580529  -0.848483   0.128031  -0.523599  -0.759648  -0.180826     1.5944   0.364779 -0.0477673  -0.408603    0.93562   0.821791  -0.774714  -0.882635   0.195106  -0.944597   0.820754      1.508  -0.736314
    0.318737  -0.00614504      1.42188     -0.26143    -0.384282      -0.4664     0.873467     0.611363       1.5708 -5.20417e-18    -0.872665   -0.0256414    -0.457191   -0.0169168    -0.789379 -5.55112e-17    -0.872665    -0.261799     0.162075     0.189937     -0.41116      1.29877     0.779175     -1.32291     -0.92433        1.478     0.157614     -1.36411     -1.20209     0.585519    -0.279227     0.480956       1.1393    -0.823014
  0.408516 -0.0112966    1.37959  -0.681085  -0.116306  -0.752336    1.63182   0.955909     1.5708   0.219969  -0.872665  -0.261799 -0.0175461 0.00299625  -0.694824          0  -0.872665   -0.15929   0.523599    0.37327   -1.36858    1.10622   0.220027    -1.3819   -1.32485    1.33551  -0.290829    -1.0935   -1.41791   0.360367   -0.33409   0.240116    1.03564  -0.670995
   0.272259   0.0616363     1.48539     11.7365   -0.290173     12.4484     1.47559  -0.0304761     1.08828           0   -0.862468    0.261799    0.044262    0.110872    -1.28239   0.0294687   -0.810765   -0.261799    0.523599    0.290684    0.723997     3.20089   -0.191031   -0.905466    -1.63253     -1.4507    -1.83124    -2.16622    -2.25799     1.30411 -0.00379764    0.547124    0.541569    -1.02703
  0.318819  0.0293082    1.38786   0.271426  -0.457766    1.29956   0.373426  -0.485245 0.00020603          0  -0.704039   0.261799    -1.1906    1.55334    -1.5708   0.491017  -0.872665   0.243125 -0.0150811   -1.36008  -0.279941    1.41313    1.26614  -0.321422   -1.08443   0.903447   0.650209   -1.82605  -0.942328   0.972102  -0.524422   0.673286      1.508   -0.50192
    0.318745  -0.00616367      1.62193      -0.2608    -0.384017    -0.465822     0.872875     0.610615       1.5708            0    -0.872665   -0.0253659    -0.457586   -0.0172048    -0.789898 -1.30174e-14    -0.872665    -0.261799     0.523599    -0.273572     -3.12285      2.27971      0.30595    -0.993141     -1.02513    -0.190253    -0.937184       -1.475    -0.490229      1.11654    -0.239551     0.508982      1.35797     -1.01649
    0.318745  -0.00616367      1.62193      -0.2608    -0.384017    -0.465822     0.872875     0.610615       1.5708 -1.58033e-14    -0.872665   -0.0253658    -0.457586   -0.0172048    -0.789898 -3.86913e-14    -0.872665    -0.261799     0.523599    -0.273572     -3.12254      2.27918     0.307229    -0.993174     -1.02807    -0.190708    -0.935189     -1.47507    -0.490189      1.11679    -0.239413     0.508763      1.35792     -1.01654
   0.349073   0.0146917     1.57922    0.683274   -0.172477    0.775405  0.00844556 -0.00394414    0.593327           0   -0.861524    0.261799    -1.49442    0.903407    -1.56205   0.0488879   -0.794753    0.162623   -0.185656   -0.554409   -0.107481    0.845712     1.47119   -0.469371    -1.05343    0.618399    0.908917    0.837288    -3.13685   -0.742709    0.250863   -0.240757     1.26815   -0.315628
   0.33856  0.0108127    1.59027   0.623232   -0.26469   0.726813    0.10885  0.0324456   0.627264          0  -0.870095   0.261799   -1.34821   0.856039    -1.5562 0.00312339  -0.799451   0.139091  -0.147735  -0.562546 -0.0436408   0.815955    1.44511  -0.525025   -1.05019   0.671203    0.93263   0.931614   -3.05654  -0.805945   0.191988  -0.268988    1.29218  -0.415181
   0.341578   0.0146102     1.59763     0.55674   -0.258262     0.69486    0.151582 -0.00995831     0.64799           0   -0.872665    0.261799    -1.31702    0.826837     -1.5708   0.0991211   -0.855256    0.134158    -0.26467   -0.674435  -0.0326435     1.38288     1.54933   -0.331878    -1.01999    0.846742    0.628889     1.07094    -2.94152   -0.882897    0.250198   -0.440851     1.18754   -0.515704
    0.407936    0.0101235      1.57278      0.74582    -0.106886     0.771258   -0.0341315    0.0415974     0.685255 -3.52021e-17    -0.872665     0.156957     -1.65806      0.96473      -1.5708     0.102944    -0.802337     0.261799    -0.523599    -0.586064       -3.352      1.79324         2.55    -0.116431     0.903792     0.812886     0.667365       -1.783    -0.398027    -0.620776    -0.985012       2.2646      1.01259   -0.0772864
    0.525759    0.0648981      1.68682     -7.14408     -0.19896    -0.135177      1.57611     0.304641       1.5708 -4.50045e-28    -0.872665    -0.261799  -0.00602447     0.347573      -1.5708     0.131947    -0.872665     0.198836     0.523599     0.518623    -0.238688      3.27984    0.0330257     -1.85096     -1.74051       -1.562     -1.77062     -1.32043     -2.67121        -2.55    -0.617983     -1.60376    -0.202826     -1.82164
   0.33571  0.0802424    1.45274    9.30077    -3.1009    10.7411 -0.0875307    -1.5338  -0.158907   0.726316  -0.872665   0.261799   -1.50203    1.55334    -1.5708   0.982446  -0.872665   0.238323  0.0926086   -1.27147   -2.64823   0.346178   0.563836   -1.00033   -2.32209   0.897029   -0.18045 -0.0445664   -2.28291      -2.55  -0.553863    1.31398   0.982352    0.13356
 0.389366 0.0890176   1.62674   16.0093  -3.09173   16.6706  0.118574 -0.377826  0.386831         0 -0.872665  0.261799  -1.60132   1.21259   -1.5708  0.579344 -0.872665  0.261799 -0.227808 -0.919189 -0.337568   2.39353 -0.483504 -0.600146  -2.15541  -1.23176     -2.55  -1.97149 -0.547426 -0.836348  -1.60397   1.68838  0.537035  0.613806
  0.527696  0.0618723    1.68245    24.2265  -0.185548    24.9891    1.64459   0.304763     1.5708  0.0236618  -0.872665  -0.261799   0.041648   0.339793    -1.5708   0.130293  -0.872665   0.197917   0.523599  -0.577814   -2.41982   0.428062 -0.0797694   -1.08896     0.9095  -0.974964       2.55   -1.20728  -0.795651   -1.63561  -0.940494    1.23828   0.484366   0.257537
  0.409912  0.0125313    1.77699   0.699552 -0.0980737   0.755644 -0.0082838 0.00234322   0.693587          0  -0.872665   0.159151   -1.65806     0.9573    -1.5708   0.207714  -0.859631   0.261799  -0.523599  -0.671709   -1.37332    1.28911    1.61802   -0.84282   -2.04255   0.537839   0.108572   -1.22549  -0.184169  -0.871824    -1.9825    1.64018   0.676496   0.402091
   0.409912   0.0125313     1.77699    0.699554   -0.098074    0.755645 -0.00828474  0.00234433    0.693586           0   -0.872665     0.15915    -1.65806      0.9573     -1.5708    0.207711   -0.859629    0.261799   -0.523599   -0.671707    -1.37334     1.28915     1.61801   -0.842716    -2.04261    0.537964    0.108587     -1.2255   -0.184125   -0.871856    -1.98256     1.64007    0.676401    0.402215
    0.31676   0.0052737     1.82108    0.275557   -0.398448    0.476337    0.451829 -0.00224013    0.777137           0   -0.872665    0.261799   -0.886739    0.628499    -1.55895           0   -0.872665   0.0284465   -0.245088   -0.459981   -0.026751     1.46181    0.651841   -0.938342   -0.440012     1.43711    0.608684     1.31983    -2.51539       -2.55       0.292    -2.07792    -1.05425     2.10932
