4
0
0.499994 0.699989  1.70002
 19.3404 -240.819  192.655        0        0        0
-2.08602e-05           -1 -7.81734e-05
1
0.499998     -0.7      1.7
19.3544 240.611 192.489       0       0       0
-2.08602e-05            1 -7.81734e-05
4
0.400001      0.7 0.300003
-19.3547 -213.908  122.517 0.198041   27.639        0
-6.85448e-06           -1 -4.68276e-06
5
0.399999     -0.7 0.300003
-19.3402  214.116  122.636 0.198041   27.639        0
-6.85448e-06            1 -4.68276e-06
3
0
0.499987 0.699983  1.70003
-0.301944  -394.543   315.634         0         0         0
-2.08602e-05           -1 -7.81734e-05
1
 0.499999 -0.699999       1.7
2.74974 390.269 312.215       0       0       0
-2.08602e-05            1 -7.81734e-05
5
0.399999     -0.7 0.300003
 -2.44785    4.2738   2.44785 -0.341692   127.383         0
-6.85448e-06            1 -4.68276e-06
4
0
0.499995 0.699979  1.70002
  21.527 -231.095  184.876        0        0        0
-2.08602e-05           -1 -7.81734e-05
1
 0.499999 -0.699999       1.7
23.5546  251.24 200.992       0       0       0
-2.08602e-05            1 -7.81734e-05
5
0.399999     -0.7 0.300003
-24.9944  203.308  116.446 -16.2646  34.6778        0
-6.85448e-06            1 -4.68276e-06
4
0.4 0.7 0.5
-20.0872 -223.452  127.984 -17.8762  34.6778        0
-7.00358e-06           -1 -1.16726e-05
3
0
0.500046 0.699951  1.70004
 17.3116 -370.864  296.691        0        0        0
-2.08602e-05           -1 -7.81734e-05
1
      0.5 -0.699998       1.7
-1.90892  397.755  318.204        0        0        0
-2.08602e-05            1 -7.81734e-05
4
0.4 0.7 0.5
-15.4021 -26.8912  15.4021  2.15125  59.5373        0
-7.00358e-06           -1 -1.16726e-05
4
0
0.500045 0.699951  1.70004
19.1284 -244.54 195.632       0       0       0
-2.08602e-05           -1 -7.81734e-05
1
 0.499995 -0.699999   1.70002
19.6953 236.712 189.369       0       0       0
-2.08602e-05            1 -7.81734e-05
4
0.4 0.7 0.5
-19.6957 -210.223  120.406  8.57791  32.3523        0
-7.00358e-06           -1 -1.16726e-05
5
 0.4 -0.7  0.5
-19.128 218.051  124.89 8.57791 32.3523       0
-7.00358e-06            1 -1.16726e-05
3
1
0.499975     -0.7  1.70004
15.7061 63.1485 50.5188       0       0       0
-2.08602e-05            1 -7.81734e-05
4
0.400001 0.699999      0.5
 4.50867 -537.704  307.974  43.0165  29.9345        0
-7.00358e-06           -1 -1.16726e-05
5
0.399999     -0.7      0.5
-20.2149  474.556  271.805  37.9646  29.9351        0
-7.00358e-06            1 -1.16726e-05
4
1
 0.499985 -0.699989   1.70005
13.4988 243.189 194.551       0       0       0
-2.08602e-05            1 -7.81734e-05
4
0.400001 0.699999      0.5
-15.7775 -216.549   124.03 -4.99093  22.7934        0
-7.00358e-06           -1 -1.16726e-05
5
0.399999     -0.7      0.5
-13.8545  211.549  121.166 -4.99093  22.7934        0
-7.00358e-06            1 -1.16726e-05
0
 0.49999 0.700004      1.9
 16.1332 -238.189  190.551        0        0        0
-1.52125e-05           -1 -7.30142e-05
3
4
0.400001 0.699999      0.5
-21.1877 -480.027  274.938 -38.4021  27.2778        0
-7.00358e-06           -1 -1.16726e-05
5
0.399999     -0.7      0.5
 4.18513   538.61  308.492 -43.0887  27.2768        0
-7.00358e-06            1 -1.16726e-05
0
0.499989 0.700005      1.9
 17.0026 -58.5832  46.8666        0        0        0
-1.52125e-05           -1 -7.30142e-05
4
4
0.400001 0.699999      0.5
-18.9752 -212.545  121.737  2.76778  26.9594        0
-7.00358e-06           -1 -1.16726e-05
5
0.399999     -0.7      0.5
-18.7678  215.443  123.396  2.76778  26.9594        0
-7.00358e-06            1 -1.16726e-05
0
0.500006 0.699995      1.9
 18.7679 -242.177  193.741        0        0        0
-1.52125e-05           -1 -7.30142e-05
1
 0.500005 -0.699999       1.9
18.9752 239.279 191.423       0       0       0
-1.52125e-05            1 -7.30142e-05
3
4
0.400002 0.699999 0.499999
-6.35131  -11.089  6.35131 0.884732  116.592        0
-7.00358e-06           -1 -1.16726e-05
0
0.499999 0.699976  1.90002
 7.14437 -384.422  307.538        0        0        0
-1.52125e-05           -1 -7.30142e-05
1
 0.500002 -0.699999       1.9
-0.793136   395.511   316.409         0         0         0
-1.52125e-05            1 -7.30142e-05
4
4
0.400002 0.699999 0.499999
-19.7456 -197.797   113.29  15.8229  26.6514        0
-7.00358e-06           -1 -1.16726e-05
0
0.499982 0.699994  1.90001
 17.5671 -256.662   205.33        0        0        0
-1.52125e-05           -1 -7.30142e-05
1
 0.500002 -0.699999       1.9
17.0802 226.116 180.893       0       0       0
-1.52125e-05            1 -7.30142e-05
5
 0.4 -0.7  0.7
-14.9018  228.343  130.785  18.2675  26.6517        0
 -7.0034e-06            1 -2.33451e-05
3
0
0.499965 0.700013      1.9
 -2.0024 -397.938   318.35        0        0        0
-1.52125e-05           -1 -7.30142e-05
1
 0.500002 -0.699999       1.9
18.1425 369.758 295.807       0       0       0
-1.52125e-05            1 -7.30142e-05
5
 0.4 -0.7  0.7
-16.1402  28.1798  16.1402 -2.25438  102.244        0
 -7.0034e-06            1 -2.33451e-05
4
0
0.499965 0.700013      1.9
 8.75721 -245.416  196.333        0        0        0
-1.52125e-05           -1 -7.30142e-05
1
0.500002     -0.7  1.89997
9.38844 236.487  189.19       0       0       0
-1.52125e-05            1 -7.30142e-05
5
 0.4 -0.7  0.7
 -8.757 218.146 124.944 9.78325 15.1216       0
 -7.0034e-06            1 -2.33451e-05
4
0.4 0.7 0.7
-9.38862 -209.217   119.83  9.78325  15.1216        0
 -7.0034e-06           -1 -2.33451e-05
3
0
 0.49999 0.700005  1.89999
 14.9746 -64.8727  51.8982        0        0        0
-1.52125e-05           -1 -7.30142e-05
5
 0.4 -0.7  0.7
 4.63317  537.362  307.777 -42.9889  28.8191        0
 -7.0034e-06            1 -2.33451e-05
4
0.4 0.7 0.7
 -19.608 -472.489  270.621 -37.7991  28.8192        0
 -7.0034e-06           -1 -2.33451e-05
4
0
0.499986 0.700001      1.9
 18.0564 -248.982  199.186        0        0        0
-1.52125e-05           -1 -7.30142e-05
5
 0.4 -0.7  0.7
-21.1701  223.487  128.004  17.7873  31.1365        0
 -7.0034e-06            1 -2.33451e-05
4
0.4 0.7 0.7
-19.3075 -205.944  117.956  16.4756  31.1365        0
 -7.0034e-06           -1 -2.33451e-05
1
0.499998     -0.7      2.1
22.4211  231.44 185.152       0       0       0
-2.08616e-05            1 -1.30297e-05
3
5
 0.4 -0.7  0.7
-10.7114  476.345   272.83  38.1077  12.1571        0
 -7.0034e-06            1 -2.33451e-05
4
0.4 0.7 0.7
4.40378    -538 308.143   43.04 12.1575       0
 -7.0034e-06           -1 -2.33451e-05
1
0.499996     -0.7      2.1
6.30756 61.6551 49.3241       0       0       0
-2.08616e-05            1 -1.30297e-05
4
5
 0.4 -0.7  0.7
-17.7687  217.553  124.605     6.86  25.7495        0
 -7.0034e-06            1 -2.33451e-05
4
0.4 0.7 0.7
-18.2807 -210.371  120.491     6.86  25.7495        0
 -7.0034e-06           -1 -2.33451e-05
1
0.499997     -0.7      2.1
18.2806  237.16 189.728       0       0       0
-2.08616e-05            1 -1.30297e-05
0
 0.49999 0.699999  2.10001
 17.7687 -244.342  195.473        0        0        0
-2.08616e-05           -1 -1.30297e-05
3
4
0.400005 0.699997 0.700002
-8.45822 -14.7676  8.45822  1.18166    95.42        0
 -7.0034e-06           -1 -2.33451e-05
1
 0.499988 -0.700005       2.1
-1.05485  396.033  316.826        0        0        0
-2.08616e-05            1 -1.30297e-05
0
0.499988  0.69999  2.10002
 9.51295 -381.266  305.012        0        0        0
-2.08616e-05           -1 -1.30297e-05
4
4
0.400005 0.699997 0.700002
-24.5955 -198.244  113.545  15.8595   33.604        0
 -7.0034e-06           -1 -2.33451e-05
1
 0.499985 -0.700005       2.1
21.2346  226.24 180.992       0       0       0
-2.08616e-05            1 -1.30297e-05
0
0.499982 0.699987  2.10003
 22.4509 -256.269  205.015        0        0        0
-2.08616e-05           -1 -1.30297e-05
5
 0.4 -0.7  0.9
-19.0901  228.273  130.745  18.2618  33.6039        0
-1.02818e-05            1 -6.24357e-06
3
1
  0.49996 -0.700009   2.10001
17.6558 370.428 296.342       0       0       0
-2.08616e-05            1 -1.30297e-05
0
0.499982 0.699987  2.10003
-1.96251 -397.827  318.262        0        0        0
-2.08616e-05           -1 -1.30297e-05
5
 0.4 -0.7  0.9
-15.6934  27.3998  15.6934 -2.19188  128.553        0
-1.02818e-05            1 -6.24357e-06
4
1
0.499958 -0.70001  2.10001
20.2077 236.732 189.386       0       0       0
-2.08616e-05            1 -1.30297e-05
0
0.499977 0.699984  2.10004
 19.6516 -244.487   195.59        0        0        0
-2.08616e-05           -1 -1.30297e-05
5
 0.4 -0.7  0.9
-19.6511  218.036  124.882  8.49686  33.2154        0
-1.02818e-05            1 -6.24357e-06
4
0.4 0.7 0.9
-20.2082 -210.282   120.44  8.49686  33.2154        0
-1.02818e-05           -1 -6.24357e-06
3
0
0.499946 0.699996  2.10001
 16.4869 -41.5432  33.2345        0        0        0
-2.08616e-05           -1 -1.30297e-05
5
 0.4 -0.7  0.9
 2.96585   541.99  310.428 -43.3591  29.9488        0
-1.02818e-05            1 -6.24357e-06
4
0.4 0.7 0.9
-19.4529 -500.447  286.634 -40.0357  29.9493        0
-1.02818e-05           -1 -6.24357e-06
4
0
0.499945 0.699996  2.10001
 11.0029 -251.418  201.134        0        0        0
-2.08616e-05           -1 -1.30297e-05
5
 0.4 -0.7  0.9
 -12.97 226.013  129.45  18.081 19.6718       0
-1.02818e-05            1 -6.24357e-06
4
0.4 0.7 0.9
-12.6036 -203.524   116.57   16.282  19.6718        0
-1.02818e-05           -1 -6.24357e-06
1
 0.499974 -0.700009       2.3
14.5704 228.929 183.143       0       0       0
-2.04272e-05            1 -4.20239e-05
3
5
 0.4 -0.7  0.9
-10.8422  500.817  286.846  40.0653  13.3873        0
-1.02818e-05            1 -6.24357e-06
4
     0.4 0.699999 0.900001
 2.94383 -542.052  310.464  43.3642  13.3876        0
-1.02818e-05           -1 -6.24357e-06
1
 0.499949 -0.700019   2.29999
7.89805 41.2346 32.9877       0       0       0
-2.04272e-05            1 -4.20239e-05
4
5
0.400001     -0.7      0.9
-12.444 216.483 123.992 5.20439 18.0608       0
-1.02818e-05            1 -6.24357e-06
4
     0.4 0.699999 0.900001
-12.8409 -211.035  120.872  5.20439  18.0608        0
-1.02818e-05           -1 -6.24357e-06
1
 0.499951 -0.700021   2.29998
12.8408 238.172 190.538       0       0       0
-2.04272e-05            1 -4.20239e-05
0
0.499997 0.700003  2.29999
12.4441 -243.62 194.896       0       0       0
-2.04272e-05           -1 -4.20239e-05
3
4
     0.4 0.699998 0.900002
-0.000569078 -0.000993577  0.000569078   0.00128278      96.0014            0
-1.02818e-05           -1 -6.24357e-06
1
 0.499953 -0.700022   2.29997
0.0120084   410.811   301.649         0         0         0
-2.04272e-05            1 -4.20239e-05
0
0.499994 0.700006  2.29999
-0.0114157    -410.81    328.648          0          0          0
-2.04272e-05           -1 -4.20239e-05
4
4
     0.4 0.699998 0.900002
-13.6384 -193.842  111.025  15.5077  17.5483        0
-1.02818e-05           -1 -6.24357e-06
1
0.499952 -0.70002  2.29997
11.8836 222.691 178.153       0       0       0
-2.04272e-05            1 -4.20239e-05
0
0.499997 0.700008  2.29998
 10.9288 -260.529  208.423        0        0        0
-2.04272e-05           -1 -4.20239e-05
5
      0.4 -0.699999       1.1
-9.1739  231.68 132.696 18.5347 17.5485       0
-6.85459e-06            1 -1.87318e-05
3
1
 0.499959 -0.700018   2.29997
13.2253  376.33 301.064       0       0       0
-2.04272e-05            1 -4.20239e-05
0
0.499983 0.700026  2.29997
-1.47189  -396.85   317.48        0        0        0
-2.04272e-05           -1 -4.20239e-05
5
      0.4 -0.699999       1.1
-11.7534  20.5208  11.7534 -1.64027   95.847        0
-6.85459e-06            1 -1.87318e-05
4
1
 0.499931 -0.700016   2.29998
 16.841 245.161 196.129       0       0       0
-2.04272e-05            1 -4.20239e-05
0
0.499967 0.700017  2.29999
 17.4724 -236.233  188.986        0        0        0
-2.04272e-05           -1 -4.20239e-05
5
      0.4 -0.699999       1.1
-17.4724  209.573  120.034 -9.78168   28.595        0
-6.85459e-06            1 -1.87318e-05
4
0.4 0.7 1.1
-16.8413 -218.501  125.148 -9.78168   28.595        0
-6.85459e-06           -1 -1.87318e-05
3
1
 0.499932 -0.700013   2.29998
18.6181 63.9015 51.1212       0       0       0
-2.04272e-05            1 -4.20239e-05
5
      0.4 -0.699999       1.1
-23.1799  473.654  271.288  37.8927  34.8399        0
-6.85459e-06            1 -1.87318e-05
4
0.4 0.7 1.1
 4.56167 -537.555  307.888  43.0044  34.8327        0
-6.85459e-06           -1 -1.87318e-05
4
1
 0.499931 -0.700011   2.29998
13.0695 242.847 194.278       0       0       0
-2.04272e-05            1 -4.20239e-05
5
      0.4 -0.699999       1.1
-13.3644  211.877  121.354 -4.23156  22.0286        0
-6.85459e-06            1 -1.87318e-05
4
0.4 0.7 1.1
-15.2727  -216.13   123.79 -4.23156  22.0286        0
-6.85459e-06           -1 -1.87318e-05
0
0.499983 0.699998      2.5
 15.5674 -238.595  190.876        0        0        0
-1.16726e-05           -1  -8.4043e-05
3
5
      0.4 -0.699999       1.1
 5.19325  535.804  306.885 -42.8639  17.6082        0
-6.85459e-06            1 -1.87318e-05
4
0.4 0.7 1.1
-14.9276 -463.074  265.229  -37.046  17.6158        0
-6.85459e-06           -1 -1.87318e-05
0
0.499967 0.699997      2.5
 9.73423 -72.7296  58.1837        0        0        0
-1.16726e-05           -1  -8.4043e-05
4
0
0.499994 0.699989  2.50002
 19.3404 -240.819  192.655        0        0        0
-1.16726e-05           -1  -8.4043e-05
1
0.499998     -0.7      2.5
19.3544 240.611 192.489       0       0       0
-1.16726e-05            1  -8.4043e-05
4
0.400001      0.7      1.1
-19.3547 -213.908  122.517 0.198043   27.639        0
-6.85459e-06           -1 -1.87318e-05
5
0.399999     -0.7      1.1
-19.3402  214.116  122.636 0.198043   27.639        0
-6.85459e-06            1 -1.87318e-05
