4
0
0.499994 0.699989  1.70002
 19.3404 -240.819  192.655        0        0        0
-2.08602e-05           -1 -7.81734e-05
1
0.499998     -0.7      1.7
19.3544 240.611 192.489       0       0       0
-2.08602e-05            1 -7.81734e-05
4
0.400001      0.7 0.300003
-19.3547 -213.908  122.517 0.198041   27.639        0
-6.85448e-06           -1 -4.68276e-06
5
0.399999     -0.7 0.300003
-19.3402  214.116  122.636 0.198041   27.639        0
-6.85448e-06            1 -4.68276e-06
3
0
0.499982  0.69999  1.70002
 11.3137 -378.873  303.098        0        0        0
-2.08602e-05           -1 -7.81734e-05
1
0.499997     -0.7      1.7
-1.25823  396.429  317.143        0        0        0
-2.08602e-05            1 -7.81734e-05
4
0.400001      0.7 0.300003
-10.0556 -17.5564  10.0556  1.40505  105.067        0
-6.85448e-06           -1 -4.68276e-06
4
0
0.499953 0.699999  1.70002
 12.7684 -242.569  194.055        0        0        0
-2.08602e-05           -1 -7.81734e-05
1
 0.500003 -0.699994       1.7
11.1417 239.418 191.534       0       0       0
-2.08602e-05            1 -7.81734e-05
4
0.399987 0.699984 0.300014
-12.9814 -212.048  121.452  3.12519  18.3927        0
-6.85448e-06           -1 -4.68276e-06
5
 0.400011 -0.699962  0.500032
-10.9289  215.199  123.257  3.12519  18.3927        0
-7.00358e-06            1 -1.16726e-05
3
1
 0.499993 -0.700002   1.69998
-2.42029e-14  9.76996e-15  4.17444e-14            0            0            0
-2.08602e-05            1 -7.81734e-05
4
0.399987 0.699984 0.300014
0.0102288  -578.354   331.256   46.2668   24.8377         0
-6.85448e-06           -1 -4.68276e-06
5
 0.400011 -0.699962  0.500032
-0.0102946    578.354    299.041    46.2667    24.8557          0
-7.00358e-06            1 -1.16726e-05
4
1
 0.499953 -0.700021   1.69995
9.79605 236.878 189.503       0       0       0
-2.08602e-05            1 -7.81734e-05
4
0.399987 0.699984 0.300014
-12.9531 -208.457  119.395    8.699  15.7826        0
-6.85448e-06           -1 -4.68276e-06
5
 0.400011 -0.699962  0.500033
-9.14187  217.564  124.611    8.699  15.7826        0
-7.00358e-06            1 -1.16726e-05
0
0.499999 0.699999  1.89999
 12.2988 -245.985  196.788        0        0        0
-1.52125e-05           -1 -7.30142e-05
3
1
0.499949 -0.70003  1.69994
0.0324732   464.541   371.633         0         0         0
-2.08602e-05            1 -7.81734e-05
5
 0.400011 -0.699962  0.500033
 -0.0142497   0.0248792   0.0142497 -0.00759724     96.9297           0
-7.00358e-06            1 -1.16726e-05
0
0.499998 0.699999  1.89999
-0.0182334   -464.565     258.65          0          0          0
-1.52125e-05           -1 -7.30142e-05
4
1
 0.499954 -0.700029   1.69995
10.0519 249.658 199.726       0       0       0
-2.08602e-05            1 -7.81734e-05
5
 0.400011 -0.699962  0.500033
-11.3671   205.19  117.524 -16.4161  17.8505        0
-7.00358e-06            1 -1.16726e-05
0
0.499998 0.699999  1.89999
 13.1529 -231.164  184.931        0        0        0
-1.52125e-05           -1 -7.30142e-05
4
0.4 0.7 0.5
-11.8376 -223.683  128.116 -17.8947  17.8504        0
-7.00358e-06           -1 -1.16726e-05
3
5
 0.400011 -0.699962  0.500033
 2.64634  542.868  310.931 -43.4297  13.5562        0
-7.00358e-06            1 -1.16726e-05
0
0.499971 0.699993  1.90002
 8.14643 -37.1208  29.6967        0        0        0
-1.52125e-05           -1 -7.30142e-05
4
0.4 0.7 0.5
 -10.793 -505.747   289.67 -40.4598  13.5279        0
-7.00358e-06           -1 -1.16726e-05
4
5
 0.400011 -0.699962  0.500033
-11.0096  210.607  120.627 -5.88694  15.4094        0
-7.00358e-06            1 -1.16726e-05
0
0.499971 0.699991  1.90002
 11.0099 -237.865  190.292        0        0        0
-1.52125e-05           -1 -7.30142e-05
4
0.4 0.7 0.5
-10.5635  -216.77  124.157 -5.88694  15.4094        0
-7.00358e-06           -1 -1.16726e-05
1
 0.499996 -0.699995       1.9
10.5631 244.028 195.222       0       0       0
-1.52125e-05            1 -7.30142e-05
3
5
 0.400011 -0.699962  0.500033
-0.00320787  0.00560076  0.00320787 -0.00318054     91.9354           0
-7.00358e-06            1 -1.16726e-05
0
 0.49997 0.699984  1.90004
0.0070854  -417.936    295.95         0         0         0
-1.52125e-05           -1 -7.30142e-05
1
 0.499995 -0.699995       1.9
-0.00389503     417.931     334.345           0           0           0
-1.52125e-05            1 -7.30142e-05
4
5
 0.400011 -0.699962  0.500033
-12.5745  194.588  111.452 -15.5675  16.1074        0
-7.00358e-06            1 -1.16726e-05
0
0.499965 0.699983  1.90005
 10.9645 -223.477  178.781        0        0        0
-1.52125e-05           -1 -7.30142e-05
1
 0.499998 -0.699995       1.9
9.97447 259.777 207.822       0       0       0
-1.52125e-05            1 -7.30142e-05
4
0.4 0.7 0.7
-8.36441 -230.888  132.243 -18.4711  16.1068        0
 -7.0034e-06           -1 -2.33451e-05
3
5
 0.400011 -0.699962  0.500033
-0.0048271    618.599    354.307   -49.4886    25.9753          0
-7.00358e-06            1 -1.16726e-05
0
0.499963 0.699983  1.90005
-1.77636e-14 -2.84217e-14  8.52651e-14            0            0            0
-1.52125e-05           -1 -7.30142e-05
4
0.4 0.7 0.7
0.00480849     -618.6     275.99   -49.4879    25.9303          0
 -7.0034e-06           -1 -2.33451e-05
4
5
 0.400011 -0.699962  0.500033
-15.1378  211.808  121.314 -3.26906  18.7646        0
-7.00358e-06            1 -1.16726e-05
0
0.499963 0.699983  1.90004
 11.3856 -239.357  191.486        0        0        0
-1.52125e-05           -1 -7.30142e-05
4
0.4 0.7 0.7
-11.1327  -215.23  123.274 -3.26906  18.7646        0
 -7.0034e-06           -1 -2.33451e-05
1
 0.5 -0.7  2.1
14.8849 242.779 194.223       0       0       0
-2.08616e-05            1 -1.30297e-05
3
0
0.499962 0.699981  1.90006
0.013573 -419.002  335.202        0        0        0
-1.52125e-05           -1 -7.30142e-05
4
0.4 0.7 0.7
-0.00191688 -0.00334677  0.00191688  0.00031946     55.2209           0
 -7.0034e-06           -1 -2.33451e-05
1
 0.5 -0.7  2.1
-0.0116601    419.005    295.094          0          0          0
-2.08616e-05            1 -1.30297e-05
4
0
0.499933 0.699966  1.90005
12.2198 -241.07 192.856       0       0       0
-1.52125e-05           -1 -7.30142e-05
4
0.4 0.7 0.7
-12.2422 -213.606  122.344 0.361971  20.3842        0
 -7.0034e-06           -1 -2.33451e-05
1
  0.49999 -0.700009   2.09999
14.2799 240.617 192.494       0       0       0
-2.08616e-05            1 -1.30297e-05
5
 0.4 -0.7  0.7
-14.2578  214.059  122.603 0.361971  20.3842        0
 -7.0034e-06            1 -2.33451e-05
3
4
0.400029 0.699976  0.69999
 2.74911 -542.577  310.764  43.4074  21.8604        0
 -7.0034e-06           -1 -2.33451e-05
1
 0.499958 -0.699999       2.1
13.9224 38.5856 30.8685       0       0       0
-2.08616e-05            1 -1.30297e-05
5
 0.400015 -0.700008  0.700014
-16.6718  503.991  288.664  40.3192  21.8701        0
 -7.0034e-06            1 -2.33451e-05
4
4
0.400029 0.699976  0.69999
-14.0982 -216.845  124.199 -5.77424  20.4416        0
 -7.0034e-06           -1 -2.33451e-05
1
 0.499958 -0.699999       2.1
 14.098 243.874 195.099       0       0       0
-2.08616e-05            1 -1.30297e-05
5
 0.400015 -0.700008  0.700014
  -14.52  210.799  120.736 -5.77424  20.4416        0
 -7.0034e-06            1 -2.33451e-05
0
0.5 0.7 2.1
 14.5202 -237.828  190.262        0        0        0
-2.08616e-05           -1 -1.30297e-05
3
1
 0.499958 -0.699999       2.1
0.0408906   412.246   329.797         0         0         0
-2.08616e-05            1 -1.30297e-05
5
 0.400015 -0.700008  0.700014
 -0.0219068    0.038248   0.0219068 0.000514922     109.057           0
 -7.0034e-06            1 -2.33451e-05
0
0.500013 0.700008  2.09998
-0.0188098   -412.284    300.479          0          0          0
-2.08616e-05           -1 -1.30297e-05
4
1
 0.49994 -0.70001  2.09998
 15.769 255.771 204.617       0       0       0
-2.08616e-05            1 -1.30297e-05
5
 0.400022 -0.700008  0.700016
-17.8091  198.673  113.791 -15.8931  23.9848        0
 -7.0034e-06            1 -2.33451e-05
0
0.500009 0.700006  2.09998
 15.4108 -227.083  181.667        0        0        0
-2.08616e-05           -1 -1.30297e-05
4
0.399998 0.699998 0.899998
-13.3708 -227.361  130.223 -18.1892  23.9852        0
-1.02818e-05           -1 -6.24357e-06
3
5
 0.400024 -0.700008  0.700016
-0.0117018    645.484    369.705   -51.6377    12.9188          0
 -7.0034e-06            1 -2.33451e-05
0
0.500014      0.7      2.1
-1.77636e-14  2.13163e-14 -1.95399e-14            0            0            0
-2.08616e-05           -1 -1.30297e-05
4
0.399998 0.699997 0.899998
0.0117329  -645.484   260.592   -51.639   12.9648         0
-1.02818e-05           -1 -6.24357e-06
4
5
 0.400022 -0.700008  0.700016
 -9.25128   213.508   122.288 -0.131866   11.5586         0
 -7.0034e-06            1 -2.33451e-05
0
0.500014 0.699999      2.1
 6.93965 -240.957  192.766        0        0        0
-2.08616e-05           -1 -1.30297e-05
4
     0.4 0.699998 0.899998
 -6.93067  -213.646   122.367 -0.131866   11.5586         0
-1.02818e-05           -1 -6.24357e-06
1
 0.499988 -0.700003   2.29999
9.24222 241.096 192.876       0       0       0
-2.04272e-05            1 -4.20239e-05
3
0
0.500002 0.699992  2.10001
0.0057116  -439.056   351.245         0         0         0
-2.08616e-05           -1 -1.30297e-05
4
     0.4 0.699997 0.899998
 -0.00892599   -0.0155843   0.00892599 -0.000375948      112.808            0
-1.02818e-05           -1 -6.24357e-06
1
 0.499989 -0.699996       2.3
0.00316137    439.071    279.044          0          0          0
-2.04272e-05            1 -4.20239e-05
4
0
0.500002 0.699991  2.10002
 11.6608 -251.922  201.538        0        0        0
-2.08616e-05           -1 -1.30297e-05
4
     0.4 0.699997 0.899998
-13.3501 -203.052  116.299  16.2439   20.842        0
-1.02818e-05           -1 -6.24357e-06
1
 0.500007 -0.699998   2.29998
15.4339  228.26 182.608       0       0       0
-2.04272e-05            1 -4.20239e-05
5
 0.4 -0.7  0.9
-13.7445  226.714  129.852  18.1371  20.8421        0
-1.02818e-05            1 -6.24357e-06
3
4
     0.4 0.699997 0.899998
 4.03779 -539.018  308.726  43.1214  28.1275        0
-1.02818e-05           -1 -6.24357e-06
1
 0.500007 -0.699998   2.29998
17.6737 56.5234 45.2187       0       0       0
-2.04272e-05            1 -4.20239e-05
5
 0.4 -0.7  0.9
-21.7115  482.495  276.352  38.5996   28.133        0
-1.02818e-05            1 -6.24357e-06
4
4
0.400001 0.699996 0.899999
-15.1698 -211.428  121.097   4.6215   21.426        0
-1.02818e-05           -1 -6.24357e-06
1
 0.500011 -0.699992   2.29995
15.1696 238.413  190.73       0       0       0
-2.04272e-05            1 -4.20239e-05
5
 0.4 -0.7  0.9
-14.8258  216.267  123.868   4.6215   21.426        0
-1.02818e-05            1 -6.24357e-06
0
0.499996 0.700002  2.29999
 14.8264 -243.252  194.601        0        0        0
-2.04272e-05           -1 -4.20239e-05
3
1
 0.500012 -0.699993   2.29995
8.21918 382.979 306.383       0       0       0
-2.04272e-05            1 -4.20239e-05
5
 0.4 -0.7  0.9
-7.31449  12.7707  7.31449 -1.02093  102.766        0
-1.02818e-05            1 -6.24357e-06
0
0.499985 0.700016  2.29998
-0.904724  -395.749     316.6         0         0         0
-2.04272e-05           -1 -4.20239e-05
4
1
 0.500021 -0.699986   2.29997
3.19134 244.966 195.973       0       0       0
-2.04272e-05            1 -4.20239e-05
5
 0.4 -0.7  0.9
  -3.708  209.495   119.99 -7.28629   4.9282        0
-1.02818e-05            1 -6.24357e-06
0
0.499991 0.700016  2.29998
 3.21525 -237.804  190.243        0        0        0
-2.04272e-05           -1 -4.20239e-05
4
0.4 0.7 1.1
-2.69851 -216.658  124.092 -7.28629   4.9282        0
-6.85459e-06           -1 -1.87318e-05
3
1
 0.500021 -0.699986   2.29997
-2.6883 399.265 319.412       0       0       0
-2.04272e-05            1 -4.20239e-05
0
0.499991 0.700016  2.29998
  9.8031 -361.743  289.395        0        0        0
-2.04272e-05           -1 -4.20239e-05
4
0.4 0.7 1.1
-7.11479 -37.5218  21.4909  3.00175  14.0984        0
-6.85459e-06           -1 -1.87318e-05
4
1
  0.50002 -0.699986   2.29997
15.0211 244.987  195.99       0       0       0
-2.04272e-05            1 -4.20239e-05
0
 0.49997 0.700023      2.3
 15.6342 -236.522  189.218        0        0        0
-2.04272e-05           -1 -4.20239e-05
4
0.4 0.7 1.1
-15.0215 -218.189  124.969 -9.27602  25.5465        0
-6.85459e-06           -1 -1.87318e-05
5
 0.4 -0.7  1.1
 -15.634  209.724  120.121 -9.27602  25.5465        0
-6.85459e-06            1 -1.87318e-05
3
1
 0.499958 -0.700014   2.29995
5.24707 40.5449 32.4359       0       0       0
-2.04272e-05            1 -4.20239e-05
4
0.4 0.7 1.1
 2.89487 -542.188  310.542  43.3751  11.1584        0
-6.85459e-06           -1 -1.87318e-05
5
 0.4 -0.7  1.1
-8.14229  501.643  287.319  40.1315  11.1583        0
-6.85459e-06            1 -1.87318e-05
4
1
 0.499949 -0.700017   2.29996
12.9426 242.466 193.973       0       0       0
-2.04272e-05            1 -4.20239e-05
4
0.4 0.7 1.1
  -15.12  -215.69  123.538 -3.40474  21.7703        0
-6.85459e-06           -1 -1.87318e-05
5
 0.4 -0.7  1.1
-13.1808  212.249  121.567 -3.40474  21.7703        0
-6.85459e-06            1 -1.87318e-05
0
0.499993 0.700015  2.49999
 15.3581 -239.025   191.22        0        0        0
-1.16726e-05           -1  -8.4043e-05
3
4
0.4 0.7 1.1
-14.8139 -461.036  264.061 -36.8827  17.3651        0
-6.85459e-06           -1 -1.87318e-05
5
 0.4 -0.7  1.1
 5.31593  535.466  306.692 -42.8356  17.3546        0
-6.85459e-06            1 -1.87318e-05
0
0.499987  0.70003  2.49998
 9.49793 -74.4306  59.5445        0        0        0
-1.16726e-05           -1  -8.4043e-05
4
0
0.499994 0.699989  2.50002
 19.3404 -240.819  192.655        0        0        0
-1.16726e-05           -1  -8.4043e-05
1
0.499998     -0.7      2.5
19.3543 240.611 192.489       0       0       0
-1.16726e-05            1  -8.4043e-05
4
0.400001      0.7      1.1
-19.3547 -213.908  122.517  0.19803   27.639        0
-6.85459e-06           -1 -1.87318e-05
5
0.399999     -0.7      1.1
-19.3402  214.116  122.636  0.19803   27.639        0
-6.85459e-06            1 -1.87318e-05
