4
0
0.499994 0.699989  1.70002
 19.3404 -240.819  192.655        0        0        0
-2.08602e-05           -1 -7.81734e-05
1
0.499998     -0.7      1.7
19.3544 240.611 192.489       0       0       0
-2.08602e-05            1 -7.81734e-05
4
0.400001      0.7 0.300003
-19.3547 -213.908  122.517 0.198041   27.639        0
-6.85448e-06           -1 -4.68276e-06
5
0.399999     -0.7 0.300003
-19.3402  214.116  122.636 0.198041   27.639        0
-6.85448e-06            1 -4.68276e-06
3
0
0.499982  0.69999  1.70002
0.00404433    -417.13    296.594          0          0          0
-2.08602e-05           -1 -7.81734e-05
1
0.499997     -0.7      1.7
-0.000286162      417.124      333.699            0            0            0
-2.08602e-05            1 -7.81734e-05
5
0.399999     -0.7 0.300003
-0.00379124  0.00661929  0.00379124 -0.00011163     120.145           0
-6.85448e-06            1 -4.68276e-06
4
0
0.499991 0.699977  1.70003
 11.5943 -233.556  186.845        0        0        0
-2.08602e-05           -1 -7.81734e-05
1
0.499994     -0.7      1.7
12.3094 249.278 199.422       0       0       0
-2.08602e-05            1 -7.81734e-05
5
0.399999     -0.7 0.300003
-13.4328  205.171  117.513 -15.9559  18.3872        0
-6.85448e-06            1 -4.68276e-06
4
0.4 0.7 0.5
-10.4709 -220.893  126.518 -15.9559  18.3872        0
-7.00358e-06           -1 -1.16726e-05
3
0
0.500008 0.699966  1.70004
 17.3037 -370.884  296.707        0        0        0
-2.08602e-05           -1 -7.81734e-05
1
0.49999    -0.7     1.7
-1.9145 397.752 318.201       0       0       0
-2.08602e-05            1 -7.81734e-05
4
0.400001 0.699998 0.499998
-15.3891 -26.8685  15.3891  2.14965  59.9925        0
-7.00358e-06           -1 -1.16726e-05
4
0
0.500003 0.699969  1.70003
 18.9699 -244.636  195.709        0        0        0
-2.08602e-05           -1 -7.81734e-05
1
 0.499986 -0.699999   1.70001
19.5442 236.625   189.3       0       0       0
-2.08602e-05            1 -7.81734e-05
4
     0.4 0.699998 0.499998
-19.5446 -210.124   120.35  8.77747  32.0945        0
-7.00358e-06           -1 -1.16726e-05
5
0.400001     -0.7      0.5
-18.9695  218.135  124.938  8.77747  32.0945        0
-7.00358e-06            1 -1.16726e-05
3
1
 0.499975 -0.700007       1.7
12.1449 78.2452 62.5962       0       0       0
-2.08602e-05            1 -7.81734e-05
4
     0.4 0.699998 0.499998
 5.58774 -534.709  306.258   42.777  24.8987        0
-7.00358e-06           -1 -1.16726e-05
5
0.400001     -0.7      0.5
-17.7327  456.464  261.443  36.5172  24.8977        0
-7.00358e-06            1 -1.16726e-05
4
1
 0.499974 -0.700007       1.7
16.4983  242.43 193.944       0       0       0
-2.08602e-05            1 -7.81734e-05
4
     0.4 0.699998 0.499998
-19.2691  -215.93  123.675  -3.5376  27.7079        0
-7.00358e-06           -1 -1.16726e-05
5
0.400001     -0.7      0.5
-16.7512  212.331  121.614  -3.5376  27.7079        0
-7.00358e-06            1 -1.16726e-05
0
0.499999      0.7      1.9
 19.522 -238.83 191.064       0       0       0
-1.52125e-05           -1 -7.30142e-05
3
4
     0.4 0.699998 0.499998
 -19.955 -461.411  264.276  -36.913  24.7257        0
-7.00358e-06           -1 -1.16726e-05
5
0.400001     -0.7      0.5
 5.29368  535.528  306.727 -42.8424  24.7265        0
-7.00358e-06            1 -1.16726e-05
0
0.499998      0.7      1.9
 14.6613 -74.1175   59.294        0        0        0
-1.52125e-05           -1 -7.30142e-05
4
4
     0.4 0.699998 0.499998
-10.8533 -217.127  124.361 -6.54533  15.8576        0
-7.00358e-06           -1 -1.16726e-05
5
 0.400001 -0.699999       0.5
-11.3475  210.275  120.436 -6.54533  15.8576        0
-7.00358e-06            1 -1.16726e-05
0
0.499971 0.700001  1.90001
 11.3476 -237.512  190.009        0        0        0
-1.52125e-05           -1 -7.30142e-05
1
      0.5 -0.700003   1.89999
 10.853 244.364 195.491       0       0       0
-1.52125e-05            1 -7.30142e-05
3
5
 0.400001 -0.699999       0.5
 -0.00265564    0.0046366   0.00265564 -0.000620353      131.578            0
-7.00358e-06            1 -1.16726e-05
0
0.499971 0.700001  1.90001
0.00805207   -401.636    308.989          0          0          0
-1.52125e-05           -1 -7.30142e-05
1
      0.5 -0.700003   1.89999
-0.00537574     401.632     321.305           0           0           0
-1.52125e-05            1 -7.30142e-05
4
5
 0.400001 -0.699999       0.5
-7.71297  201.788  115.575 -16.1431  9.90048        0
-7.00358e-06            1 -1.16726e-05
0
0.499971 0.700001  1.90001
 6.72303 -230.724  184.579        0        0        0
-1.52125e-05           -1 -7.30142e-05
1
      0.5 -0.700003   1.89999
6.14761  252.57 202.056       0       0       0
-1.52125e-05            1 -7.30142e-05
4
0.4 0.7 0.7
-5.15766 -223.633  128.087 -17.8906  9.90047        0
 -7.0034e-06           -1 -2.33451e-05
3
0
0.499958 0.699999  1.90001
0.00840727   -418.366    334.692          0          0          0
-1.52125e-05           -1 -7.30142e-05
1
 0.499969 -0.700009       1.9
-0.00387805     418.374       295.6           0           0           0
-1.52125e-05            1 -7.30142e-05
4
0.399998 0.700001 0.700002
-0.00483224 -0.00843681  0.00483224 0.000596648     102.081           0
 -7.0034e-06           -1 -2.33451e-05
4
0
0.499951 0.699998  1.90002
 15.7143 -236.443  189.155        0        0        0
-1.52125e-05           -1 -7.30142e-05
1
0.499956 -0.70002  1.89998
15.0971 245.061 196.049       0       0       0
-1.52125e-05            1 -7.30142e-05
4
0.399998 0.700001 0.700002
-15.0977 -218.269  125.015  -9.4427  25.6763        0
 -7.0034e-06           -1 -2.33451e-05
5
 0.4 -0.7  0.7
-15.714 209.651 120.079 -9.4427 25.6763       0
 -7.0034e-06            1 -2.33451e-05
3
0
0.499951 0.699998  1.90002
 15.6081 -53.9145  43.1316        0        0        0
-1.52125e-05           -1 -7.30142e-05
4
0.399998 0.700001 0.700002
-19.4565 -485.622  278.143 -38.8498  29.2231        0
 -7.0034e-06           -1 -2.33451e-05
5
 0.4 -0.7  0.7
 3.84846  539.536  309.023 -43.1631  29.2204        0
 -7.0034e-06            1 -2.33451e-05
4
0
 0.49995 0.699998  1.90002
 13.6439 -243.722  194.978        0        0        0
-1.52125e-05           -1 -7.30142e-05
4
0.399998 0.700001 0.700002
-14.0749 -211.028  120.868  6.14622  23.0986        0
 -7.0034e-06           -1 -2.33451e-05
5
 0.4 -0.7  0.7
-15.9537  217.162  124.381  6.14622  23.0986        0
 -7.0034e-06            1 -2.33451e-05
1
 0.499989 -0.699993   2.10001
16.3846 237.589 190.071       0       0       0
-2.08616e-05            1 -1.30297e-05
3
4
0.399998      0.7 0.700001
 4.92656 -536.541  307.307  42.9231  19.0063        0
 -7.0034e-06           -1 -2.33451e-05
5
 0.4 -0.7  0.7
-15.7694  467.534  267.783  37.4029  19.0084        0
 -7.0034e-06            1 -2.33451e-05
1
 0.499943 -0.699962   2.09994
10.8424 69.0072 55.2057       0       0       0
-2.08616e-05            1 -1.30297e-05
4
4
0.399998      0.7 0.700001
-11.0292  -217.12  124.357 -6.51896  16.0975        0
 -7.0034e-06           -1 -2.33451e-05
5
 0.4 -0.7  0.7
-11.5067  210.294  120.447 -6.51896  16.0975        0
 -7.0034e-06            1 -2.33451e-05
1
 0.499944 -0.699965   2.09994
11.0287 244.346 195.477       0       0       0
-2.08616e-05            1 -1.30297e-05
0
0.499999 0.699997  2.10001
11.5073 -237.52 190.016       0       0       0
-2.08616e-05           -1 -1.30297e-05
3
5
 0.4 -0.7  0.7
-0.00644527   0.0112531  0.00644527 -0.00095033     87.4038           0
 -7.0034e-06            1 -2.33451e-05
1
 0.499944 -0.699965   2.09993
0.0174442   415.306   332.245         0         0         0
-2.08616e-05            1 -1.30297e-05
0
0.499979      0.7  2.10001
-0.0111366   -415.317    298.046          0          0          0
-2.08616e-05           -1 -1.30297e-05
4
5
      0.4 -0.699999  0.700001
-18.9155  202.925  116.227  -16.234   25.987        0
 -7.0034e-06            1 -2.33451e-05
1
 0.499936 -0.699967   2.09993
17.4645 251.556 201.245       0       0       0
-2.08616e-05            1 -1.30297e-05
0
0.499982 0.699997  2.10001
 16.3178 -231.111  184.889        0        0        0
-2.08616e-05           -1 -1.30297e-05
4
0.400003      0.7 0.900001
-14.8668  -223.37  127.937 -17.8693   25.987        0
-1.02818e-05           -1 -6.24357e-06
3
1
 0.499935 -0.699966   2.09993
-1.50574  396.946  317.557        0        0        0
-2.08616e-05            1 -1.30297e-05
0
0.499962      0.7  2.10002
 13.6437 -375.753  300.603        0        0        0
-2.08616e-05           -1 -1.30297e-05
4
0.400003      0.7 0.900001
-12.1382 -21.1926  12.1382  1.69644  79.9712        0
-1.02818e-05           -1 -6.24357e-06
4
1
  0.49993 -0.699965   2.09994
18.0598 239.834 191.867       0       0       0
-2.08616e-05            1 -1.30297e-05
0
0.499958 0.700001  2.10001
 17.9356 -241.508  193.206        0        0        0
-2.08616e-05           -1 -1.30297e-05
4
0.400003      0.7 0.900001
-18.0609 -213.237  122.133    1.835  29.9968        0
-1.02818e-05           -1 -6.24357e-06
5
 0.4 -0.7  0.9
-17.9346  214.911  123.092    1.835  29.9968        0
-1.02818e-05            1 -6.24357e-06
3
1
 0.499917 -0.699967   2.09993
 14.009 45.4069 36.3255       0       0       0
-2.08616e-05            1 -1.30297e-05
4
0.400004      0.7 0.900002
 3.23823 -541.224  309.989  43.2985  26.0637        0
-1.02818e-05           -1 -6.24357e-06
5
 0.4 -0.7  0.9
-17.248 495.817 283.982 39.6657 26.0562       0
-1.02818e-05            1 -6.24357e-06
4
1
 0.499915 -0.699968   2.09993
13.6136 243.473 194.779       0       0       0
-2.08616e-05            1 -1.30297e-05
4
0.400004      0.7 0.900002
-15.9155 -216.878  124.218 -5.60824  23.0109        0
-1.02818e-05           -1 -6.24357e-06
5
 0.4 -0.7  0.9
-13.9979  211.271  121.007 -5.60824  23.0109        0
-1.02818e-05            1 -6.24357e-06
0
0.500003 0.699992  2.30001
 16.2998 -237.867  190.293        0        0        0
-2.04272e-05           -1 -4.20239e-05
3
1
 0.499912 -0.699969   2.09993
0.0298976    448.36   358.688         0         0         0
-2.08616e-05            1 -1.30297e-05
5
 0.4 -0.7  0.9
-5.29951e-05  9.25264e-05  5.29951e-05   0.00143067      109.693            0
-1.02818e-05            1 -6.24357e-06
0
0.500006 0.699983  2.30001
-0.0298561    -448.36     271.61          0          0          0
-2.04272e-05           -1 -4.20239e-05
4
1
 0.499883 -0.699964   2.09989
13.8595  259.42 207.536       0       0       0
-2.08616e-05            1 -1.30297e-05
5
 0.4 -0.7  0.9
-16.5393  195.388   111.91 -15.6307  25.3343        0
-1.02818e-05            1 -6.24357e-06
0
0.500002 0.699985  2.30001
 16.5407 -221.595  177.276        0        0        0
-2.04272e-05           -1 -4.20239e-05
4
0.4 0.7 1.1
-13.8612 -233.214  133.575 -18.6571  25.3347        0
-6.85459e-06           -1 -1.87318e-05
3
5
 0.4 -0.7  0.9
-1.32234e-05      562.712      322.297     -45.0165      30.3147            0
-1.02818e-05            1 -6.24357e-06
0
0.500002 0.699978  2.30002
-1.06581e-14 -8.88178e-15 -3.19744e-14            0            0            0
-2.04272e-05           -1 -4.20239e-05
4
0.4 0.7 1.1
-7.53126e-05     -562.712          308      -45.017      30.3338            0
-6.85459e-06           -1 -1.87318e-05
4
5
 0.4 -0.7  0.9
-2.10439   192.58  110.301 -15.4064 0.995339        0
-1.02818e-05            1 -6.24357e-06
0
0.500024 0.699972  2.30002
 2.00494 -222.204  177.763        0        0        0
-2.04272e-05           -1 -4.20239e-05
4
0.4 0.7 1.1
0.810174 -232.039  132.902 -18.5631 0.995667        0
-6.85459e-06           -1 -1.87318e-05
1
 0.500001 -0.699997       2.3
-0.710484   261.663   209.331         0         0         0
-2.04272e-05            1 -4.20239e-05
3
0
0.500018 0.699971  2.30002
-0.00557441    -406.233     324.987           0           0           0
-2.04272e-05           -1 -4.20239e-05
4
0.4 0.7 1.1
-1.66788e-05 -2.91202e-05  1.66788e-05  7.68945e-07      86.8171            0
-6.85459e-06           -1 -1.87318e-05
1
 0.499999 -0.699997       2.3
0.00556165    406.233    305.311          0          0          0
-2.04272e-05            1 -4.20239e-05
4
0
0.500018 0.699971  2.30002
 11.2391 -245.221  196.177        0        0        0
-2.04272e-05           -1 -4.20239e-05
4
0.4 0.7 1.1
-11.8634 -209.443   119.96  9.52718  19.2518        0
-6.85459e-06           -1 -1.87318e-05
1
 0.499997 -0.699996   2.29994
11.8627 236.526 189.221       0       0       0
-2.04272e-05            1 -4.20239e-05
5
      0.4 -0.699999       1.1
-11.2383  218.138   124.94  9.52718  19.2518        0
-6.85459e-06            1 -1.87318e-05
3
4
0.400007      0.7      1.1
 3.12219 -541.551  310.177  43.3245  25.4514        0
-6.85459e-06           -1 -1.87318e-05
1
 0.499967 -0.700007   2.29995
13.7021  43.758 35.0064       0       0       0
-2.04272e-05            1 -4.20239e-05
5
 0.400001 -0.699998       1.1
-16.8248  497.792  285.114  39.8239  25.4502        0
-6.85459e-06            1 -1.87318e-05
4
4
0.400007      0.7      1.1
 -15.913 -216.877  124.217 -5.60562  23.0134        0
-6.85459e-06           -1 -1.87318e-05
1
 0.499965 -0.700008   2.29995
 13.611 243.472 194.777       0       0       0
-2.04272e-05            1 -4.20239e-05
5
 0.400001 -0.699998       1.1
 -14.004  211.273  121.008 -5.60562  23.0134        0
-6.85459e-06            1 -1.87318e-05
0
0.500003 0.699991  2.50001
 16.3059 -237.868  190.295        0        0        0
-1.16726e-05           -1  -8.4043e-05
3
4
0.400007      0.7      1.1
 -15.604 -466.463   267.17 -37.3167  18.7145        0
-6.85459e-06           -1 -1.87318e-05
5
 0.400001 -0.699998       1.1
4.99498 536.364 307.206 -42.909 18.7156       0
-6.85459e-06            1 -1.87318e-05
0
0.500007 0.699983  2.50001
  10.609 -69.9019  55.9215        0        0        0
-1.16726e-05           -1  -8.4043e-05
4
0
0.499994 0.699989  2.50002
 19.3404 -240.819  192.655        0        0        0
-1.16726e-05           -1  -8.4043e-05
1
0.499998     -0.7      2.5
19.3544 240.611 192.489       0       0       0
-1.16726e-05            1  -8.4043e-05
4
0.400001      0.7      1.1
-19.3547 -213.908  122.517 0.198041   27.639        0
-6.85459e-06           -1 -1.87318e-05
5
0.399999     -0.7      1.1
-19.3402  214.116  122.636 0.198041   27.639        0
-6.85459e-06            1 -1.87318e-05
