4
0
0.499994 0.699989  1.70002
 19.3404 -240.819  192.655        0        0        0
-2.08602e-05           -1 -7.81734e-05
1
0.499998     -0.7      1.7
19.3544 240.611 192.489       0       0       0
-2.08602e-05            1 -7.81734e-05
4
0.400001      0.7 0.300003
-19.3547 -213.908  122.517 0.198041   27.639        0
-6.85448e-06           -1 -4.68276e-06
5
0.399999     -0.7 0.300003
-19.3402  214.116  122.636 0.198041   27.639        0
-6.85448e-06            1 -4.68276e-06
3
0
0.49999 0.69999 1.70002
-0.381724  -394.703   315.762         0         0         0
-2.08602e-05           -1 -7.81734e-05
1
 0.500004 -0.699998       1.7
3.47396 389.304 311.443       0       0       0
-2.08602e-05            1 -7.81734e-05
5
0.399999     -0.7 0.300003
 -3.09224   5.39887   3.09224 -0.431583   125.002         0
-6.85448e-06            1 -4.68276e-06
4
0
 0.49999 0.699991  1.70002
 14.0045 -235.512   188.41        0        0        0
-2.08602e-05           -1 -7.81734e-05
1
 0.500014 -0.699994   1.70001
15.4557 246.863 197.491       0       0       0
-2.08602e-05            1 -7.81734e-05
5
0.399999     -0.7 0.300003
-16.2706  207.676  118.948 -11.4741  22.6615        0
-6.85448e-06            1 -4.68276e-06
4
0.4 0.7 0.5
-13.1896 -219.027  125.449 -11.4741  22.6615        0
-7.00358e-06           -1 -1.16726e-05
3
0
     0.5 0.699978  1.70003
6.17208 -385.72 308.576       0       0       0
-2.08602e-05           -1 -7.81734e-05
1
 0.500011 -0.699994   1.70001
-0.68736  395.296  316.237        0        0        0
-2.08602e-05            1 -7.81734e-05
4
0.4 0.7 0.5
-5.48474 -9.57604  5.48474 0.766078   85.423        0
-7.00358e-06           -1 -1.16726e-05
4
0
0.499995  0.69998  1.70002
 18.9955 -244.623  195.699        0        0        0
-2.08602e-05           -1 -7.81734e-05
1
 0.500008 -0.699993   1.70002
19.5634 236.636 189.309       0       0       0
-2.08602e-05            1 -7.81734e-05
4
0.4 0.7 0.5
-19.5635 -210.137  120.357  8.75102  32.1319        0
-7.00358e-06           -1 -1.16726e-05
5
0.400001     -0.7      0.5
-18.9954  218.124  124.932  8.75102  32.1319        0
-7.00358e-06            1 -1.16726e-05
3
0
0.500002 0.699978  1.70001
 2.34442 -32.0756  25.6604        0        0        0
-2.08602e-05           -1 -7.81734e-05
4
0.4 0.7 0.5
-4.63513 -511.793  293.133 -40.9435  5.81757        0
-7.00358e-06           -1 -1.16726e-05
5
0.400001     -0.7      0.5
 2.29077  543.868  311.504 -43.5095  5.81734        0
-7.00358e-06            1 -1.16726e-05
4
0
0.499997 0.699976  1.70002
  16.997 -245.643  196.514        0        0        0
-2.08602e-05           -1 -7.81734e-05
4
0.4 0.7 0.5
-17.7437 -209.193  119.816  10.4724  28.9502        0
-7.00358e-06           -1 -1.16726e-05
5
 0.400001 -0.699999  0.499999
-19.8923  219.592  125.773  10.4724  28.9502        0
-7.00358e-06            1 -1.16726e-05
1
 0.499972 -0.699998   1.90002
20.6387 235.243 188.194       0       0       0
-1.52125e-05            1 -7.30142e-05
3
4
0.400001      0.7 0.500001
 4.27335 -538.357  308.348  43.0684  25.6719        0
-7.00358e-06           -1 -1.16726e-05
5
 0.400002 -0.699998  0.499999
-20.1088  478.498  274.063    38.28  25.6728        0
-7.00358e-06            1 -1.16726e-05
1
 0.499944 -0.699997   1.90004
15.8351 59.8586 47.8869       0       0       0
-1.52125e-05            1 -7.30142e-05
4
4
0.400001 0.700001 0.500002
-14.4856 -216.606  124.063 -5.29181  20.9692        0
-7.00358e-06           -1 -1.16726e-05
5
 0.400003 -0.699997  0.499998
-14.8716  211.065  120.889 -5.29181  20.9692        0
-7.00358e-06            1 -1.16726e-05
1
 0.499944 -0.699997   1.90004
14.4863 243.612 194.889       0       0       0
-1.52125e-05            1 -7.30142e-05
0
0.500006 0.700003  1.89999
  14.871 -238.071  190.456        0        0        0
-1.52125e-05           -1 -7.30142e-05
3
4
0.400001 0.700001 0.500002
-4.46268 -7.79158  4.46268 0.621385  113.594        0
-7.00358e-06           -1 -1.16726e-05
1
 0.499922 -0.700008   1.90003
-0.53593  395.042  316.034        0        0        0
-1.52125e-05            1 -7.30142e-05
0
0.499995 0.699987  1.90001
 4.99834 -387.251  309.801        0        0        0
-1.52125e-05           -1 -7.30142e-05
4
4
0.400001 0.700001 0.500002
-10.7048 -212.823  121.896   1.5384  15.2039        0
-7.00358e-06           -1 -1.16726e-05
1
 0.499926 -0.700007   1.90003
 9.1845 240.211 192.169       0       0       0
-1.52125e-05            1 -7.30142e-05
0
0.499991 0.699984  1.90002
  10.581 -241.791  193.433        0        0        0
-1.52125e-05           -1 -7.30142e-05
5
 0.4 -0.7  0.7
-9.06068  214.402    122.8   1.5384  15.2039        0
 -7.0034e-06            1 -2.33451e-05
3
1
 0.499931 -0.700005   1.90003
0.0221034    427.28   341.824         0         0         0
-1.52125e-05            1 -7.30142e-05
0
0.499986 0.699981  1.90003
-0.0173552   -427.288    288.469          0          0          0
-1.52125e-05           -1 -7.30142e-05
5
 0.4 -0.7  0.7
 -0.00473879   0.00827366   0.00473879 -0.000453778      80.7166            0
 -7.0034e-06            1 -2.33451e-05
4
1
 0.499929 -0.699997   1.90004
18.8211 235.878 188.703       0       0       0
-1.52125e-05            1 -7.30142e-05
0
0.499962 0.700003  1.90001
 18.1336 -245.432  196.346        0        0        0
-1.52125e-05           -1 -7.30142e-05
5
 0.400004 -0.699998  0.699999
-18.1343  218.872   125.36  10.4689  30.7952        0
 -7.0034e-06            1 -2.33451e-05
4
0.399998 0.699999 0.700001
-18.8207 -209.318  119.888  10.4689  30.7952        0
 -7.0034e-06           -1 -2.33451e-05
3
0
 0.49996 0.699998      1.9
 15.6402 -72.5947  58.0758        0        0        0
-1.52125e-05           -1 -7.30142e-05
5
 0.400005 -0.699998  0.699999
 5.18064   535.83    306.9 -42.8666  30.3883        0
 -7.0034e-06            1 -2.33451e-05
4
0.399998 0.699999 0.700001
-20.8209 -463.236  265.321 -37.0593  30.3908        0
 -7.0034e-06           -1 -2.33451e-05
4
0
0.499931 0.700007  1.90001
 18.4064 -248.132  198.505        0        0        0
-1.52125e-05           -1 -7.30142e-05
5
 0.400005 -0.699997  0.699998
-21.5662  222.509  127.443  15.9031  31.6028        0
 -7.0034e-06            1 -2.33451e-05
4
0.399997 0.699999 0.700001
-19.5174 -206.774  118.431  15.9031  31.6028        0
 -7.0034e-06           -1 -2.33451e-05
1
 0.499998 -0.700003   2.09998
 22.677 232.397 185.918       0       0       0
-2.08616e-05            1 -1.30297e-05
3
0
0.499932 0.700004  1.90002
0.023266 -467.269  373.815        0        0        0
-1.52125e-05           -1 -7.30142e-05
4
0.399998 0.699999 0.700001
-0.00160663 -0.00280508  0.00160663 -0.00171237       112.2           0
 -7.0034e-06           -1 -2.33451e-05
1
 0.499996 -0.700003   2.09998
-0.0216815    467.272    256.481          0          0          0
-2.08616e-05            1 -1.30297e-05
4
0
0.499932 0.700004  1.90002
 18.7397 -271.922  217.538        0        0        0
-1.52125e-05           -1 -7.30142e-05
4
0.399998 0.699999 0.700001
-23.3099 -183.153  104.902  14.6516    35.04        0
 -7.0034e-06           -1 -2.33451e-05
1
      0.5 -0.700002   2.09997
23.3092  207.75   166.2       0       0       0
-2.08616e-05            1 -1.30297e-05
5
 0.4 -0.7  0.9
-18.739 247.325 141.657  19.786  35.041       0
-1.02818e-05            1 -6.24357e-06
3
4
0.400007 0.699997 0.700002
-0.00299848    -584.912     335.012      46.793     39.1575           0
 -7.0034e-06           -1 -2.33451e-05
1
  0.49999 -0.700001   2.09997
2.39808e-14  2.4869e-14 3.55271e-15           0           0           0
-2.08616e-05            1 -1.30297e-05
5
 0.399999 -0.699999  0.900001
0.00291277    584.912    295.285    46.7935    39.1823          0
-1.02818e-05            1 -6.24357e-06
4
4
0.400007 0.699997 0.700002
-20.9721 -196.181  112.364  15.6945   28.233        0
 -7.0034e-06           -1 -2.33451e-05
1
 0.499983 -0.699994       2.1
18.1487 224.481 179.585       0       0       0
-2.08616e-05            1 -1.30297e-05
5
 0.399999 -0.699998  0.900001
-15.7308  229.981  131.723  18.3989  28.2332        0
-1.02818e-05            1 -6.24357e-06
0
0.499999 0.699998      2.1
 18.5541 -258.282  206.625        0        0        0
-2.08616e-05           -1 -1.30297e-05
3
1
 0.499981 -0.699991   2.10001
 16.433 372.055 297.644       0       0       0
-2.08616e-05            1 -1.30297e-05
5
 0.399999 -0.699998  0.900001
-14.6071  25.5031  14.6071 -2.03881  111.847        0
-1.02818e-05            1 -6.24357e-06
0
0.499997 0.699997  2.09999
-1.82593 -397.558  318.046        0        0        0
-2.08616e-05           -1 -1.30297e-05
4
1
  0.49998 -0.699991   2.10001
18.0236 244.467 195.574       0       0       0
-2.08616e-05            1 -1.30297e-05
5
 0.399999 -0.699998  0.900001
-18.5662  210.281   120.44 -8.34044  30.4912        0
-1.02818e-05            1 -6.24357e-06
0
0.499985 0.699998  2.10001
 18.5662 -236.855  189.484        0        0        0
-2.08616e-05           -1 -1.30297e-05
4
0.4 0.7 0.9
-18.0237 -217.893    124.8 -8.34044  30.4912        0
-1.02818e-05           -1 -6.24357e-06
3
1
 0.499979 -0.699988   2.10001
12.0028 68.4393 54.7514       0       0       0
-2.08616e-05            1 -1.30297e-05
5
 0.399999 -0.699998  0.900001
-16.8901  468.215  268.173  37.4579  24.0878        0
-1.02818e-05            1 -6.24357e-06
4
0.4 0.7 0.9
  4.8871 -536.655  307.372  42.9325  24.0804        0
-1.02818e-05           -1 -6.24357e-06
4
1
 0.499977 -0.699987   2.10001
14.4263 241.732 193.385       0       0       0
-2.08616e-05            1 -1.30297e-05
5
      0.4 -0.699997       0.9
-14.5651  212.987   121.99  -1.9149  24.1593        0
-1.02818e-05            1 -6.24357e-06
4
0.4 0.7 0.9
-16.8421 -214.979  123.131  -1.9149  24.1593        0
-1.02818e-05           -1 -6.24357e-06
0
0.499997      0.7      2.3
 16.9809 -239.739  191.791        0        0        0
-2.04272e-05           -1 -4.20239e-05
3
1
 0.499996 -0.699982   2.10002
0.0109286   444.859   355.887         0         0         0
-2.08616e-05            1 -1.30297e-05
5
      0.4 -0.699997       0.9
-0.00938769   0.0163904  0.00938769 0.000693055     103.848           0
-1.02818e-05            1 -6.24357e-06
0
0.499997 0.700004  2.29999
-0.00146972    -444.875     274.401           0           0           0
-2.04272e-05           -1 -4.20239e-05
4
1
 0.499995 -0.699982   2.10001
14.0031  261.57 209.256       0       0       0
-2.08616e-05            1 -1.30297e-05
5
      0.4 -0.699997       0.9
-17.0224  193.275    110.7 -15.4616  25.8537        0
-1.02818e-05            1 -6.24357e-06
0
0.500011      0.7  2.29998
17.0221 -219.26 175.408       0       0       0
-2.04272e-05           -1 -4.20239e-05
4
0.4 0.7 1.1
-14.0027 -235.586  134.934 -18.8469  25.8543        0
-6.85459e-06           -1 -1.87318e-05
3
5
      0.4 -0.699997       0.9
0.000173068     583.964     334.469    -46.7167     42.5223           0
-1.02818e-05            1 -6.24357e-06
0
0.500022 0.699994  2.29998
-9.76996e-15 -2.13163e-14  6.75016e-14            0            0            0
-2.04272e-05           -1 -4.20239e-05
4
0.4 0.7 1.1
-0.000130274     -583.964      295.828     -46.7172      42.5529            0
-6.85459e-06           -1 -1.87318e-05
4
5
      0.4 -0.699997       0.9
 -5.8387  211.063  120.888 -4.50315   8.1185        0
-1.02818e-05            1 -6.24357e-06
0
0.500024 0.699994  2.29998
 5.02676 -239.007  191.206        0        0        0
-2.04272e-05           -1 -4.20239e-05
4
0.4 0.7 1.1
-4.71529 -215.515  123.437 -4.50315   8.1185        0
-6.85459e-06           -1 -1.87318e-05
1
 0.499986 -0.700003       2.3
5.52719 243.458 194.767       0       0       0
-2.04272e-05            1 -4.20239e-05
3
0
0.500027 0.699989  2.29999
-0.0111736   -404.531    323.625          0          0          0
-2.04272e-05           -1 -4.20239e-05
4
0.4 0.7 1.1
 -0.00114837  -0.00200499   0.00114837 -6.18833e-05       144.52            0
-6.85459e-06           -1 -1.87318e-05
1
 0.499983 -0.700005       2.3
0.0123071   404.533   306.672         0         0         0
-2.04272e-05            1 -4.20239e-05
4
0
0.500025 0.699989  2.29999
 22.0432 -240.186  192.149        0        0        0
-2.04272e-05           -1 -4.20239e-05
4
0.4 0.7 1.1
 -21.9993  -214.609   122.919 -0.782836   36.7024         0
-6.85459e-06           -1 -1.87318e-05
1
 0.499982 -0.700005       2.3
21.9995 240.901 192.721       0       0       0
-2.04272e-05            1 -4.20239e-05
5
 0.4 -0.7  1.1
 -22.0434   213.894   122.509 -0.782836   36.7024         0
-6.85459e-06            1 -1.87318e-05
3
0
0.500024  0.69999  2.29999
 18.8586 -58.1287  46.5029        0        0        0
-2.04272e-05           -1 -4.20239e-05
4
0.4 0.7 1.1
-23.0114 -480.571   275.25 -38.4459  34.8941        0
-6.85459e-06           -1 -1.87318e-05
5
 0.4 -0.7  1.1
 4.15279    538.7  308.544 -43.0961   34.893        0
-6.85459e-06            1 -1.87318e-05
4
0
0.499996 0.700009  2.29998
 18.5757 -247.344  197.875        0        0        0
-2.04272e-05           -1 -4.20239e-05
4
0.4 0.7 1.1
-19.5818 -207.547  118.874  14.2228  31.7984        0
-6.85459e-06           -1 -1.87318e-05
5
 0.4 -0.7  1.1
-21.7559  221.636  126.943  14.2228  31.7984        0
-6.85459e-06            1 -1.87318e-05
1
0.499998     -0.7      2.5
22.7619 233.256 186.605       0       0       0
-1.16726e-05            1  -8.4043e-05
3
4
0.399997      0.7      1.1
 5.36044 -535.346  306.623  42.8271  18.6775        0
-6.85459e-06           -1 -1.87318e-05
5
      0.4 -0.699999       1.1
-15.7593  460.307  263.644  36.8246  18.6838        0
-6.85459e-06            1 -1.87318e-05
1
 0.499989 -0.700014   2.49999
10.3987 75.0383 60.0306       0       0       0
-1.16726e-05            1  -8.4043e-05
4
0
0.499994 0.699989  2.50002
 19.3403 -240.818  192.655        0        0        0
-1.16726e-05           -1  -8.4043e-05
1
0.499998     -0.7      2.5
19.3544 240.611 192.489       0       0       0
-1.16726e-05            1  -8.4043e-05
4
0.400001      0.7      1.1
-19.3547 -213.908  122.517  0.19799   27.639        0
-6.85459e-06           -1 -1.87318e-05
5
0.399999     -0.7      1.1
-19.3402  214.116  122.636  0.19799   27.639        0
-6.85459e-06            1 -1.87318e-05
