4
0
0.499994 0.699989  1.70002
 19.3404 -240.819  192.655        0        0        0
-2.08602e-05           -1 -7.81734e-05
1
0.499998     -0.7      1.7
19.3544 240.611 192.489       0       0       0
-2.08602e-05            1 -7.81734e-05
4
0.400001      0.7 0.300003
-19.3547 -213.908  122.517 0.198041   27.639        0
-6.85448e-06           -1 -4.68276e-06
5
0.399999     -0.7 0.300003
-19.3402  214.116  122.636 0.198041   27.639        0
-6.85448e-06            1 -4.68276e-06
3
0
0.499982  0.69999  1.70002
0.00404433    -417.13    296.594          0          0          0
-2.08602e-05           -1 -7.81734e-05
1
0.499997     -0.7      1.7
-0.000286162      417.124      333.699            0            0            0
-2.08602e-05            1 -7.81734e-05
5
0.399999     -0.7 0.300003
-0.00379124  0.00661929  0.00379124 -0.00011163     120.145           0
-6.85448e-06            1 -4.68276e-06
4
0
0.500033 0.699961  1.70004
 9.96179 -226.901  181.521        0        0        0
-2.08602e-05           -1 -7.81734e-05
1
0.499997     -0.7      1.7
9.35222 256.308 205.046       0       0       0
-2.08602e-05            1 -7.81734e-05
5
0.399999     -0.7 0.300003
-11.4469  198.066  113.444 -15.8453  14.8565        0
-6.85448e-06            1 -4.68276e-06
4
0.4 0.7 0.5
 -7.8666 -227.474  130.287 -18.1979  14.8565        0
-7.00358e-06           -1 -1.16726e-05
3
0
0.500084 0.699934  1.70006
 17.3008 -370.865  296.692        0        0        0
-2.08602e-05           -1 -7.81734e-05
1
 0.499998 -0.699999       1.7
-1.8986 397.755 318.204       0       0       0
-2.08602e-05            1 -7.81734e-05
4
0.4 0.7 0.5
-15.4017 -26.8904  15.4017  2.15125  59.5449        0
-7.00358e-06           -1 -1.16726e-05
4
0
0.500082 0.699934  1.70006
 8.18848 -246.377  197.102        0        0        0
-2.08602e-05           -1 -7.81734e-05
1
 0.499997 -0.699998       1.7
8.97561 235.557 188.445       0       0       0
-2.08602e-05            1 -7.81734e-05
4
     0.4 0.699999      0.5
-8.97602  -208.25  119.276  11.8575   14.303        0
-7.00358e-06           -1 -1.16726e-05
5
 0.4 -0.7  0.5
-8.18808   219.07  125.474  11.8575   14.303        0
-7.00358e-06            1 -1.16726e-05
3
1
 0.499977 -0.700006   1.70001
18.7514 65.2838  52.227       0       0       0
-2.08602e-05            1 -7.81734e-05
4
     0.4 0.699999      0.5
 4.66216 -537.281  307.731  42.9825  35.1373        0
-7.00358e-06           -1 -1.16726e-05
5
 0.4 -0.7  0.5
-23.4136  471.997  270.339  37.7597  35.1369        0
-7.00358e-06            1 -1.16726e-05
4
1
0.499948 -0.70001  1.70002
18.3763 247.405 197.924       0       0       0
-2.08602e-05            1 -7.81734e-05
4
0.4 0.7 0.5
-21.5227 -221.687  126.973 -14.3397  31.4652        0
-7.00358e-06           -1 -1.16726e-05
5
0.400001     -0.7      0.5
-19.3825  207.485  118.838 -14.3397  31.4652        0
-7.00358e-06            1 -1.16726e-05
0
0.499997 0.700001      1.9
 22.5286 -233.203  186.562        0        0        0
-1.52125e-05           -1 -7.30142e-05
3
1
  0.49992 -0.700014   1.70002
0.0270646    481.02   384.816         0         0         0
-2.08602e-05            1 -7.81734e-05
5
 0.400002 -0.699999       0.5
 -0.00119203   0.00208121   0.00119203 -0.000656881      141.086            0
-7.00358e-06            1 -1.16726e-05
0
0.499995 0.700001      1.9
-0.0260832   -481.022     245.48          0          0          0
-1.52125e-05           -1 -7.30142e-05
4
1
 0.499951 -0.700008   1.70005
17.7284 271.507 217.206       0       0       0
-2.08602e-05            1 -7.81734e-05
5
 0.400002 -0.699999       0.5
-22.2373  183.548  105.128  -14.684  33.3036        0
-7.00358e-06            1 -1.16726e-05
0
0.499994 0.700001  1.89998
 22.2361 -208.265  166.612        0        0        0
-1.52125e-05           -1 -7.30142e-05
4
0.4 0.7 0.7
-17.7272  -246.79  141.351 -19.7432  33.3034        0
 -7.0034e-06           -1 -2.33451e-05
3
5
 0.400002 -0.699999       0.5
-0.000709187      628.697       360.09     -50.2959      40.3606            0
-7.00358e-06            1 -1.16726e-05
0
0.499991 0.700001  1.89998
 3.90799e-14 -7.10543e-15 -4.61853e-14            0            0            0
-1.52125e-05           -1 -7.30142e-05
4
0.4 0.7 0.7
0.000675184    -628.697     270.207    -50.2957      40.354           0
 -7.0034e-06           -1 -2.33451e-05
4
5
 0.400002 -0.699999       0.5
-25.3792  202.754  116.129 -16.2205  35.1723        0
-7.00358e-06            1 -1.16726e-05
0
0.499981 0.700009  1.89997
 21.8614 -230.538   184.43        0        0        0
-1.52125e-05           -1 -7.30142e-05
4
0.4 0.7 0.7
-20.3444  -224.01  128.303 -17.9208  35.1723        0
 -7.0034e-06           -1 -2.33451e-05
1
 0.499974 -0.700011       1.9
 23.862 251.794 201.435       0       0       0
-1.52125e-05            1 -7.30142e-05
3
0
0.499971 0.700017  1.89997
 11.3099 -378.863   303.09        0        0        0
-1.52125e-05           -1 -7.30142e-05
4
0.4 0.7 0.7
-10.0621 -17.5679  10.0621  1.40547  141.633        0
 -7.0034e-06           -1 -2.33451e-05
1
 0.499948 -0.700022       1.9
-1.24798  396.431  317.145        0        0        0
-1.52125e-05            1 -7.30142e-05
4
0
 0.49995 0.700026  1.89998
21.0591 -237.98 190.384       0       0       0
-1.52125e-05           -1 -7.30142e-05
4
0.4 0.7 0.7
-20.6919 -216.801  124.174 -5.69827  34.7932        0
 -7.0034e-06           -1 -2.33451e-05
1
 0.499926 -0.700038   1.89999
20.6921 243.181 194.544       0       0       0
-1.52125e-05            1 -7.30142e-05
5
 0.4 -0.7  0.7
-21.0596    211.6  121.195 -5.69827  34.7932        0
 -7.0034e-06            1 -2.33451e-05
3
4
0.4 0.7 0.7
 2.25963 -543.946  311.549  43.5158  17.7064        0
 -7.0034e-06           -1 -2.33451e-05
1
 0.499829 -0.700067   1.90001
9.49338 31.6825  25.346       0       0       0
-1.52125e-05            1 -7.30142e-05
5
 0.4 -0.7  0.7
-11.7536  512.264  293.402  40.9811  17.7062        0
 -7.0034e-06            1 -2.33451e-05
4
4
     0.4      0.7 0.700001
-19.4198 -223.163  127.818 -17.3105  28.5902        0
 -7.0034e-06           -1 -2.33451e-05
1
 0.499803 -0.700084   1.89999
16.5606 248.817 199.054       0       0       0
-1.52125e-05            1 -7.30142e-05
5
 0.400002 -0.699999       0.7
-17.7474  206.083  118.035 -16.4867  28.5902        0
 -7.0034e-06            1 -2.33451e-05
0
0.499997 0.699999      2.1
 20.6065 -231.738   185.39        0        0        0
-2.08616e-05           -1 -1.30297e-05
3
4
0.400001 0.700001 0.700002
 -18.921 -494.745  283.368 -39.5796  24.6711        0
 -7.0034e-06           -1 -2.33451e-05
5
 0.400004 -0.699998  0.699999
 3.30579  541.046  309.888 -43.2839  24.6708        0
 -7.0034e-06            1 -2.33451e-05
0
0.499993 0.699998  2.10001
 15.6151 -46.3015  37.0412        0        0        0
-2.08616e-05           -1 -1.30297e-05
4
4
0.400001 0.700001 0.700002
-15.9979 -217.725  124.704 -7.31494  23.2457        0
 -7.0034e-06           -1 -2.33451e-05
5
 0.400004 -0.699998  0.699999
-16.5463  210.067  120.317 -7.31494  23.2457        0
 -7.0034e-06            1 -2.33451e-05
0
0.499992 0.699994  2.10002
 16.5465 -236.969  189.575        0        0        0
-2.08616e-05           -1 -1.30297e-05
1
0.499999     -0.7      2.1
15.9977 244.627 195.702       0       0       0
-2.08616e-05            1 -1.30297e-05
3
4
0.400001 0.700001 0.700002
-7.58328   -13.24  7.58328  1.05866  106.067        0
 -7.0034e-06           -1 -2.33451e-05
0
0.500007 0.699992  2.10001
 8.52654 -382.576  306.061        0        0        0
-2.08616e-05           -1 -1.30297e-05
1
 0.499997 -0.699993   2.10001
-0.943215   395.816   316.653         0         0         0
-2.08616e-05            1 -1.30297e-05
4
4
0.400002 0.700001 0.700002
-19.0945 -200.607  114.899  16.0484  26.0005        0
 -7.0034e-06           -1 -2.33451e-05
0
0.500018  0.69998  2.10002
 17.3067 -253.863   203.09        0        0        0
-2.08616e-05           -1 -1.30297e-05
1
0.500007 -0.69999      2.1
16.4943 228.866 183.092       0       0       0
-2.08616e-05            1 -1.30297e-05
5
 0.4 -0.7  0.9
-14.7064  225.604  129.216  18.0483  26.0006        0
-1.02818e-05            1 -6.24357e-06
3
0
0.500003 0.699975  2.10004
0.000875748    -409.767     302.484           0           0           0
-2.08616e-05           -1 -1.30297e-05
1
 0.500007 -0.699994   2.09999
-0.000358683      409.766      327.813            0            0            0
-2.08616e-05            1 -1.30297e-05
5
 0.4 -0.7  0.9
-0.00059254  0.00103454  0.00059254 5.33039e-05      114.37           0
-1.02818e-05            1 -6.24357e-06
4
0
0.499972 0.699983  2.10004
  20.522 -240.609  192.487        0        0        0
-2.08616e-05           -1 -1.30297e-05
1
 0.499975 -0.700008       2.1
20.5228 240.573 192.458       0       0       0
-2.08616e-05            1 -1.30297e-05
5
 0.400001 -0.699999       0.9
 -20.5215   214.203   122.686 0.0395606   34.2037         0
-1.02818e-05            1 -6.24357e-06
4
0.399999      0.7      0.9
 -20.5237  -214.167   122.666 0.0395606   34.2037         0
-1.02818e-05           -1 -6.24357e-06
3
0
0.499969 0.699979  2.10003
 10.9213 -72.5716  58.0573        0        0        0
-2.08616e-05           -1 -1.30297e-05
5
 0.400001 -0.699999       0.9
 5.18131  535.835  306.903 -42.8669  22.5204        0
-1.02818e-05            1 -6.24357e-06
4
0.399999      0.7      0.9
-16.1027 -463.263  265.337 -37.0612  22.5212        0
-1.02818e-05           -1 -6.24357e-06
4
0
0.499967 0.699978  2.10003
15.9615 -246.86 197.488       0       0       0
-2.08616e-05           -1 -1.30297e-05
5
 0.400001 -0.699999       0.9
-18.698 220.883 126.512 13.0274 27.3648       0
-1.02818e-05            1 -6.24357e-06
4
0.399999      0.7      0.9
 -16.877 -207.987  119.126  13.0274  27.3648        0
-1.02818e-05           -1 -6.24357e-06
1
 0.499997 -0.699987   2.30002
19.6133 233.964 187.171       0       0       0
-2.04272e-05            1 -4.20239e-05
3
0
0.499967 0.699976  2.10001
0.0153495  -491.709   393.367         0         0         0
-2.08616e-05           -1 -1.30297e-05
4
0.400001 0.699999      0.9
-0.00137044 -0.00239271  0.00137044 4.54187e-05     102.903           0
-1.02818e-05           -1 -6.24357e-06
1
 0.500007 -0.699989       2.3
-0.013897   491.711   236.928         0         0         0
-2.04272e-05            1 -4.20239e-05
4
0
0.499965 0.699972  2.10001
14.3785 -273.05  218.44       0       0       0
-2.08616e-05           -1 -1.30297e-05
4
0.400001 0.699999      0.9
-19.1003 -181.988  104.235   14.559  27.8988        0
-1.02818e-05           -1 -6.24357e-06
1
  0.50002 -0.699978   2.30002
19.1006 206.811 165.449       0       0       0
-2.04272e-05            1 -4.20239e-05
5
 0.4 -0.7  1.1
-14.3788  248.227  142.174  19.8582  27.8989        0
-6.85459e-06            1 -1.87318e-05
3
4
0.400001 0.699999      0.9
-0.000322913     -622.997      356.826      49.8398      29.2665            0
-1.02818e-05           -1 -6.24357e-06
1
 0.500033 -0.699967   2.30005
 3.19744e-14 -9.32587e-15  -2.4869e-14            0            0            0
-2.04272e-05            1 -4.20239e-05
5
 0.4 -0.7  1.1
0.000318801     622.997     273.472     49.8398     29.2688           0
-6.85459e-06            1 -1.87318e-05
4
4
0.400001 0.699999      0.9
-19.3765 -198.211  113.526  15.8568  26.1693        0
-1.02818e-05           -1 -6.24357e-06
1
  0.50004 -0.699963   2.30004
16.7602 226.538  181.23       0       0       0
-2.04272e-05            1 -4.20239e-05
5
 0.4 -0.7  1.1
-14.644 227.921 130.543 18.2336 26.1694       0
-6.85459e-06            1 -1.87318e-05
0
     0.5 0.700001      2.3
 17.2604 -256.248  204.998        0        0        0
-2.04272e-05           -1 -4.20239e-05
3
1
0.500047 -0.69996  2.30003
17.5354 370.565 296.452       0       0       0
-2.04272e-05            1 -4.20239e-05
5
 0.4 -0.7  1.1
-15.6017  27.2397  15.6017 -2.17815  101.381        0
-6.85459e-06            1 -1.87318e-05
0
     0.5 0.700002  2.29999
-1.93358 -397.805  318.244        0        0        0
-2.04272e-05           -1 -4.20239e-05
4
1
 0.500063 -0.699939   2.30002
17.9655 240.147 192.118       0       0       0
-2.04272e-05            1 -4.20239e-05
5
 0.4 -0.7  1.1
-17.9027  214.597  122.912  1.14985  29.8896        0
-6.85459e-06            1 -1.87318e-05
0
0.499986 0.700007  2.29998
  17.902 -241.197  192.958        0        0        0
-2.04272e-05           -1 -4.20239e-05
4
0.4 0.7 1.1
-17.9649 -213.546   122.31  1.14985  29.8896        0
-6.85459e-06           -1 -1.87318e-05
3
5
 0.4 -0.7  1.1
 4.45512  537.855   308.06 -43.0269  26.4471        0
-6.85459e-06            1 -1.87318e-05
0
0.499973 0.700012  2.29997
  13.643 -62.3867  49.9094        0        0        0
-2.04272e-05           -1 -4.20239e-05
4
0.4 0.7 1.1
-18.0982 -475.468  272.328 -38.0375  26.4518        0
-6.85459e-06           -1 -1.87318e-05
4
5
 0.4 -0.7  1.1
-18.8797  221.625  126.937  14.4283  27.6963        0
-6.85459e-06            1 -1.87318e-05
0
0.499972 0.700008  2.29996
 16.1091 -247.508  198.006        0        0        0
-2.04272e-05           -1 -4.20239e-05
4
0.4 0.7 1.1
-17.1255 -207.355  118.764  14.4283  27.6963        0
-6.85459e-06           -1 -1.87318e-05
1
 0.499989 -0.699989   2.50003
19.8959 233.238  186.59       0       0       0
-1.16726e-05            1  -8.4043e-05
3
5
 0.4 -0.7  1.1
-14.6151  463.131  265.261  37.0495  17.1745        0
-6.85459e-06            1 -1.87318e-05
4
0.399999      0.7      1.1
 5.19114 -535.813   306.89   42.865  17.1703        0
-6.85459e-06           -1 -1.87318e-05
1
 0.499987 -0.699988   2.50003
9.42401 72.6822 58.1458       0       0       0
-1.16726e-05            1  -8.4043e-05
4
0
0.499994 0.699989  2.50002
 19.3404 -240.819  192.655        0        0        0
-1.16726e-05           -1  -8.4043e-05
1
0.499998     -0.7      2.5
19.3544 240.611 192.489       0       0       0
-1.16726e-05            1  -8.4043e-05
4
0.400001      0.7      1.1
-19.3547 -213.908  122.517  0.19805   27.639        0
-6.85459e-06           -1 -1.87318e-05
5
0.399999     -0.7      1.1
-19.3402  214.116  122.636  0.19805   27.639        0
-6.85459e-06            1 -1.87318e-05
