4
0
0.499994 0.699989  1.70002
 19.3404 -240.819  192.655        0        0        0
-2.08602e-05           -1 -7.81734e-05
1
0.499998     -0.7      1.7
19.3544 240.611 192.489       0       0       0
-2.08602e-05            1 -7.81734e-05
4
0.400001      0.7 0.300003
-19.3547 -213.908  122.517 0.198041   27.639        0
-6.85448e-06           -1 -4.68276e-06
5
0.399999     -0.7 0.300003
-19.3402  214.116  122.636 0.198041   27.639        0
-6.85448e-06            1 -4.68276e-06
3
0
0.499982  0.69999  1.70002
 11.3137 -378.873  303.098        0        0        0
-2.08602e-05           -1 -7.81734e-05
1
0.499997     -0.7      1.7
-1.25823  396.429  317.143        0        0        0
-2.08602e-05            1 -7.81734e-05
4
0.400001      0.7 0.300003
-10.0556 -17.5564  10.0556  1.40505  105.067        0
-6.85448e-06           -1 -4.68276e-06
4
0
0.499965 0.700009  1.70001
 17.5648 -256.659  205.327        0        0        0
-2.08602e-05           -1 -7.81734e-05
1
0.499998     -0.7      1.7
17.0756  226.12 180.896       0       0       0
-2.08602e-05            1 -7.81734e-05
4
0.400001      0.7 0.300003
-19.7403 -197.801  113.292  15.8241  26.6464        0
-6.85448e-06           -1 -4.68276e-06
5
 0.4 -0.7  0.5
-14.9001  228.339  130.783  18.2671  26.6463        0
-7.00358e-06            1 -1.16726e-05
3
1
0.499998     -0.7      1.7
5.32907e-14 3.55271e-14  4.9738e-14           0           0           0
-2.08602e-05            1 -7.81734e-05
4
0.400001      0.7 0.300003
-0.000222044     -626.423      358.788      50.1139      30.1006            0
-6.85448e-06           -1 -4.68276e-06
5
 0.4 -0.7  0.5
0.000140509     626.424     271.509     50.1139     30.0914           0
-7.00358e-06            1 -1.16726e-05
4
1
0.499998     -0.7      1.7
 8.3422 240.616 192.492       0       0       0
-2.08602e-05            1 -7.81734e-05
4
0.400001      0.7 0.300003
-11.1132 -213.183  122.102 0.771162  13.8552        0
-6.85448e-06           -1 -4.68276e-06
5
 0.4 -0.7  0.5
 -8.2841  213.991  122.565 0.771162  13.8552        0
-7.00358e-06            1 -1.16726e-05
0
0.5 0.7 1.9
 11.0551 -241.423  193.138        0        0        0
-1.52125e-05           -1 -7.30142e-05
3
1
 0.499999 -0.699997   1.70001
0.00202916    440.016    352.013          0          0          0
-2.08602e-05            1 -7.81734e-05
5
 0.4 -0.7  0.5
 -0.00232408   0.00405771   0.00232408 -0.000530665      61.8807            0
-7.00358e-06            1 -1.16726e-05
0
0.499997 0.699999      1.9
0.000281192     -440.02     278.282           0           0           0
-1.52125e-05           -1 -7.30142e-05
4
1
 0.499993 -0.699999   1.69999
17.7794 245.905 196.724       0       0       0
-2.08602e-05            1 -7.81734e-05
5
 0.4 -0.7  0.5
-18.5649  208.945  119.675 -11.0833  30.2871        0
-7.00358e-06            1 -1.16726e-05
0
0.499996 0.699999      1.9
21.5937  -234.9  187.92       0       0       0
-1.52125e-05           -1 -7.30142e-05
4
0.4 0.7 0.5
-20.8082  -219.95  125.978 -11.0833  30.2871        0
-7.00358e-06           -1 -1.16726e-05
3
5
 0.4 -0.7  0.5
 2.55588  543.133  311.083 -43.4508  21.7034        0
-7.00358e-06            1 -1.16726e-05
0
0.499995 0.699999      1.9
 13.9134 -35.7837   28.627        0        0        0
-1.52125e-05           -1 -7.30142e-05
4
0.4 0.7 0.5
-16.4693 -507.349  290.588 -40.5879  21.7018        0
-7.00358e-06           -1 -1.16726e-05
4
5
 0.4 -0.7  0.5
-19.407 213.863 122.491 -0.2882 27.7088       0
-7.00358e-06            1 -1.16726e-05
0
0.499997 0.700002  1.89999
 19.4069 -240.563   192.45        0        0        0
-1.52125e-05           -1 -7.30142e-05
4
0.4 0.7 0.5
-19.3851 -214.165  122.664  -0.2882  27.7088        0
-7.00358e-06           -1 -1.16726e-05
1
0.499998     -0.7      1.9
19.3853 240.864 192.692       0       0       0
-1.52125e-05            1 -7.30142e-05
3
5
 0.4 -0.7  0.5
-8.48184  14.8088  8.48184 -1.18524  110.097        0
-7.00358e-06            1 -1.16726e-05
0
0.499985 0.700007  1.89999
-1.05399 -396.039  316.831        0        0        0
-1.52125e-05           -1 -7.30142e-05
1
0.499998     -0.7      1.9
9.53576  381.23 304.984       0       0       0
-1.52125e-05            1 -7.30142e-05
4
5
 0.400008 -0.699998       0.5
 -25.117  202.764  116.134 -16.2217  34.7974        0
-7.00358e-06            1 -1.16726e-05
0
 0.49997 0.700003      1.9
 21.6373 -230.564  184.451        0        0        0
-1.52125e-05           -1 -7.30142e-05
1
0.499981 -0.70001  1.89999
23.5989 251.781 201.425       0       0       0
-1.52125e-05            1 -7.30142e-05
4
0.400001 0.700001 0.700004
-20.1193 -223.981  128.287 -17.9187  34.7973        0
 -7.0034e-06           -1 -2.33451e-05
3
0
 0.49997 0.700003      1.9
  23.292 -362.917  290.334        0        0        0
-1.52125e-05           -1 -7.30142e-05
1
0.499981 -0.70001  1.89999
-2.5847 399.071 319.257       0       0       0
-1.52125e-05            1 -7.30142e-05
4
0.400001 0.700001 0.700004
-20.7073 -36.1538  20.7073  2.89087  58.0304        0
 -7.0034e-06           -1 -2.33451e-05
4
0
 0.49997 0.700002      1.9
 14.6579 -245.887   196.71        0        0        0
-1.52125e-05           -1 -7.30142e-05
1
0.499919 -0.70003  1.89997
15.3975 235.641 188.513       0       0       0
-1.52125e-05            1 -7.30142e-05
4
0.400001 0.700001 0.700004
-15.398 -208.82 119.603 11.2275 25.0467       0
 -7.0034e-06           -1 -2.33451e-05
5
 0.4 -0.7  0.7
-14.6577  219.066  125.472  11.2275  25.0467        0
 -7.0034e-06            1 -2.33451e-05
3
1
 0.499857 -0.700049   1.89995
10.2125  35.123 28.0984       0       0       0
-1.52125e-05            1 -7.30142e-05
4
0.400001 0.700001 0.700004
  2.5052 -543.264  311.158  43.4592  19.0977        0
 -7.0034e-06           -1 -2.33451e-05
5
 0.4 -0.7  0.7
-12.718 508.141 291.041 40.6513 19.1102       0
 -7.0034e-06            1 -2.33451e-05
4
1
 0.499847 -0.700052   1.89995
13.2997 242.595 194.076       0       0       0
-1.52125e-05            1 -7.30142e-05
4
0.400001 0.700001 0.700004
-15.5368 -215.862  123.636  -3.7002  22.3674        0
 -7.0034e-06           -1 -2.33451e-05
5
 0.4 -0.7  0.7
-13.5402  212.127  121.497  -3.7002  22.3674        0
 -7.0034e-06            1 -2.33451e-05
0
     0.5 0.700002      2.1
15.7773 -238.86 191.088       0       0       0
-2.08616e-05           -1 -1.30297e-05
3
4
0.400001 0.700001 0.700005
-19.8175 -493.184  282.474 -39.4537  25.8907        0
 -7.0034e-06           -1 -2.33451e-05
5
0.400001     -0.7      0.7
     3.4  540.788   309.74 -43.2615  25.8724        0
 -7.0034e-06            1 -2.33451e-05
0
0.499997 0.700003      2.1
 16.4173 -47.6037   38.083        0        0        0
-2.08616e-05           -1 -1.30297e-05
4
4
0.400001 0.700001 0.700005
-18.0571 -212.444  121.678   2.8953   25.642        0
 -7.0034e-06           -1 -2.33451e-05
5
0.400001     -0.7      0.7
-17.8418  215.475  123.415   2.8953   25.642        0
 -7.0034e-06            1 -2.33451e-05
0
 0.49998 0.700006      2.1
 17.8415 -242.269  193.815        0        0        0
-2.08616e-05           -1 -1.30297e-05
1
0.499986     -0.7  2.10001
18.0572 239.237  191.39       0       0       0
-2.08616e-05            1 -1.30297e-05
3
4
0.400001 0.700001 0.700005
-0.0393941 -0.0687798  0.0393941 0.00400106    87.1546          0
 -7.0034e-06           -1 -2.33451e-05
0
 0.49998 0.700005      2.1
0.0447778  -410.978   328.782         0         0         0
-2.08616e-05           -1 -1.30297e-05
1
 0.499982 -0.699988   2.10003
-0.00547885     411.046     301.476           0           0           0
-2.08616e-05            1 -1.30297e-05
4
4
0.400004 0.700001 0.700006
-23.5296 -196.258  112.408  15.6998  31.8864        0
 -7.0034e-06           -1 -2.33451e-05
0
0.499974 0.700005      2.1
 21.1115 -258.232  206.585        0        0        0
-2.08616e-05           -1 -1.30297e-05
1
0.499969 -0.69998  2.10006
20.3419 224.393 179.515       0       0       0
-2.08616e-05            1 -1.30297e-05
5
 0.399999 -0.699998  0.899999
-17.9238  230.097  131.789   18.408  31.8867        0
-1.02818e-05            1 -6.24357e-06
3
0
0.499957 0.700016  2.09999
0.000706417     -414.76     298.496           0           0           0
-2.08616e-05           -1 -1.30297e-05
1
 0.499967 -0.699979   2.10006
0.0162556    414.73   331.784         0         0         0
-2.08616e-05            1 -1.30297e-05
5
 0.399999 -0.699998  0.899999
  -0.0170405    0.0297518    0.0170405 -0.000888804       117.13            0
-1.02818e-05            1 -6.24357e-06
4
0
0.499965 0.700014  2.09999
  19.147 -237.225   189.78        0        0        0
-2.08616e-05           -1 -1.30297e-05
1
 0.499967 -0.699979   2.10006
18.6605 244.059 195.247       0       0       0
-2.08616e-05            1 -1.30297e-05
5
 0.399999 -0.699998  0.899999
-19.1481  210.697  120.678   -7.487  31.5056        0
-1.02818e-05            1 -6.24357e-06
4
0.4 0.7 0.9
-18.6594  -217.53  124.592   -7.487  31.5056        0
-1.02818e-05           -1 -6.24357e-06
3
0
0.499973 0.700012      2.1
 15.0455 -43.3542  34.6834        0        0        0
-2.08616e-05           -1 -1.30297e-05
5
 0.399999 -0.699998  0.899999
 3.09643  541.631  310.223 -43.3296  27.6495        0
-1.02818e-05            1 -6.24357e-06
4
0.4 0.7 0.9
-18.1419 -498.277  285.391 -39.8621  27.6564        0
-1.02818e-05           -1 -6.24357e-06
4
0
0.499965 0.700009      2.1
12.7039 -242.27 193.816       0       0       0
-2.08616e-05           -1 -1.30297e-05
5
 0.400012 -0.699996       0.9
-14.8383  215.449    123.4  2.96887  21.3482        0
-1.02818e-05            1 -6.24357e-06
4
0.400002      0.7 0.900002
 -12.914 -212.438  121.675  2.96887  21.3482        0
-1.02818e-05           -1 -6.24357e-06
1
 0.499984 -0.700021   2.29997
15.0485 239.258 191.406       0       0       0
-2.04272e-05            1 -4.20239e-05
3
5
 0.400024 -0.699989  0.899997
-16.4859  461.694  264.438   36.935  19.7696        0
-1.02818e-05            1 -6.24357e-06
4
0.400007 0.700004 0.900009
 5.28094 -535.575  306.754  42.8448  19.7643        0
-1.02818e-05           -1 -6.24357e-06
1
 0.499969 -0.700033   2.29996
11.2049 73.8806 59.1045       0       0       0
-2.04272e-05            1 -4.20239e-05
4
5
 0.400028 -0.699987  0.899997
-16.3629  210.763  120.716 -5.97406  23.0591        0
-1.02818e-05            1 -6.24357e-06
4
0.400008 0.700005  0.90001
 -15.919 -217.018  124.299 -5.97406  23.0591        0
-1.02818e-05           -1 -6.24357e-06
1
 0.499964 -0.700042   2.29992
15.9182 243.929 195.143       0       0       0
-2.04272e-05            1 -4.20239e-05
0
0.499997 0.699998      2.3
 16.3637 -237.674  190.139        0        0        0
-2.04272e-05           -1 -4.20239e-05
3
4
0.400008 0.700005  0.90001
-8.43401 -14.7253  8.43401  1.17478  75.6493        0
-1.02818e-05           -1 -6.24357e-06
1
 0.499964 -0.700039   2.29993
-1.04257  396.027  316.822        0        0        0
-2.04272e-05            1 -4.20239e-05
0
0.499997 0.699997      2.3
 9.47658 -381.302  305.042        0        0        0
-2.04272e-05           -1 -4.20239e-05
4
4
0.400008 0.700005  0.90001
-3.95862 -193.348  110.742  15.4674  3.70571        0
-1.02818e-05           -1 -6.24357e-06
1
 0.499957 -0.700037   2.29993
3.58788 222.828 178.262       0       0       0
-2.04272e-05            1 -4.20239e-05
0
0.499997 0.699997      2.3
 1.23068 -260.919  208.735        0        0        0
-2.04272e-05           -1 -4.20239e-05
5
 0.4 -0.7  1.1
-0.859963   231.439   132.558   18.5151   3.70671         0
-6.85459e-06            1 -1.87318e-05
3
4
0.400008 0.700005  0.90001
-0.00335969    -603.248     345.514     48.2589     1.34985           0
-1.02818e-05           -1 -6.24357e-06
1
 0.499957 -0.700038   2.29993
1.42109e-14           0 7.10543e-15           0           0           0
-2.04272e-05            1 -4.20239e-05
5
 0.4 -0.7  1.1
0.00335645    603.248    284.783    48.2598    1.40809          0
-6.85459e-06            1 -1.87318e-05
4
4
0.400008 0.700005  0.90001
-10.7328 -212.276  121.582  2.25315  13.3057        0
-1.02818e-05           -1 -6.24357e-06
1
 0.499957 -0.700037   2.29993
 8.0712 239.934 191.948       0       0       0
-2.04272e-05            1 -4.20239e-05
5
 0.4 -0.7  1.1
-7.89467  214.634  122.933  2.25315  13.3057        0
-6.85459e-06            1 -1.87318e-05
0
0.499999 0.699999      2.5
 10.5561 -242.293  193.834        0        0        0
-1.16726e-05           -1  -8.4043e-05
3
1
0.499989 -0.70003  2.29994
0.003475   431.11  344.888        0        0        0
-2.04272e-05            1 -4.20239e-05
5
 0.4 -0.7  1.1
-8.39845e-05  0.000146632  8.39845e-05 -0.000135131       24.309            0
-6.85459e-06            1 -1.87318e-05
0
0.499999 0.699999      2.5
-0.00327053     -431.11      285.41           0           0           0
-1.16726e-05           -1  -8.4043e-05
4
1
 0.499991 -0.700026   2.29994
8.50153 251.108 200.887       0       0       0
-2.04272e-05            1 -4.20239e-05
5
 0.4 -0.7  1.1
-10.0446  203.785  116.719 -16.3029  15.4558        0
-6.85459e-06            1 -1.87318e-05
0
0.500001 0.700003  2.49999
 11.5905 -229.483  183.586        0        0        0
-1.16726e-05           -1  -8.4043e-05
4
0.4 0.7 1.1
-10.0474 -225.411  129.105 -18.0329  15.4558        0
-6.85459e-06           -1 -1.87318e-05
3
5
 0.4 -0.7  1.1
 3.00194  541.895  310.374 -43.3516  8.17554        0
-6.85459e-06            1 -1.87318e-05
0
0.500003 0.700006  2.49997
 4.22015 -42.0246  33.6197        0        0        0
-1.16726e-05           -1  -8.4043e-05
4
0.4 0.7 1.1
-7.22209  -499.87  286.304 -39.9896  8.17283        0
-6.85459e-06           -1 -1.87318e-05
4
0
0.499994 0.699989  2.50002
 19.3404 -240.819  192.655        0        0        0
-1.16726e-05           -1  -8.4043e-05
1
0.499998     -0.7      2.5
19.3544 240.611 192.489       0       0       0
-1.16726e-05            1  -8.4043e-05
4
0.400001      0.7      1.1
-19.3547 -213.908  122.517 0.198036   27.639        0
-6.85459e-06           -1 -1.87318e-05
5
0.399999     -0.7      1.1
-19.3402  214.116  122.636 0.198036   27.639        0
-6.85459e-06            1 -1.87318e-05
