4
0
0.499994 0.699989  1.70002
 19.3404 -240.819  192.655        0        0        0
-2.08602e-05           -1 -7.81734e-05
1
0.499998     -0.7      1.7
19.3544 240.611 192.489       0       0       0
-2.08602e-05            1 -7.81734e-05
4
0.400001      0.7 0.300003
-19.3547 -213.908  122.517 0.198041   27.639        0
-6.85448e-06           -1 -4.68276e-06
5
0.399999     -0.7 0.300003
-19.3402  214.116  122.636 0.198041   27.639        0
-6.85448e-06            1 -4.68276e-06
3
0
0.499985 0.699995  1.70001
0.00769813   -400.058    320.046          0          0          0
-2.08602e-05           -1 -7.81734e-05
1
 0.500009 -0.699996       1.7
-0.00685182     400.059      310.25           0           0           0
-2.08602e-05            1 -7.81734e-05
4
     0.4      0.7 0.300003
-0.000852977  -0.00148925  0.000852977  0.000394135      129.773            0
-6.85448e-06           -1 -4.68276e-06
4
0
0.499991  0.69998  1.70003
 6.60496 -246.127  196.902        0        0        0
-2.08602e-05           -1 -7.81734e-05
1
 0.500014 -0.699994       1.7
6.28881 236.611 189.289       0       0       0
-2.08602e-05            1 -7.81734e-05
4
     0.4      0.7 0.300003
-7.28071  -208.34  119.328  9.66347  9.91812        0
-6.85448e-06           -1 -4.68276e-06
5
 0.4 -0.7  0.5
-5.61296  217.857  124.779  9.66347  9.91812        0
-7.00358e-06            1 -1.16726e-05
3
1
 0.500014 -0.699994       1.7
 1.31006e-14  1.42109e-14 -1.19904e-14            0            0            0
-2.08602e-05            1 -7.81734e-05
4
     0.4      0.7 0.300003
-0.000168804     -626.425      358.789       50.114      30.0979            0
-6.85448e-06           -1 -4.68276e-06
5
 0.4 -0.7  0.5
8.4216e-05    626.425    271.508     50.114    30.0935          0
-7.00358e-06            1 -1.16726e-05
4
1
 0.500014 -0.699994       1.7
5.80586 242.903 194.322       0       0       0
-2.08602e-05            1 -7.81734e-05
4
     0.4      0.7 0.300003
-7.79109 -215.936  123.679  -3.9693  9.92658        0
-6.85448e-06           -1 -4.68276e-06
5
 0.4 -0.7  0.5
-6.10606  211.781  121.299  -3.9693  9.92658        0
-7.00358e-06            1 -1.16726e-05
0
0.499994 0.700012  1.89998
 8.09126 -238.747  190.998        0        0        0
-1.52125e-05           -1 -7.30142e-05
3
1
 0.500029 -0.699991       1.7
-0.00960048     451.645     361.316           0           0           0
-2.08602e-05            1 -7.81734e-05
5
 0.4 -0.7  0.5
-0.00235685  0.00411492  0.00235685 -0.00117069     97.3427           0
-7.00358e-06            1 -1.16726e-05
0
0.499991 0.700015  1.89998
0.0120096  -451.649   268.979         0         0         0
-1.52125e-05           -1 -7.30142e-05
4
1
 0.500023 -0.699992   1.69999
17.7568 245.927 196.742       0       0       0
-2.08602e-05            1 -7.81734e-05
5
 0.4 -0.7  0.5
-18.5514  208.924  119.662   -11.13  30.2572        0
-7.00358e-06            1 -1.16726e-05
0
 0.49999 0.700016  1.89998
 21.5771 -234.877  187.902        0        0        0
-1.52125e-05           -1 -7.30142e-05
4
0.4 0.7 0.5
-20.7824 -219.974  125.991   -11.13  30.2572        0
-7.00358e-06           -1 -1.16726e-05
3
5
 0.4 -0.7  0.5
 4.1849 538.608 308.491 -43.089 27.2823       0
-7.00358e-06            1 -1.16726e-05
0
0.499989 0.700016  1.89998
 17.0021 -58.5929  46.8744        0        0        0
-1.52125e-05           -1 -7.30142e-05
4
0.4 0.7 0.5
 -21.187 -480.015  274.932 -38.4012  27.2785        0
-7.00358e-06           -1 -1.16726e-05
4
5
 0.4 -0.7  0.5
-18.2276  215.179  123.245  2.30347  26.1593        0
-7.00358e-06            1 -1.16726e-05
0
0.499989 0.700016  1.89998
 18.2274 -241.949  193.559        0        0        0
-1.52125e-05           -1 -7.30142e-05
4
0.4 0.7 0.5
-18.3952 -212.767  121.864  2.30347  26.1593        0
-7.00358e-06           -1 -1.16726e-05
1
 0.500016 -0.699995       1.9
18.3955 239.537 191.629       0       0       0
-1.52125e-05            1 -7.30142e-05
3
0
0.499988 0.699994  1.90001
0.00966157   -399.608    319.686          0          0          0
-1.52125e-05           -1 -7.30142e-05
4
0.4 0.7 0.5
 -0.00114175  -0.00199343   0.00114175 -0.000131624      131.055            0
-7.00358e-06           -1 -1.16726e-05
1
 0.500017 -0.699994       1.9
-0.00850733      399.61      310.61           0           0           0
-1.52125e-05            1 -7.30142e-05
4
0
0.499972 0.700013  1.89999
  17.565 -256.662   205.33        0        0        0
-1.52125e-05           -1 -7.30142e-05
4
0.4 0.7 0.5
-19.7391 -197.797  113.289  15.8237  26.6458        0
-7.00358e-06           -1 -1.16726e-05
1
 0.500017 -0.699994       1.9
17.0746 226.116 180.893       0       0       0
-1.52125e-05            1 -7.30142e-05
5
 0.4 -0.7  0.7
-14.9005  228.343  130.785  18.2674  26.6459        0
 -7.0034e-06            1 -2.33451e-05
3
4
0.4 0.7 0.5
3.70529e-06    -626.436     358.795     50.1149     30.0901           0
-7.00358e-06           -1 -1.16726e-05
1
 0.500017 -0.699994       1.9
3.55271e-14 1.42109e-14 3.55271e-15           0           0           0
-1.52125e-05            1 -7.30142e-05
5
 0.4 -0.7  0.7
-8.44691e-05      626.437      271.502      50.1149      30.0938            0
 -7.0034e-06            1 -2.33451e-05
4
4
0.4 0.7 0.5
-14.2721 -210.856  120.769  4.79745  17.6188        0
-7.00358e-06           -1 -1.16726e-05
1
 0.500028 -0.699992       1.9
10.7484 238.665 190.932       0       0       0
-1.52125e-05            1 -7.30142e-05
5
 0.4 -0.7  0.7
-10.3943  215.879  123.646  4.79745  17.6188        0
 -7.0034e-06            1 -2.33451e-05
0
0.5 0.7 2.1
  13.918 -243.688   194.95        0        0        0
-2.08616e-05           -1 -1.30297e-05
3
1
 0.500021 -0.699992       1.9
-0.00620123     419.081     335.265           0           0           0
-1.52125e-05            1 -7.30142e-05
5
 0.4 -0.7  0.7
-9.67713e-05  0.000168957  9.67713e-05 -1.82092e-05      56.8844            0
 -7.0034e-06            1 -2.33451e-05
0
     0.5 0.699997      2.1
0.00629453   -419.081    295.032          0          0          0
-2.08616e-05           -1 -1.30297e-05
4
1
 0.500015 -0.699993   1.89999
17.7694 245.906 196.724       0       0       0
-1.52125e-05            1 -7.30142e-05
5
 0.4 -0.7  0.7
-18.5584  208.945  119.675 -11.0839  30.2735        0
 -7.0034e-06            1 -2.33451e-05
0
0.499999 0.699997      2.1
 21.5859 -234.901   187.92        0        0        0
-2.08616e-05           -1 -1.30297e-05
4
0.4 0.7 0.7
 -20.797  -219.95  125.978 -11.0839  30.2735        0
 -7.0034e-06           -1 -2.33451e-05
3
5
 0.4 -0.7  0.7
 4.18519  538.608  308.491 -43.0886  27.2632        0
 -7.0034e-06            1 -2.33451e-05
0
0.499998 0.699997      2.1
 16.9916 -58.5943  46.8754        0        0        0
-2.08616e-05           -1 -1.30297e-05
4
0.4 0.7 0.7
-21.1769 -480.013  274.931 -38.4011  27.2631        0
 -7.0034e-06           -1 -2.33451e-05
4
5
 0.4 -0.7  0.7
-18.5073  215.077  123.187  2.08936  26.5463        0
 -7.0034e-06            1 -2.33451e-05
0
0.499963 0.700019  2.09998
18.5069 -241.83 193.464       0       0       0
-2.08616e-05           -1 -1.30297e-05
4
0.4 0.7 0.7
-18.6574 -212.889  121.934  2.08936  26.5463        0
 -7.0034e-06           -1 -2.33451e-05
1
 0.499999 -0.699998       2.1
18.6576 239.642 191.713       0       0       0
-2.08616e-05            1 -1.30297e-05
3
5
 0.400002 -0.699996  0.699999
 -0.0097504   0.0170236   0.0097504 -0.00173109     120.014           0
 -7.0034e-06            1 -2.33451e-05
0
0.499941 0.700013      2.1
0.0103883  -399.026   311.081         0         0         0
-2.08616e-05           -1 -1.30297e-05
1
 0.499982 -0.700003       2.1
-0.000883025      399.009      319.207            0            0            0
-2.08616e-05            1 -1.30297e-05
4
5
 0.400002 -0.699996  0.699999
-11.4422  198.067  113.444 -15.8455   14.847        0
 -7.0034e-06            1 -2.33451e-05
0
0.499993 0.699984  2.10002
 9.95787 -226.902  181.522        0        0        0
-2.08616e-05           -1 -1.30297e-05
1
 0.499982 -0.700003       2.1
 9.3436 256.307 205.046       0       0       0
-2.08616e-05            1 -1.30297e-05
4
0.4 0.7 0.9
-7.85874 -227.472  130.286 -18.1978  14.8469        0
-1.02818e-05           -1 -6.24357e-06
3
0
0.499993 0.699984  2.10002
-0.000659473     -402.778      322.223            0            0            0
-2.08616e-05           -1 -1.30297e-05
1
 0.499982 -0.700003       2.1
0.00285887    402.782    308.073          0          0          0
-2.08616e-05            1 -1.30297e-05
4
0.4 0.7 0.9
-0.00217975 -0.00380571  0.00217975  0.00010637     143.907           0
-1.02818e-05           -1 -6.24357e-06
4
0
0.499974 0.699974  2.10004
 19.0627 -235.991  188.793        0        0        0
-2.08616e-05           -1 -1.30297e-05
1
 0.499971 -0.700014   2.09999
18.3947 245.304 196.243       0       0       0
-2.08616e-05            1 -1.30297e-05
4
0.400012 0.700013 0.900019
 -18.395 -218.762  125.297 -10.2034  31.2142        0
-1.02818e-05           -1 -6.24357e-06
5
 0.400028 -0.699975  0.899985
-19.0625   209.45  119.964 -10.2034  31.2142        0
-1.02818e-05            1 -6.24357e-06
3
0
0.499957 0.699965  2.10005
 11.0438 -33.4357  26.7485        0        0        0
-2.08616e-05           -1 -1.30297e-05
4
0.400016 0.700017 0.900024
-13.4221 -510.163  292.199 -40.8123  20.4123        0
-1.02818e-05           -1 -6.24357e-06
5
 0.400037 -0.699968  0.899981
 2.37808  543.599   311.35 -43.4902  20.3982        0
-1.02818e-05            1 -6.24357e-06
4
0
 0.49996 0.699962  2.10005
 12.2774 -244.121  195.296        0        0        0
-2.08616e-05           -1 -1.30297e-05
4
0.400015 0.700017 0.900024
-12.7583  -210.62  120.634  6.92095  20.8626        0
-1.02818e-05           -1 -6.24357e-06
5
 0.400037 -0.699968  0.899981
-14.3636  217.502  124.576  6.92095  20.8626        0
-1.02818e-05            1 -6.24357e-06
1
 0.499997 -0.699997       2.3
14.8444 237.239 189.791       0       0       0
-2.04272e-05            1 -4.20239e-05
3
4
0.400015 0.700016 0.900024
    4.82 -536.865  307.493  42.9463  16.9725        0
-1.02818e-05           -1 -6.24357e-06
5
 0.400039 -0.699968  0.899982
-14.311 469.486 268.901 37.5601 16.9852       0
-1.02818e-05            1 -6.24357e-06
1
 0.499997 -0.700006   2.29998
  9.491 67.3787  53.903       0       0       0
-2.04272e-05            1 -4.20239e-05
4
4
0.400016 0.700017 0.900025
-13.6364 -215.589   123.48 -3.41459  19.6654        0
-1.02818e-05           -1 -6.24357e-06
5
 0.400039 -0.699967  0.899982
-13.8953  212.014  121.432 -3.41459  19.6654        0
-1.02818e-05            1 -6.24357e-06
1
 0.499983 -0.700001       2.3
13.6365 242.653 194.123       0       0       0
-2.04272e-05            1 -4.20239e-05
0
0.499988 0.699999  2.30001
 13.8949 -239.078  191.263        0        0        0
-2.04272e-05           -1 -4.20239e-05
3
5
 0.400039 -0.699967  0.899982
-0.0610809   0.106644  0.0610809 -0.0122773    102.258          0
-1.02818e-05            1 -6.24357e-06
1
  0.49997 -0.699997   2.30001
0.0701682   405.045   324.036         0         0         0
-2.04272e-05            1 -4.20239e-05
0
0.499975 0.699999  2.30002
-0.00929464    -405.151     306.201           0           0           0
-2.04272e-05           -1 -4.20239e-05
4
5
 0.400042 -0.699967  0.899983
-19.5434   196.52  112.558 -15.7234  26.2325        0
-1.02818e-05            1 -6.24357e-06
1
 0.499966 -0.700002   2.29999
17.1815 257.929 206.343       0       0       0
-2.04272e-05            1 -4.20239e-05
0
0.499984 0.699996  2.30002
 16.9203 -224.899  179.919        0        0        0
-2.04272e-05           -1 -4.20239e-05
4
0.400001 0.700001      1.1
-14.5584  -229.55  131.476  -18.364  26.2319        0
-6.85459e-06           -1 -1.87318e-05
3
5
 0.400045 -0.699967  0.899984
-0.0193228    631.203    361.526   -50.4996    29.3763          0
-1.02818e-05            1 -6.24357e-06
0
0.499993 0.699994  2.30003
 1.24345e-14 -3.55271e-14  1.42109e-14            0            0            0
-2.04272e-05           -1 -4.20239e-05
4
0.400002 0.700002      1.1
0.0193721  -631.203   268.771  -50.4962   29.3182         0
-6.85459e-06           -1 -1.87318e-05
4
5
 0.400045 -0.699967  0.899984
-15.7754  206.102  118.046 -12.7517  19.1185        0
-1.02818e-05            1 -6.24357e-06
0
0.499993 0.699994  2.30003
 11.9519 -234.923  187.939        0        0        0
-2.04272e-05           -1 -4.20239e-05
4
0.400002 0.700001      1.1
-10.9908 -219.453  125.693 -12.7517  19.1185        0
-6.85459e-06           -1 -1.87318e-05
1
 0.499996 -0.700015   2.49999
14.8144 248.274 198.619       0       0       0
-1.16726e-05            1  -8.4043e-05
3
0
0.499979 0.699992  2.30002
0.0159026  -489.516   391.613         0         0         0
-2.04272e-05           -1 -4.20239e-05
4
0.400002 0.700002      1.1
-0.00337225 -0.00588775  0.00337225 0.000898457     55.1064           0
-6.85459e-06           -1 -1.87318e-05
1
 0.500014 -0.700016   2.49998
-0.0124304    489.522     238.68          0          0          0
-1.16726e-05            1  -8.4043e-05
4
0
0.499972  0.69999  2.30004
 15.4488 -244.505  195.604        0        0        0
-2.04272e-05           -1 -4.20239e-05
4
0.400002 0.700002      1.1
-16.0102 -210.286  120.443  7.93465  26.2151        0
-6.85459e-06           -1 -1.87318e-05
1
 0.499989 -0.700014   2.49999
 18.631 236.604 189.283       0       0       0
-1.16726e-05            1  -8.4043e-05
5
 0.4 -0.7  1.1
-18.0699  218.187  124.968  7.93465  26.2151        0
-6.85459e-06            1 -1.87318e-05
3
4
0.400003 0.700001      1.1
  3.7813 -539.726  309.131  43.1781  27.3234        0
-6.85459e-06           -1 -1.87318e-05
1
 0.499989 -0.700014   2.49999
17.2324 52.9587  42.367       0       0       0
-1.16726e-05            1  -8.4043e-05
5
 0.4 -0.7  1.1
-21.0138  486.767  278.799  38.9414  27.3198        0
-6.85459e-06            1 -1.87318e-05
4
0
0.499994 0.699989  2.50002
 19.3403 -240.819  192.655        0        0        0
-1.16726e-05           -1  -8.4043e-05
1
0.499998     -0.7      2.5
19.3544 240.611 192.489       0       0       0
-1.16726e-05            1  -8.4043e-05
4
0.400001      0.7      1.1
-19.3547 -213.908  122.517 0.198062   27.639        0
-6.85459e-06           -1 -1.87318e-05
5
0.399999     -0.7      1.1
-19.3402  214.116  122.636 0.198062   27.639        0
-6.85459e-06            1 -1.87318e-05
