4
0
0.499994 0.699989  1.70002
 19.3404 -240.819  192.655        0        0        0
-2.08602e-05           -1 -7.81734e-05
1
0.499998     -0.7      1.7
19.3544 240.611 192.489       0       0       0
-2.08602e-05            1 -7.81734e-05
4
0.400001      0.7 0.300003
-19.3547 -213.908  122.517 0.198041   27.639        0
-6.85448e-06           -1 -4.68276e-06
5
0.399999     -0.7 0.300003
-19.3402  214.116  122.636 0.198041   27.639        0
-6.85448e-06            1 -4.68276e-06
3
0
0.499982  0.69999  1.70002
0.00404433    -417.13    296.594          0          0          0
-2.08602e-05           -1 -7.81734e-05
1
0.499997     -0.7      1.7
-0.000286162      417.124      333.699            0            0            0
-2.08602e-05            1 -7.81734e-05
5
0.399999     -0.7 0.300003
-0.00379124  0.00661929  0.00379124 -0.00011163     120.145           0
-6.85448e-06            1 -4.68276e-06
4
0
0.499991 0.699977  1.70003
 11.5943 -233.556  186.845        0        0        0
-2.08602e-05           -1 -7.81734e-05
1
0.499994     -0.7      1.7
12.3094 249.278 199.422       0       0       0
-2.08602e-05            1 -7.81734e-05
5
0.399999     -0.7 0.300003
-13.4328  205.171  117.513 -15.9559  18.3872        0
-6.85448e-06            1 -4.68276e-06
4
0.4 0.7 0.5
-10.4709 -220.893  126.518 -15.9559  18.3872        0
-7.00358e-06           -1 -1.16726e-05
3
0
0.500042 0.699949  1.70005
 5.77316e-14 -3.55271e-14  7.10543e-15            0            0            0
-2.08602e-05           -1 -7.81734e-05
5
0.399999     -0.7 0.300003
0.00052146    624.262     357.55   -49.9411    8.25637          0
-6.85448e-06            1 -4.68276e-06
4
0.4 0.7 0.5
2.4709e-05   -624.263    272.747    -49.941    8.26175          0
-7.00358e-06           -1 -1.16726e-05
4
0
0.500025 0.699964  1.70004
 11.6456 -239.777  191.822        0        0        0
-2.08602e-05           -1 -7.81734e-05
5
0.399999     -0.7 0.300003
-15.4984  212.376   121.64  -2.3475  19.2659        0
-6.85448e-06            1 -4.68276e-06
4
0.4 0.7 0.5
-11.4743 -214.834  123.048  -2.3475  19.2659        0
-7.00358e-06           -1 -1.16726e-05
1
 0.5 -0.7  1.9
 15.327 242.235 193.788       0       0       0
-1.52125e-05            1 -7.30142e-05
3
0
0.500019  0.69997  1.70001
-0.00615634    -438.969     351.176           0           0           0
-2.08602e-05           -1 -7.81734e-05
4
0.4 0.7 0.5
-8.11001e-05 -0.000141596  8.11001e-05  1.48943e-05      55.7875            0
-7.00358e-06           -1 -1.16726e-05
1
 0.499999 -0.699998       1.9
0.00623455    438.969    279.122          0          0          0
-1.52125e-05            1 -7.30142e-05
4
0
0.499995  0.69997  1.69995
 13.8661 -249.053  199.242        0        0        0
-2.08602e-05           -1 -7.81734e-05
4
0.400017 0.699996 0.500001
-15.1101  -205.82  117.885  16.4665   24.148        0
-7.00358e-06           -1 -1.16726e-05
1
 0.500006 -0.699985   1.90002
17.5258  231.64 185.312       0       0       0
-1.52125e-05            1 -7.30142e-05
5
 0.400002 -0.700001  0.500003
-16.2816  223.233  127.858  17.6872   24.148        0
-7.00358e-06            1 -1.16726e-05
3
4
0.400017 0.699996 0.500001
 3.50402 -540.483  309.565  43.2396  26.7082        0
-7.00358e-06           -1 -1.16726e-05
1
0.500011 -0.69998  1.90002
16.9326 49.1408 39.3127       0       0       0
-1.52125e-05            1 -7.30142e-05
5
 0.400002 -0.700001  0.500003
-20.4368  491.342  281.419   39.308  26.7067        0
-7.00358e-06            1 -1.16726e-05
4
4
0.400017 0.699996 0.500001
-15.0166 -214.484  122.847 -1.21104  21.5154        0
-7.00358e-06           -1 -1.16726e-05
1
0.500012 -0.69998  1.90002
15.0167 241.465 193.172       0       0       0
-1.52125e-05            1 -7.30142e-05
5
 0.400002 -0.700001  0.500003
-15.1051  213.216  122.121 -1.21104  21.5154        0
-7.00358e-06            1 -1.16726e-05
0
 0.50001 0.699987  1.90001
  15.105 -240.197  192.157        0        0        0
-1.52125e-05           -1 -7.30142e-05
3
1
 0.50001 -0.69998  1.90002
0.725001  392.976  314.381        0        0        0
-1.52125e-05            1 -7.30142e-05
5
 0.400002 -0.700001  0.500003
 -0.640733    1.11868   0.640733 -0.0855318    132.329          0
-7.00358e-06            1 -1.16726e-05
0
0.500026 0.699975  1.90001
-0.0841206   -394.095    315.276          0          0          0
-1.52125e-05           -1 -7.30142e-05
4
1
 0.500011 -0.699979   1.90002
 9.3545 256.307 205.045       0       0       0
-1.52125e-05            1 -7.30142e-05
5
 0.400002 -0.700001  0.500003
-11.4446  198.068  113.444 -15.8449  14.8559        0
-7.00358e-06            1 -1.16726e-05
0
0.500078 0.699946  1.90002
 9.95928 -226.902  181.522        0        0        0
-1.52125e-05           -1 -7.30142e-05
4
0.4 0.7 0.7
-7.86867 -227.473  130.286 -18.1978  14.8563        0
 -7.0034e-06           -1 -2.33451e-05
3
5
 0.400002 -0.700001  0.500003
-0.000701004      624.263      357.551     -49.9407      8.22707            0
-7.00358e-06            1 -1.16726e-05
0
0.500129 0.699918  1.90004
 3.37508e-14 -2.84217e-14  1.24345e-14            0            0            0
-1.52125e-05           -1 -7.30142e-05
4
0.4 0.7 0.7
0.00124294   -624.263    272.747   -49.9411    8.27603          0
 -7.0034e-06           -1 -2.33451e-05
4
5
 0.400002 -0.700001  0.500004
-11.2461  212.315  121.605   -2.216  13.9663        0
-7.00358e-06            1 -1.16726e-05
0
0.500127 0.699916  1.90004
 8.45326 -239.938   191.95        0        0        0
-1.52125e-05           -1 -7.30142e-05
4
0.399999 0.699999 0.699999
-8.30686 -214.637  122.934   -2.216  13.9663        0
 -7.0034e-06           -1 -2.33451e-05
1
 0.500008 -0.699999       2.1
11.0998  242.26 193.808       0       0       0
-2.08616e-05            1 -1.30297e-05
3
0
0.500127 0.699916  1.90004
-0.035411  -430.128   344.103         0         0         0
-1.52125e-05           -1 -7.30142e-05
4
0.399999 0.699999 0.699999
 -0.00088786  -0.00155015   0.00088786 -9.97507e-05      50.9454            0
 -7.0034e-06           -1 -2.33451e-05
1
 0.500008 -0.699999       2.1
0.0363045   430.129   286.194         0         0         0
-2.08616e-05            1 -1.30297e-05
4
0
0.500125 0.699915  1.90004
 15.6316 -252.716  202.172        0        0        0
-1.52125e-05           -1 -7.30142e-05
4
0.399998 0.699999 0.699999
-17.4956  -202.35  115.897  16.1878   27.605        0
 -7.0034e-06           -1 -2.33451e-05
1
0.499961     -0.7  2.10001
20.2555 227.006 181.604       0       0       0
-2.08616e-05            1 -1.30297e-05
5
 0.400001 -0.699999       0.7
-18.3918   228.06  130.623  18.2448   27.605        0
 -7.0034e-06            1 -2.33451e-05
3
4
 0.40001      0.7 0.700003
 2.80992 -542.414  310.671  43.3931  8.26385        0
 -7.0034e-06           -1 -2.33451e-05
1
  0.49995 -0.699991   2.10002
4.37397 39.4052 31.5241       0       0       0
-2.08616e-05            1 -1.30297e-05
5
 0.400001 -0.699996  0.699999
-7.18372  503.009  288.102   40.241  8.26376        0
 -7.0034e-06            1 -2.33451e-05
4
4
0.400013 0.699998 0.700004
-15.3417 -215.467   123.41 -3.05894   22.066        0
 -7.0034e-06           -1 -2.33451e-05
1
 0.499908 -0.699995   2.10002
15.3421 242.423 193.938       0       0       0
-2.08616e-05            1 -1.30297e-05
5
 0.400002 -0.699989  0.699995
 -15.551  212.262  121.575 -3.05894   22.066        0
 -7.0034e-06            1 -2.33451e-05
0
0.500016 0.699991  2.09999
 15.5504 -239.218  191.375        0        0        0
-2.08616e-05           -1 -1.30297e-05
3
4
0.400016 0.699997 0.700005
-4.30732 -7.52033  4.30732 0.602657  105.358        0
 -7.0034e-06           -1 -2.33451e-05
1
 0.499864 -0.699999   2.10003
-0.490455   395.004   316.003         0         0         0
-2.08616e-05            1 -1.30297e-05
0
0.500031 0.699982  2.09998
 4.79753 -387.484  309.987        0        0        0
-2.08616e-05           -1 -1.30297e-05
4
4
0.400016 0.699997 0.700005
-13.7341  -206.03  118.005  14.3762  18.8737        0
 -7.0034e-06           -1 -2.33451e-05
1
 0.499856 -0.700002   2.10003
11.8473 234.268 187.415       0       0       0
-2.08616e-05            1 -1.30297e-05
0
0.500039 0.699981  2.09997
 12.6885 -248.442  198.754        0        0        0
-2.08616e-05           -1 -1.30297e-05
5
 0.4 -0.7  0.9
-10.8017  220.205  126.124  14.3762  18.8737        0
-1.02818e-05            1 -6.24357e-06
3
1
 0.499855 -0.700002   2.10003
 16.026 372.657 298.126       0       0       0
-2.08616e-05            1 -1.30297e-05
0
0.500039  0.69998  2.09997
-1.82118 -397.458  317.967        0        0        0
-2.08616e-05           -1 -1.30297e-05
5
 0.4 -0.7  0.9
-14.2048  24.8009  14.2048 -1.98408   129.78        0
-1.02818e-05            1 -6.24357e-06
4
1
  0.49983 -0.700016   2.10001
19.8805 237.278 189.822       0       0       0
-2.08616e-05            1 -1.30297e-05
0
0.500039  0.69998  2.09997
 19.3675 -243.961  195.169        0        0        0
-2.08616e-05           -1 -1.30297e-05
5
 0.4 -0.7  0.9
-19.3682  217.487  124.567  7.32668  32.7069        0
-1.02818e-05            1 -6.24357e-06
4
0.4 0.7 0.9
-19.8799 -210.804  120.739  7.32668  32.7069        0
-1.02818e-05           -1 -6.24357e-06
3
0
0.500037 0.699987  2.09996
 12.0381 -79.8044  63.8435        0        0        0
-2.08616e-05           -1 -1.30297e-05
5
 0.4 -0.7  0.9
5.70247   534.4 306.081 -42.752 24.8161       0
-1.02818e-05            1 -6.24357e-06
4
0.4 0.7 0.9
-17.7404 -454.596  260.373 -36.3677  24.8161        0
-1.02818e-05           -1 -6.24357e-06
4
0
0.500032 0.699983  2.09998
 14.3355 -242.822  194.258        0        0        0
-2.08616e-05           -1 -1.30297e-05
5
 0.4 -0.7  0.9
-16.7509  216.202  123.831  4.25375  24.1522        0
-1.02818e-05            1 -6.24357e-06
4
0.4 0.7 0.9
-14.6468 -211.919  121.378  4.25375  24.1522        0
-1.02818e-05           -1 -6.24357e-06
1
 0.5 -0.7  2.3
17.0622 238.539 190.831       0       0       0
-2.04272e-05            1 -4.20239e-05
3
0
0.500027  0.69998  2.10001
-0.00839366    -443.288      354.63           0           0           0
-2.08616e-05           -1 -1.30297e-05
4
0.4 0.7 0.9
-7.72389e-05 -0.000134855  7.72389e-05 -7.06662e-06      113.917            0
-1.02818e-05           -1 -6.24357e-06
1
 0.5 -0.7  2.3
0.00843927    443.288    275.667          0          0          0
-2.04272e-05            1 -4.20239e-05
4
0
0.499962 0.700016  2.09999
 15.8718 -259.155  207.324        0        0        0
-2.08616e-05           -1 -1.30297e-05
4
0.400001 0.699999      0.9
-18.5396 -195.675  112.074   15.654  28.6764        0
-1.02818e-05           -1 -6.24357e-06
1
 0.499986 -0.699991   2.30002
18.5398 221.752 177.402       0       0       0
-2.04272e-05            1 -4.20239e-05
5
 0.399998 -0.699997       1.1
-15.8725  233.078  133.497  18.6465  28.6765        0
-6.85459e-06            1 -1.87318e-05
3
4
0.400002 0.699997 0.900003
  1.16661  -546.987   313.291   43.7589 -0.369379         0
-1.02818e-05           -1 -6.24357e-06
1
 0.500003 -0.699972   2.29998
-0.806398   16.3507   13.0805         0         0         0
-2.04272e-05            1 -4.20239e-05
5
 0.399999 -0.699986       1.1
-0.360245   530.637   303.926   42.4513 -0.369695         0
-6.85459e-06            1 -1.87318e-05
4
4
0.400002 0.699997 0.900003
 -15.859 -193.069  110.581  15.4458  20.6394        0
-1.02818e-05           -1 -6.24357e-06
1
      0.5 -0.699972   2.29998
13.7949 221.805 177.444       0       0       0
-2.04272e-05            1 -4.20239e-05
5
 0.399999 -0.699986       1.1
-10.9716  232.585  133.215  18.6069  20.6398        0
-6.85459e-06            1 -1.87318e-05
0
0.5 0.7 2.3
 13.0357 -261.321  209.057        0        0        0
-2.04272e-05           -1 -4.20239e-05
3
1
 0.499999 -0.699972   2.29998
0.0180578   403.971   323.177         0         0         0
-2.04272e-05            1 -4.20239e-05
5
 0.399999 -0.699986       1.1
  -0.0160166    0.0279641    0.0160166 -0.000760975      51.4773            0
-6.85459e-06            1 -1.87318e-05
0
0.499999 0.699999  2.29999
-0.00205762    -403.998     307.105           0           0           0
-2.04272e-05           -1 -4.20239e-05
4
1
 0.500014 -0.699965       2.3
10.9983 238.083 190.467       0       0       0
-2.04272e-05            1 -4.20239e-05
5
      0.4 -0.699985       1.1
-10.6042  216.571  124.043  6.16554  18.0022        0
-6.85459e-06            1 -1.87318e-05
0
0.499967 0.699998  2.29998
 10.6041 -243.711  194.969        0        0        0
-2.04272e-05           -1 -4.20239e-05
4
     0.4 0.699998      1.1
-10.9982 -210.944  120.819  6.16554  18.0022        0
-6.85459e-06           -1 -1.87318e-05
3
1
 0.500029 -0.699959   2.30001
 4.7576 46.2683 37.0146       0       0       0
-2.04272e-05            1 -4.20239e-05
5
      0.4 -0.699985       1.1
-8.06332  494.785  283.391   39.582  10.6983        0
-6.85459e-06            1 -1.87318e-05
4
     0.4 0.699997      1.1
 3.30576 -541.053  309.891  43.2842  10.6837        0
-6.85459e-06           -1 -1.87318e-05
4
1
0.500021 -0.69996  2.30002
12.2561 242.859 194.288       0       0       0
-2.04272e-05            1 -4.20239e-05
5
      0.4 -0.699985       1.1
-12.5617  211.855  121.341 -4.21103  20.6812        0
-6.85459e-06            1 -1.87318e-05
4
     0.4 0.699997      1.1
-14.3241  -216.08  123.761 -4.21103  20.6812        0
-6.85459e-06           -1 -1.87318e-05
0
0.499998 0.699996      2.5
 14.6296 -238.634  190.908        0        0        0
-1.16726e-05           -1  -8.4043e-05
3
5
 0.399999 -0.699985       1.1
5.19869 535.794 306.879 -42.862 15.9283       0
-6.85459e-06            1 -1.87318e-05
4
     0.4 0.699997      1.1
-13.7569 -463.015  265.195 -37.0412    15.94        0
-6.85459e-06           -1 -1.87318e-05
0
0.499996 0.699992  2.50001
 8.55813 -72.7791  58.2233        0        0        0
-1.16726e-05           -1  -8.4043e-05
4
0
0.499994 0.699989  2.50002
 19.3402 -240.818  192.655        0        0        0
-1.16726e-05           -1  -8.4043e-05
1
0.499998     -0.7      2.5
19.3538 240.611 192.488       0       0       0
-1.16726e-05            1  -8.4043e-05
4
0.400001      0.7      1.1
-19.3546 -213.908  122.517 0.198215  27.6388        0
-6.85459e-06           -1 -1.87318e-05
5
0.399999     -0.7      1.1
-19.3405  214.115  122.636 0.198215  27.6388        0
-6.85459e-06            1 -1.87318e-05
