4
0
0.499994 0.699989  1.70002
 19.3404 -240.819  192.655        0        0        0
-2.08602e-05           -1 -7.81734e-05
1
0.499998     -0.7      1.7
19.3544 240.611 192.489       0       0       0
-2.08602e-05            1 -7.81734e-05
4
0.400001      0.7 0.300003
-19.3547 -213.908  122.517 0.198041   27.639        0
-6.85448e-06           -1 -4.68276e-06
5
0.399999     -0.7 0.300003
-19.3402  214.116  122.636 0.198041   27.639        0
-6.85448e-06            1 -4.68276e-06
3
0
0.499994 0.699989  1.70002
-0.398459  -394.739   315.791         0         0         0
-2.08602e-05           -1 -7.81734e-05
1
 0.500014 -0.699995       1.7
3.63828 389.083 311.266       0       0       0
-2.08602e-05            1 -7.81734e-05
5
0.399999     -0.7 0.300003
 -3.23976   5.65643   3.23976 -0.452584   123.246         0
-6.85448e-06            1 -4.68276e-06
4
0
0.500018 0.699973      1.7
 19.877 -232.81 186.248       0       0       0
-2.08602e-05           -1 -7.81734e-05
1
 0.499963 -0.700022   1.69996
21.9016 249.554 199.643       0       0       0
-2.08602e-05            1 -7.81734e-05
5
 0.400008 -0.699998  0.300003
-23.0901  204.987  117.408 -16.4006  32.1379        0
-6.85448e-06            1 -4.68276e-06
4
0.399999 0.699999 0.500002
-18.6883 -221.731  126.998 -16.9454  32.1378        0
-7.00358e-06           -1 -1.16726e-05
3
0
0.500069 0.699945  1.70001
17.2909 -370.87 296.696       0       0       0
-2.08602e-05           -1 -7.81734e-05
1
 0.499963 -0.700022   1.69996
-1.89212  397.754  318.203        0        0        0
-2.08602e-05            1 -7.81734e-05
4
0.399999 0.699999 0.500001
-15.3982 -26.8844  15.3982  2.15112  59.5364        0
-7.00358e-06           -1 -1.16726e-05
4
0
0.500067 0.699944  1.70001
 16.6327 -244.294  195.435        0        0        0
-2.08602e-05           -1 -7.81734e-05
1
 0.499969 -0.700021   1.69995
17.1603 237.116 189.693       0       0       0
-2.08602e-05            1 -7.81734e-05
4
0.399999 0.699999 0.500001
-17.1612 -210.437  120.529  7.86623  28.1613        0
-7.00358e-06           -1 -1.16726e-05
5
 0.4 -0.7  0.5
-16.6317  217.615   124.64  7.86623  28.1613        0
-7.00358e-06            1 -1.16726e-05
3
0
0.500061  0.69994  1.70002
 6.91804 -81.2763   65.021        0        0        0
-2.08602e-05           -1 -7.81734e-05
4
0.399999 0.699999 0.500001
-12.7265 -452.832  259.362 -36.2272  16.3669        0
-7.00358e-06           -1 -1.16726e-05
5
 0.4 -0.7  0.5
 5.80837  534.108  305.914 -42.7286  16.3689        0
-7.00358e-06            1 -1.16726e-05
4
0
0.500061  0.69994  1.70002
 11.1816 -253.522  202.818        0        0        0
-2.08602e-05           -1 -7.81734e-05
4
0.399999 0.699999 0.500001
-13.1353  -201.52  115.422  16.1221  20.2639        0
-7.00358e-06           -1 -1.16726e-05
5
 0.4 -0.7  0.5
-13.2079  228.722  131.002  18.2978  20.2638        0
-7.00358e-06            1 -1.16726e-05
1
 0.499998 -0.699997   1.90001
15.1617  226.32 181.056       0       0       0
-1.52125e-05            1 -7.30142e-05
3
4
0.399999 0.699999 0.500001
 3.52704 -540.435  309.538  43.2359  25.7445        0
-7.00358e-06           -1 -1.16726e-05
5
 0.4 -0.7  0.5
-19.7826  491.054  281.255  39.2844  25.7426        0
-7.00358e-06            1 -1.16726e-05
1
 0.499986 -0.699997   1.90002
16.2555 49.3812 39.5049       0       0       0
-1.52125e-05            1 -7.30142e-05
4
4
0.399999 0.699999 0.500001
-11.9802  -210.63   120.64   5.9133  16.7986        0
-7.00358e-06           -1 -1.16726e-05
5
 0.4 -0.7  0.5
-11.538 216.821 124.186  5.9133 16.7986       0
-7.00358e-06            1 -1.16726e-05
1
 0.499996 -0.699993   1.90002
11.9803 237.824 190.259       0       0       0
-1.52125e-05            1 -7.30142e-05
0
0.499996 0.699992  1.90001
 11.5379 -244.015  195.212        0        0        0
-1.52125e-05           -1 -7.30142e-05
3
5
 0.4 -0.7  0.5
-0.00176314  0.00307835  0.00176314 0.000180001     116.196           0
-7.00358e-06            1 -1.16726e-05
1
 0.499995 -0.699992   1.90002
0.010691  419.617  335.694        0        0        0
-1.52125e-05            1 -7.30142e-05
0
0.500024 0.699977  1.90002
-0.00875717     -419.62     294.602           0           0           0
-1.52125e-05           -1 -7.30142e-05
4
5
      0.4 -0.700001  0.500001
-18.9889  198.512  113.699 -15.8808  25.6471        0
-7.00358e-06            1 -1.16726e-05
1
 0.499988 -0.699998       1.9
16.9171 255.944 204.755       0       0       0
-1.52125e-05            1 -7.30142e-05
0
0.500026 0.699975  1.90003
 16.4246 -226.852  181.482        0        0        0
-1.52125e-05           -1 -7.30142e-05
4
     0.4 0.699998 0.699999
-14.3528 -227.603  130.361 -18.2084  25.6472        0
 -7.0034e-06           -1 -2.33451e-05
3
1
 0.499988 -0.699998       1.9
0.0098988   402.154   308.577         0         0         0
-1.52125e-05            1 -7.30142e-05
0
0.500026 0.699975  1.90003
-0.00236564    -402.141     321.713           0           0           0
-1.52125e-05           -1 -7.30142e-05
4
     0.4 0.699998 0.699999
-0.00751336  -0.0131179  0.00751336 0.000270934      145.18           0
 -7.0034e-06           -1 -2.33451e-05
4
1
 0.499964 -0.699999   1.90003
18.4545 237.398 189.918       0       0       0
-1.52125e-05            1 -7.30142e-05
0
0.499982 0.699972  1.90001
 17.9848 -243.929  195.144        0        0        0
-1.52125e-05           -1 -7.30142e-05
4
     0.4 0.699998 0.699999
-18.4544 -210.818  120.747  7.15719  30.3658        0
 -7.0034e-06           -1 -2.33451e-05
5
 0.4 -0.7  0.7
-17.9855   217.35  124.489  7.15719  30.3658        0
 -7.0034e-06            1 -2.33451e-05
3
1
 0.499957 -0.699997   1.90006
11.5563 43.7058 34.9646       0       0       0
-1.52125e-05            1 -7.30142e-05
4
     0.4 0.699998 0.699999
  3.1205 -541.561  310.183  43.3249  21.8571        0
 -7.0034e-06           -1 -2.33451e-05
5
 0.4 -0.7  0.7
-14.6769  497.856   285.15  39.8284  21.8616        0
 -7.0034e-06            1 -2.33451e-05
4
1
  0.49996 -0.699993   1.90007
14.2215 242.881 194.305       0       0       0
-1.52125e-05            1 -7.30142e-05
4
     0.4 0.699998 0.699999
-16.6163 -216.258  123.863 -4.37132   23.957        0
 -7.0034e-06           -1 -2.33451e-05
5
 0.4 -0.7  0.7
-14.5287   211.86  121.344 -4.37132   23.957        0
 -7.0034e-06            1 -2.33451e-05
0
0.5 0.7 2.1
 16.9235 -238.482  190.786        0        0        0
-2.08616e-05           -1 -1.30297e-05
3
1
 0.499964 -0.699989   1.90009
0.0169437   443.711   354.969         0         0         0
-1.52125e-05            1 -7.30142e-05
5
 0.4 -0.7  0.7
-0.00482446  0.00842323  0.00482446 -0.00033383     113.185           0
 -7.0034e-06            1 -2.33451e-05
0
0.5 0.7 2.1
-0.0121063   -443.719    275.324          0          0          0
-2.08616e-05           -1 -1.30297e-05
4
1
 0.499964 -0.699989   1.90009
5.25863 248.469 198.776       0       0       0
-1.52125e-05            1 -7.30142e-05
5
 0.4 -0.7  0.7
-6.29005  206.063  118.024 -15.8191  9.62315        0
 -7.0034e-06            1 -2.33451e-05
0
0.5 0.7 2.1
 6.28959 -233.939  187.151        0        0        0
-2.08616e-05           -1 -1.30297e-05
4
0.4 0.7 0.9
-5.25818 -220.594  126.347 -15.8191  9.62315        0
-1.02818e-05           -1 -6.24357e-06
3
5
 0.4 -0.7  0.7
-4.50667e-05      607.488      347.942      -48.599      47.7301            0
 -7.0034e-06            1 -2.33451e-05
0
0.499997 0.699998      2.1
-3.33067e-15 -1.24345e-14 -5.32907e-15            0            0            0
-2.08616e-05           -1 -1.30297e-05
4
0.4 0.7 0.9
-4.78504e-05     -607.488      282.355     -48.5993      47.7319            0
-1.02818e-05           -1 -6.24357e-06
4
5
 0.4 -0.7  0.7
-6.36468   209.64  120.073 -7.18562  8.73305        0
 -7.0034e-06            1 -2.33451e-05
0
0.500014 0.699996  2.10001
 5.49145 -237.768  190.215        0        0        0
-2.08616e-05           -1 -1.30297e-05
4
0.4 0.7 0.9
-4.98826 -216.723  124.129 -7.18562  8.73305        0
-1.02818e-05           -1 -6.24357e-06
1
 0.499997 -0.700001       2.1
5.86159 244.851 195.881       0       0       0
-2.08616e-05            1 -1.30297e-05
3
0
0.500017 0.700005  2.09999
0.0855523  -406.395   325.116         0         0         0
-2.08616e-05           -1 -1.30297e-05
4
0.400031  0.69997 0.899977
-0.0900969  -0.157304  0.0900969  0.0187799    124.758          0
-1.02818e-05           -1 -6.24357e-06
1
 0.499961 -0.699993   2.10002
0.00441946    406.553    305.091          0          0          0
-2.08616e-05            1 -1.30297e-05
4
0
0.499991  0.70002  2.09999
 22.6426 -240.002  192.002        0        0        0
-2.08616e-05           -1 -1.30297e-05
4
0.400031  0.69997 0.899977
-22.5795   -214.8  123.028 -1.14516  37.6846        0
-1.02818e-05           -1 -6.24357e-06
1
 0.499957 -0.699995   2.10002
22.5795 241.048 192.839       0       0       0
-2.08616e-05            1 -1.30297e-05
5
 0.4 -0.7  0.9
-22.6427  213.754  122.429 -1.14516  37.6846        0
-1.02818e-05            1 -6.24357e-06
3
0
0.499963 0.700038  2.09998
 19.5509 -58.4915  46.7932        0        0        0
-2.08616e-05           -1 -1.30297e-05
4
0.400031  0.69997 0.899977
-23.7392 -480.137  275.001 -38.4114  36.0488        0
-1.02818e-05           -1 -6.24357e-06
5
 0.4 -0.7  0.9
   4.188  538.628  308.503 -43.0902  36.0742        0
-1.02818e-05            1 -6.24357e-06
4
0
0.499954 0.700033  2.09999
 17.2606 -244.939  195.951        0        0        0
-2.08616e-05           -1 -1.30297e-05
4
0.400031  0.69997 0.899977
-17.8969 -209.885  120.213  8.97333  29.2975        0
-1.02818e-05           -1 -6.24357e-06
5
 0.4 -0.7  0.9
-20.1902  218.818   125.33  8.97333  29.2975        0
-1.02818e-05            1 -6.24357e-06
1
0.499995     -0.7      2.3
20.8264 236.005 188.804       0       0       0
-2.04272e-05            1 -4.20239e-05
3
4
0.400031  0.69997 0.899977
 4.65772 -537.262   307.72  42.9841  14.3104        0
-1.02818e-05           -1 -6.24357e-06
5
 0.4 -0.7  0.9
-12.3312  471.885  270.275  37.7508  14.2891        0
-1.02818e-05            1 -6.24357e-06
1
 0.499993 -0.699999       2.3
7.67347 65.3775  52.302       0       0       0
-2.04272e-05            1 -4.20239e-05
4
4
0.400031  0.69997 0.899977
-19.0257 -212.992  121.993  1.91951  27.0738        0
-1.02818e-05           -1 -6.24357e-06
5
 0.4 -0.7  0.9
-18.878 215.002 123.144 1.91951 27.0738       0
-1.02818e-05            1 -6.24357e-06
1
 0.500006 -0.699994       2.3
19.0254 239.721 191.777       0       0       0
-2.04272e-05            1 -4.20239e-05
0
0.499998      0.7      2.3
 18.8782 -241.731  193.384        0        0        0
-2.04272e-05           -1 -4.20239e-05
3
4
0.400031  0.69997 0.899977
-0.0953892  -0.166544  0.0953892   0.019956    131.588          0
-1.02818e-05           -1 -6.24357e-06
1
0.500018 -0.69999  2.30001
-0.0182267    400.392    310.021          0          0          0
-2.04272e-05            1 -4.20239e-05
0
0.499996 0.700001      2.3
0.113629 -400.226   320.18        0        0        0
-2.04272e-05           -1 -4.20239e-05
4
4
0.400031  0.69997 0.899977
-23.0972 -208.331  119.323  10.6905  32.4532        0
-1.02818e-05           -1 -6.24357e-06
1
 0.500029 -0.699985   2.30001
19.8518 235.661 188.529       0       0       0
-2.04272e-05            1 -4.20239e-05
0
0.499996 0.700001      2.3
 22.3381 -246.292  197.034        0        0        0
-2.04272e-05           -1 -4.20239e-05
5
 0.4 -0.7  1.1
-19.0926  218.962  125.412  10.6905  32.4532        0
-6.85459e-06            1 -1.87318e-05
3
4
0.400031  0.69997 0.899977
-0.0124386   -571.462    327.309    45.7217    40.8352          0
-1.02818e-05           -1 -6.24357e-06
1
  0.50004 -0.699981   2.30002
5.32907e-15 1.24345e-14 3.73035e-14           0           0           0
-2.04272e-05            1 -4.20239e-05
5
 0.4 -0.7  1.1
0.0124625   571.462   302.989    45.717   40.7606         0
-6.85459e-06            1 -1.87318e-05
4
4
0.400031  0.69997 0.899977
-5.07674 -205.796  117.871  12.6739  5.75464        0
-1.02818e-05           -1 -6.24357e-06
1
  0.50004 -0.699981   2.30002
 3.9258 235.212  188.17       0       0       0
-2.04272e-05            1 -4.20239e-05
5
 0.4 -0.7  1.1
-2.97985  219.066  125.471  12.6739  5.75464        0
-6.85459e-06            1 -1.87318e-05
0
0.5 0.7 2.5
 4.13079 -248.482  198.785        0        0        0
-1.16726e-05           -1  -8.4043e-05
3
1
 0.500039 -0.699977   2.30002
-0.00880372     463.568     370.854           0           0           0
-2.04272e-05            1 -4.20239e-05
5
 0.4 -0.7  1.1
-0.00479552  0.00837271  0.00479552  0.00184835     83.3507           0
-6.85459e-06            1 -1.87318e-05
0
0.499996 0.699996      2.5
0.0136066  -463.576   259.438         0         0         0
-1.16726e-05           -1  -8.4043e-05
4
1
 0.500043 -0.699966   2.30004
9.68342 250.382 200.305       0       0       0
-2.04272e-05            1 -4.20239e-05
5
 0.4 -0.7  1.1
-11.1257  204.495  117.126 -16.3591  17.3403        0
-6.85459e-06            1 -1.87318e-05
0
0.499999 0.699997      2.5
 12.8594 -230.296  184.237        0        0        0
-1.16726e-05           -1  -8.4043e-05
4
0.4 0.7 1.1
-11.4172  -224.58  128.629 -17.9664  17.3404        0
-6.85459e-06           -1 -1.87318e-05
3
5
 0.4 -0.7  1.1
 3.0982 541.627  310.22  -43.33 10.5549       0
-6.85459e-06            1 -1.87318e-05
0
0.500002 0.699997      2.5
 5.84913 -43.3754  34.7004        0        0        0
-1.16726e-05           -1  -8.4043e-05
4
0.4 0.7 1.1
-8.94739 -498.251  285.377 -39.8601  10.5692        0
-6.85459e-06           -1 -1.87318e-05
4
0
0.499994 0.699989  2.50002
 19.3403 -240.819  192.655        0        0        0
-1.16726e-05           -1  -8.4043e-05
1
0.499998     -0.7      2.5
19.3544 240.611 192.489       0       0       0
-1.16726e-05            1  -8.4043e-05
4
0.400001      0.7      1.1
-19.3547 -213.908  122.517 0.198034   27.639        0
-6.85459e-06           -1 -1.87318e-05
5
0.399999     -0.7      1.1
-19.3402  214.116  122.636 0.198034   27.639        0
-6.85459e-06            1 -1.87318e-05
