4
0
0.499994 0.699989  1.70002
 19.3404 -240.819  192.655        0        0        0
-2.08602e-05           -1 -7.81734e-05
1
0.499998     -0.7      1.7
19.3544 240.611 192.489       0       0       0
-2.08602e-05            1 -7.81734e-05
4
0.400001      0.7 0.300003
-19.3547 -213.908  122.517 0.198041   27.639        0
-6.85448e-06           -1 -4.68276e-06
5
0.399999     -0.7 0.300003
-19.3402  214.116  122.636 0.198041   27.639        0
-6.85448e-06            1 -4.68276e-06
3
0
0.499982  0.69999  1.70002
 11.3137 -378.873  303.098        0        0        0
-2.08602e-05           -1 -7.81734e-05
1
0.499997     -0.7      1.7
-1.25823  396.429  317.143        0        0        0
-2.08602e-05            1 -7.81734e-05
4
0.400001      0.7 0.300003
-10.0556 -17.5564  10.0556  1.40505  105.067        0
-6.85448e-06           -1 -4.68276e-06
4
0
0.499965 0.700009  1.70001
 17.5648 -256.659  205.327        0        0        0
-2.08602e-05           -1 -7.81734e-05
1
0.499998     -0.7      1.7
17.0756  226.12 180.896       0       0       0
-2.08602e-05            1 -7.81734e-05
4
0.400001      0.7 0.300003
-19.7403 -197.801  113.292  15.8241  26.6464        0
-6.85448e-06           -1 -4.68276e-06
5
 0.4 -0.7  0.5
-14.9001  228.339  130.783  18.2671  26.6463        0
-7.00358e-06            1 -1.16726e-05
3
1
 0.500001 -0.699998   1.70001
 4.13836e-14  2.22045e-16 -3.99125e-14            0            0            0
-2.08602e-05            1 -7.81734e-05
4
0.400001      0.7 0.300003
0.000389565    -589.101     337.411     47.1282     43.0111           0
-6.85448e-06           -1 -4.68276e-06
5
 0.4 -0.7  0.5
0.000369071       589.1     292.886     47.1281     43.0039           0
-7.00358e-06            1 -1.16726e-05
4
1
 0.500009 -0.699996   1.70001
10.7535 238.665 190.932       0       0       0
-2.08602e-05            1 -7.81734e-05
4
0.400001      0.7 0.300003
-14.2783 -210.857   120.77   4.7972  17.6244        0
-6.85448e-06           -1 -4.68276e-06
5
 0.4 -0.7  0.5
-10.3959  215.879  123.646   4.7972  17.6244        0
-7.00358e-06            1 -1.16726e-05
0
0.500001      0.7      1.9
 13.9207 -243.687   194.95        0        0        0
-1.52125e-05           -1 -7.30142e-05
3
1
 0.500012 -0.699995   1.70001
-0.000537007      454.626      363.701            0            0            0
-2.08602e-05            1 -7.81734e-05
5
 0.4 -0.7  0.5
 -0.00259621   0.00453284   0.00259621 -0.000480168      94.9668            0
-7.00358e-06            1 -1.16726e-05
0
0.500001      0.7      1.9
0.00315757    -454.63    266.594          0          0          0
-1.52125e-05           -1 -7.30142e-05
4
1
 0.500006 -0.699997   1.69999
17.7799 245.904 196.723       0       0       0
-2.08602e-05            1 -7.81734e-05
5
 0.4 -0.7  0.5
-18.5668  208.947  119.675 -11.0812  30.2892        0
-7.00358e-06            1 -1.16726e-05
0
0.5 0.7 1.9
 21.5959 -234.901  187.921        0        0        0
-1.52125e-05           -1 -7.30142e-05
4
0.4 0.7 0.5
 -20.809 -219.949  125.977 -11.0812  30.2892        0
-7.00358e-06           -1 -1.16726e-05
3
5
 0.4 -0.7  0.5
  4.1856  538.607  308.491 -43.0887  27.2836        0
-7.00358e-06            1 -1.16726e-05
0
0.499999      0.7      1.9
 17.0053 -58.5988   46.879        0        0        0
-1.52125e-05           -1 -7.30142e-05
4
0.4 0.7 0.5
 -21.191 -480.008  274.928 -38.4006  27.2831        0
-7.00358e-06           -1 -1.16726e-05
4
5
 0.4 -0.7  0.5
-18.1305  211.595  121.192 -4.51765  25.6588        0
-7.00358e-06            1 -1.16726e-05
0
0.499992 0.699982  1.90003
 18.1308 -238.388   190.71        0        0        0
-1.52125e-05           -1 -7.30142e-05
4
0.400001 0.699999      0.5
-17.7922 -216.325  123.901 -4.51765  25.6588        0
-7.00358e-06           -1 -1.16726e-05
1
0.499996     -0.7      1.9
17.7918 243.117 194.494       0       0       0
-1.52125e-05            1 -7.30142e-05
3
0
0.499985 0.699986  1.90002
0.033095 -400.331  320.265        0        0        0
-1.52125e-05           -1 -7.30142e-05
4
0.400001 0.699999      0.5
  -0.024181  -0.0422187    0.024181 0.000570843     130.002           0
-7.00358e-06           -1 -1.16726e-05
1
 0.500006 -0.699997       1.9
-0.00890985     400.373     310.008           0           0           0
-1.52125e-05            1 -7.30142e-05
4
0
0.499975 0.699992  1.90001
 22.6319 -247.936  198.349        0        0        0
-1.52125e-05           -1 -7.30142e-05
4
0.400001 0.699999      0.5
-23.6073  -206.65   118.36   13.852  33.0278        0
-7.00358e-06           -1 -1.16726e-05
1
 0.500006 -0.699997       1.9
20.3044 234.205 187.364       0       0       0
-1.52125e-05            1 -7.30142e-05
5
 0.4 -0.7  0.7
-19.329 220.381 126.225  13.852 33.0278       0
 -7.0034e-06            1 -2.33451e-05
3
4
0.400001 0.699999      0.5
-0.00037896    -626.437     358.796     50.1136     30.0828           0
-7.00358e-06           -1 -1.16726e-05
1
 0.500006 -0.699997       1.9
          0 7.10543e-15           0           0           0           0
-1.52125e-05            1 -7.30142e-05
5
 0.4 -0.7  0.7
0.000302084     626.437     271.501     50.1151     30.1187           0
 -7.0034e-06            1 -2.33451e-05
4
4
0.400002      0.7      0.5
-21.6331 -208.545  119.445  9.02752  26.6201        0
-7.00358e-06           -1 -1.16726e-05
1
 0.500006 -0.699996       1.9
16.3091  236.52 189.216       0       0       0
-1.52125e-05            1 -7.30142e-05
5
     0.4     -0.7 0.700001
-15.6351  217.997  124.859  9.02752  26.6201        0
 -7.0034e-06            1 -2.33451e-05
0
0.499998 0.700002      2.1
  20.959 -245.971  196.777        0        0        0
-2.08616e-05           -1 -1.30297e-05
3
1
 0.50001 -0.69999      1.9
0.0274833   453.208   362.566         0         0         0
-1.52125e-05            1 -7.30142e-05
5
     0.4     -0.7 0.700001
 -0.0277309   0.0484166   0.0277309 -0.00444087     130.692           0
 -7.0034e-06            1 -2.33451e-05
0
0.499998 0.700002      2.1
0.000235055    -453.256     267.703           0           0           0
-2.08616e-05           -1 -1.30297e-05
4
1
 0.499994 -0.699989   1.89998
14.3497 249.457 199.565       0       0       0
-1.52125e-05            1 -7.30142e-05
5
      0.4 -0.699999  0.700001
-15.6567   205.44  117.667 -16.4351  25.0058        0
 -7.0034e-06            1 -2.33451e-05
0
0.500013 0.699996      2.1
 18.1575 -231.114  184.891        0        0        0
-2.08616e-05           -1 -1.30297e-05
4
0.4 0.7 0.7
-16.8505 -223.784  128.174 -17.9027  25.0058        0
 -7.0034e-06           -1 -2.33451e-05
3
5
      0.4 -0.699999  0.700001
  2.8433  542.336  310.627 -43.3862  24.3283        0
 -7.0034e-06            1 -2.33451e-05
0
 0.50001 0.699993      2.1
 15.6075 -39.7992  31.8394        0        0        0
-2.08616e-05           -1 -1.30297e-05
4
0.400001      0.7      0.7
-18.4508 -502.537  287.831 -40.2029  24.3265        0
 -7.0034e-06           -1 -2.33451e-05
4
5
      0.4 -0.699999  0.700001
-19.0043  212.731  121.843 -2.41527  27.0227        0
 -7.0034e-06            1 -2.33451e-05
0
0.500022 0.699992  2.09998
  19.004 -239.462   191.57        0        0        0
-2.08616e-05           -1 -1.30297e-05
4
0.400001      0.7      0.7
-18.8272  -215.26  123.292 -2.41527  27.0227        0
 -7.0034e-06           -1 -2.33451e-05
1
 0.499999 -0.699999       2.1
18.8275 241.991 193.593       0       0       0
-2.08616e-05            1 -1.30297e-05
3
0
0.500034 0.699992  2.09996
 3.80493 -388.855  311.084        0        0        0
-2.08616e-05           -1 -1.30297e-05
4
0.400001      0.7      0.7
-3.39174 -5.92179  3.39174 0.473946  126.446        0
 -7.0034e-06           -1 -2.33451e-05
1
 0.499999 -0.699999       2.1
-0.413075   394.777   315.821         0         0         0
-2.08616e-05            1 -1.30297e-05
4
0
0.500036  0.69999  2.09996
 19.9262 -259.542  207.633        0        0        0
-2.08616e-05           -1 -1.30297e-05
4
0.400001      0.7      0.7
-22.5343  -194.93  111.647  15.5944  30.3298        0
 -7.0034e-06           -1 -2.33451e-05
1
 0.499976 -0.699997   2.10002
19.5022 223.176 178.541       0       0       0
-2.08616e-05            1 -1.30297e-05
5
 0.4 -0.7  0.9
-16.8941  231.296  132.476  18.5037  30.3297        0
-1.02818e-05            1 -6.24357e-06
3
4
0.400001      0.7      0.7
-0.000364584     -636.916      364.798      50.9533      13.8839            0
 -7.0034e-06           -1 -2.33451e-05
1
 0.499999 -0.700002   2.09996
 2.66454e-15 -1.06581e-14  3.19744e-14            0            0            0
-2.08616e-05            1 -1.30297e-05
5
 0.4 -0.7  0.9
0.000763782     636.916     265.498     50.9533     13.8822           0
-1.02818e-05            1 -6.24357e-06
4
4
0.400001      0.7      0.7
-6.76039 -206.401  118.218   11.765  7.90038        0
 -7.0034e-06           -1 -2.33451e-05
1
 0.499999 -0.700002   2.09996
5.18017 235.596 188.477       0       0       0
-2.08616e-05            1 -1.30297e-05
5
 0.4 -0.7  0.9
-4.29999  218.718  125.272   11.765  7.90038        0
-1.02818e-05            1 -6.24357e-06
0
0.5 0.7 2.3
 5.88021 -247.913  198.331        0        0        0
-2.04272e-05           -1 -4.20239e-05
3
1
 0.499983 -0.700019   2.09995
0.00793423    473.093    378.474          0          0          0
-2.08616e-05            1 -1.30297e-05
5
 0.4 -0.7  0.9
-0.00214538  0.00374572  0.00214538 -0.00136773     102.823           0
-1.02818e-05            1 -6.24357e-06
0
0.5 0.7 2.3
-0.00588915    -473.096     251.821           0           0           0
-2.04272e-05           -1 -4.20239e-05
4
1
 0.499969 -0.700027   2.09994
17.8826 248.317 198.653       0       0       0
-2.08616e-05            1 -1.30297e-05
5
 0.4 -0.7  0.9
-19.0264  206.586  118.323 -16.2717  30.7591        0
-1.02818e-05            1 -6.24357e-06
0
0.500002 0.700006  2.29998
 22.1029 -232.226  185.781        0        0        0
-2.04272e-05           -1 -4.20239e-05
4
0.4 0.7 0.9
-20.9591 -222.677   127.54 -16.2717  30.7591        0
-1.02818e-05           -1 -6.24357e-06
3
5
  0.40002 -0.699994  0.899998
3.40963 540.739 309.712  -43.26 20.3041       0
-1.02818e-05            1 -6.24357e-06
0
0.499953 0.700021  2.29996
  12.497 -47.8488  38.2791        0        0        0
-2.04272e-05           -1 -4.20239e-05
4
0.400003 0.700002 0.900006
-15.9068  -492.89  282.306 -39.4314  20.2995        0
-1.02818e-05           -1 -6.24357e-06
4
5
 0.400021 -0.699994  0.899998
 -13.219   211.16  120.943 -4.99321  18.6103        0
-1.02818e-05            1 -6.24357e-06
0
0.499951 0.700021  2.29996
 13.2186 -238.272  190.618        0        0        0
-2.04272e-05           -1 -4.20239e-05
4
0.400003 0.700002 0.900007
 -12.835 -216.387  123.937 -4.99321  18.6103        0
-1.02818e-05           -1 -6.24357e-06
1
 0.499996 -0.700006   2.29999
12.8353 243.499 194.799       0       0       0
-2.04272e-05            1 -4.20239e-05
3
5
 0.400021 -0.699994  0.899998
-0.00867392   0.0151442  0.00867392 -0.00471802     98.1576           0
-1.02818e-05            1 -6.24357e-06
0
0.499948 0.700022  2.29996
0.0117722  -410.145   302.184         0         0         0
-2.04272e-05           -1 -4.20239e-05
1
 0.499992 -0.700012   2.29998
-0.00308893      410.13     328.104           0           0           0
-2.04272e-05            1 -4.20239e-05
4
5
 0.400021 -0.699994  0.899998
-14.6051   194.89  111.624 -15.5922  19.0332        0
-1.02818e-05            1 -6.24357e-06
0
 0.49998 0.700011  2.29996
12.7016 -223.64 178.912       0       0       0
-2.04272e-05           -1 -4.20239e-05
1
 0.499987 -0.700008   2.29998
12.0399 259.498 207.599       0       0       0
-2.04272e-05            1 -4.20239e-05
4
0.4 0.7 1.1
-10.1365 -230.748  132.163   -18.46  19.0324        0
-6.85459e-06           -1 -1.87318e-05
3
5
 0.400021 -0.699994  0.899998
-0.00983739     636.663     364.653    -50.9344      16.056           0
-1.02818e-05            1 -6.24357e-06
0
0.500012 0.699999  2.29996
 2.88658e-14 -2.04281e-14 -1.19904e-14            0            0            0
-2.04272e-05           -1 -4.20239e-05
4
0.4 0.7 1.1
0.00977095   -636.663    265.645   -50.9333    15.9854          0
-6.85459e-06           -1 -1.87318e-05
4
5
 0.400021 -0.699994  0.899998
-12.9494   207.27  118.715 -10.6642  15.6861        0
-1.02818e-05            1 -6.24357e-06
0
0.500012 0.699999  2.29996
 9.81189 -235.963   188.77        0        0        0
-2.04272e-05           -1 -4.20239e-05
4
0.4 0.7 1.1
-9.01073 -218.435   125.11 -10.6642  15.6861        0
-6.85459e-06           -1 -1.87318e-05
1
 0.500014 -0.700004   2.49999
12.1483 247.128 197.702       0       0       0
-1.16726e-05            1  -8.4043e-05
3
0
0.500012 0.699998  2.29996
0.00349595   -461.744    369.396          0          0          0
-2.04272e-05           -1 -4.20239e-05
4
0.4 0.7 1.1
-0.000866109  -0.00151218  0.000866109  0.000492057      100.288            0
-6.85459e-06           -1 -1.87318e-05
1
 0.500019 -0.700005   2.49999
-0.0025619    461.746    260.901          0          0          0
-1.16726e-05            1  -8.4043e-05
4
0
0.499993 0.700008  2.29994
 15.5967 -245.782  196.625        0        0        0
-2.04272e-05           -1 -4.20239e-05
4
0.4 0.7 1.1
-16.3508 -209.038  119.728  10.6888  26.6242        0
-6.85459e-06           -1 -1.87318e-05
1
 0.500013 -0.699999       2.5
19.0139 235.181 188.145       0       0       0
-1.16726e-05            1  -8.4043e-05
5
 0.4 -0.7  1.1
-18.2601  219.639  125.799  10.6888  26.6242        0
-6.85459e-06            1 -1.87318e-05
3
4
0.4 0.7 1.1
 4.24527 -538.441  308.396  43.0754  22.7633        0
-6.85459e-06           -1 -1.87318e-05
1
 0.500006 -0.699993   2.50001
13.8105  59.433 47.5464       0       0       0
-1.16726e-05            1  -8.4043e-05
5
 0.4 -0.7  1.1
-18.056 479.008 274.355 38.3207 22.7619       0
-6.85459e-06            1 -1.87318e-05
4
0
0.499994 0.699989  2.50002
 19.3404 -240.819  192.655        0        0        0
-1.16726e-05           -1  -8.4043e-05
1
0.499998     -0.7      2.5
19.3544 240.611 192.489       0       0       0
-1.16726e-05            1  -8.4043e-05
4
0.400001      0.7      1.1
-19.3547 -213.908  122.517 0.198038   27.639        0
-6.85459e-06           -1 -1.87318e-05
5
0.399999     -0.7      1.1
-19.3402  214.116  122.636 0.198038   27.639        0
-6.85459e-06            1 -1.87318e-05
