    0.842671   -0.0191674      0.95783   -0.0105976   -0.0353956    0.0267116    0.0788019    -0.458175   -0.0334518     0.741072     -0.24991   -0.0829859   -0.0311674    -0.446869   -0.0289934     0.740588     -0.25764    0.0292569   0.00010873  -0.00163887     0.956914   0.00772743   0.00150577     -1.91999 -0.000490356    -0.524224  -0.00193652     0.960553  -0.00986163  6.40194e-05     -1.91815  0.000557603    -0.523711  0.000680927
  0.863688 -0.0246234   0.944436  0.0179143    0.10155  0.0409903   0.048429  -0.613344 -0.0411301   0.764617  -0.255093 -0.0902933 -0.0724147  -0.642573 -0.0562026   0.843241  -0.299771  0.0210058   0.237758  0.0527924   0.779166 0.00218245   0.234834   -1.84394  0.0451011  -0.554223 -0.0749157   0.350349 -0.0381268  -0.515141   -1.55689  -0.189476  -0.396872   0.229878
  0.801534 0.00914378   0.916684 -0.0301629   0.168363 0.00199297  0.0892698  -0.893027   0.017223    0.96034  -0.235242 -0.0467104 -0.0448171  -0.857852 -0.0123909   0.903782  -0.214046  0.0661602   0.273997 -0.0586623  0.0832597   0.380204   0.629027   -1.50785   0.417375 -0.0693854   0.186346   0.106832  -0.244289  -0.408271   -1.48767  -0.206266   -0.24373    0.18574
  0.797905 0.00916003   0.915532  -0.029526   0.167945 0.00147313  0.0891779  -0.900039  0.0179492   0.964162  -0.231598 -0.0465976 -0.0453634  -0.865672  -0.011906   0.908696  -0.210738  0.0663827    0.27257 -0.0568544  0.0719819   0.388969   0.626084   -1.49612   0.416508 -0.0669004   0.187172  0.0979863  -0.248514  -0.409583   -1.48076  -0.207789  -0.239951   0.186127
  0.790517  0.0397501   0.944047  -0.186355   0.178644  0.0176263    0.22286  -0.856448  0.0282795   0.849812  -0.171624 -0.0183515    0.01253   -1.50465 -0.0622109    1.45815  -0.132773   0.110623   0.439942  -0.024897 -0.0373758    0.32211   0.577867   -1.40165   0.373019  -0.128867   0.133269     0.1136  -0.359453   -0.40928    -1.3442  -0.243103  -0.345838   0.122582
  0.775809   0.038916   0.967118  -0.228997   0.202914  0.0292105   0.266265  -0.745804  0.0292692   0.577358 -0.0351045 -0.0225418   0.085219   -1.42954 -0.0333916    1.28627 -0.0615093   0.108319   0.458171 0.00135055  -0.107028   0.358021   0.516426   -1.29415    0.42868  -0.198098  0.0609262  0.0547845  -0.386263  -0.416592      -1.17   -0.20514  -0.471452  0.0571631
  0.804852  -0.149089   0.924692  -0.174556 -0.0721415 0.00158345   0.412951  -0.604683 -0.0392332   0.971935  -0.302158  -0.261799    0.25979   -1.32152  -0.111993    1.66528  -0.275457  -0.194613  0.0847551  -0.137855   0.331575   0.870322   0.436643   -1.14306   0.807016  -0.166249  0.0605974  -0.506438 -0.0355983  -0.481404  -0.913236  -0.371648  -0.129562   0.451756
  0.678914  -0.115918   0.922872  -0.118493   0.114702   0.055346   0.315521  -0.772782 -0.0214256    0.54739  0.0991502  -0.214345 -0.0676761   -1.52254  -0.376312    1.32267  0.0773455  -0.191778  -0.362163   0.130987   -1.00323   0.617175  0.0253915  -0.729976    0.43549   0.174213  -0.530863   -0.43303  -0.741389   0.138478   -0.41896   -1.05241  -0.587135  -0.326334
  0.758446  -0.160347   0.801072   0.199182 -0.0913509 -0.0615351   0.133048   -0.90702  0.0898431    1.41557  -0.411539  -0.261799  -0.141718    -1.8392  -0.211572    2.10007  -0.171406  -0.261799  -0.486139  -0.195624   -0.99132    1.30125    0.20287   -0.75112   0.583577   0.664967  -0.365133  -0.868486  -0.260874 -0.0870141  -0.505713  -0.759762  -0.141633   0.299611
  0.613988   0.208683   0.884307  -0.119316   0.250352  0.0801377  -0.176905  -0.893935   -0.15219   0.354412   0.300116   0.178714  -0.937518   -1.41162  -0.804957   0.931702   0.291524   0.261799   0.523599 -0.0707772   -1.30921   0.870419   0.195632  -0.405202   0.603017  0.0707331 -0.0594323   -1.14558   -1.10217   0.229892  -0.824359  -0.934593   0.267634   0.541894
  0.760489   0.221306   0.754792  -0.218712  0.0766382   0.136446  -0.453277   -1.30802  -0.530301    1.68064  -0.422548   0.156986   -1.51866   -1.43064   -1.47623    1.71047  -0.223575   0.261799    0.51113   0.206158   -1.80979   0.432001 -0.0436256   0.130845   0.646328  0.0116764  -0.200948  -0.334247   -1.91481  -0.473114  -0.951161   -1.08848   0.737313   0.110815
 0.613784   -0.1121  0.835253  0.222645  0.333391 -0.267117  0.444856  -1.15647  0.595772  0.774856 0.0864849 -0.108726 -0.870265  -1.91986 -0.938724   1.04278  0.417016 -0.261799 -0.523599 0.0648374  -2.22562  0.757017 -0.363163  -0.20434  0.256342  0.422356 -0.405833  -1.33614 -0.953608 -0.164691 -0.879019 -0.484213  0.422486 -0.113273
   0.793243   -0.177544    0.908846    0.112781    0.195152 -0.00482104    0.174084    -0.70595   0.0434432    0.583207  -0.0689646   -0.261597   -0.116933     -1.6992   -0.265264     1.66667   -0.163958   -0.261799    -0.45419   -0.555885    -2.47304     1.23775   -0.628957   -0.430047    0.208618    0.839123   -0.584007    -1.23283    -0.11556   -0.339947   -0.585621   -0.529274   0.0747103    0.340096
   0.793148   -0.177419    0.909256    0.108287     0.19464 -0.00322854    0.178082   -0.706298   0.0424675    0.584027  -0.0690284   -0.261799   -0.112866    -1.69604   -0.265517     1.66405   -0.163975   -0.261799   -0.448754   -0.555823     -2.4693     1.24093   -0.626755   -0.431962    0.211421    0.838675   -0.584547    -1.23467   -0.116828   -0.337491   -0.578916   -0.542818   0.0706819    0.352419
  0.751612  -0.161132   0.991422   0.299147   0.256593 -0.0328243  0.0285634   -1.22446   0.068773   0.844427   0.123186  -0.261799  -0.226479   -1.55518 -0.0961751    1.28885 0.00807617  -0.164413  -0.523599  -0.440189   -2.02955    1.40462  -0.451276  -0.570889   0.615669   0.698517  -0.564828   -1.18588  -0.181345  -0.313038  -0.569585  -0.567352 -0.0639474   0.451012
  0.752467  -0.160954   0.991833   0.297752   0.253808 -0.0318768  0.0282246   -1.22299   0.067043   0.849286   0.119671  -0.261799   -0.22501   -1.55193 -0.0956489    1.29167 0.00490246  -0.164087  -0.523599  -0.436901    -2.0165    1.40469  -0.450689  -0.571732   0.621351   0.694948  -0.559789   -1.17984  -0.183569  -0.312707  -0.572365  -0.568506 -0.0636004   0.449084
    0.79388   -0.155646     1.02689    0.199763    0.212323   0.0159197   0.0547382    -1.11819 -0.00652843    0.854453   0.0508581   -0.261799   -0.157488    -1.37513   -0.122783     1.24175  -0.0764553   -0.161932   -0.523599   -0.227305    -1.71856     1.15982    -0.49004   -0.625329    0.602314    0.589551   -0.297986    -1.39032   -0.597074   -0.470898   -0.399517   -0.560742    0.174087    0.445027
   0.792468   -0.155506     1.02513    0.199183    0.217388   0.0150617    0.057719    -1.12915 -0.00373565    0.858568   0.0526871   -0.261799   -0.158049    -1.38489   -0.124223     1.24269  -0.0727986   -0.162418   -0.523599   -0.231087     -1.7341     1.15831   -0.494264   -0.625484    0.595007    0.595919   -0.298579    -1.39772   -0.600067   -0.461519   -0.399785   -0.556812    0.176954     0.43301
  0.828905   0.151539    1.03395   0.175919   0.286141 -0.0852275  -0.332737   -1.24303 -0.0256157   0.994085 -0.0490586   0.146065  -0.574441   -1.30572  -0.160714    1.05457 -0.0406672   0.261799  0.0242298  -0.223245   -2.18608    1.17495  -0.476592  -0.460451   0.346802   0.663576  0.0151912   -1.74423  -0.639804  -0.188281  -0.484813  -0.490561   0.500883    0.68261
  0.899435  -0.181859    1.11452  0.0156632   0.117963  -0.077094    0.33047  -0.683579   0.133674   0.665396 -0.0731369  -0.261799   0.226927  -0.798047   0.132154   0.798568  -0.102681  -0.148035  -0.314224  -0.424906   -2.41718    1.33001  -0.625937  -0.386323    0.33998   0.778287  -0.626351   -1.27498  -0.136937  -0.266355  -0.427141  -0.656313 -0.0116156   0.448515
   0.965429    0.180836     1.21643   -0.373986   -0.165168    0.109085    0.245278  -0.0895062   -0.148183    0.239385   -0.017085    0.114754 -0.00270135   -0.730525   -0.170474     1.17711   -0.287361    0.261799    0.523599    -0.22351    -1.40058    0.692459   -0.327169   0.0496236    0.871298  -0.0127939    -0.15712   -0.310668     -1.1856    0.142461   -0.946618    -0.90761   0.0242829   -0.119042
  0.963101     0.1815     1.2158    -0.3722  -0.161627   0.114781   0.241772 -0.0973187  -0.152612   0.236855 -0.0111762   0.115239 -0.0104813  -0.737283   -0.17827    1.17719  -0.283952   0.261799   0.523599  -0.226695   -1.40865   0.694057  -0.328681  0.0504347   0.870597 -0.0122081  -0.157975  -0.316222   -1.19021   0.141662   -0.94826  -0.907669  0.0268217  -0.118642
  0.945708     0.1149    1.18979   -0.37989 -0.0281507   0.242446   0.223004  -0.570251  -0.281682   0.625168 -0.0990222  0.0129156  -0.149555   -1.00783  -0.465249    1.32215  -0.297458   0.135535   0.434234 -0.0924419   -1.70566   0.567808  -0.449029  0.0540946   0.782635  0.0704005  -0.182638   -0.79054   -1.45327   0.020164   -0.87795  -0.991311   0.455272  0.0314601
  0.958814 -0.0380026    1.20004   -0.43208 -0.0317072   0.233795   0.501151   -0.48629  -0.238414   0.410036 -0.0196592  -0.166895    0.12125   -1.04939  -0.451793    1.30712  -0.300857 -0.0739228   0.184091  -0.198186   -1.72507   0.711969  -0.532226 -0.0257447   0.671484   0.230968  -0.313415  -0.785216   -1.08385 0.00288596  -0.733296   -0.92735   0.243834 -0.0785811
  0.999776   0.175031    1.19542  -0.381379    0.12973   0.125143   0.222659  -0.511949 -0.0985699   0.431264 -0.0757556   0.109174 -0.0682228   -1.07822  -0.227292    1.22961  -0.285759   0.248365   0.493106  -0.268561   -2.29313   0.888543  -0.683187 -0.0140667   0.366163   0.491428  0.0678737   -1.34929   -1.07652   0.176968  -0.903283  -0.854063   0.616722   0.244827
  0.998887   0.176687    1.19532   -0.38489   0.131304   0.127433   0.223688  -0.513865  -0.100349   0.427391 -0.0721915   0.110581 -0.0692304    -1.0775  -0.230796    1.22379  -0.282398   0.249829   0.499372  -0.267879    -2.2956   0.887757  -0.683775 -0.0160052   0.365615   0.492537  0.0709202    -1.3575    -1.0781   0.178273  -0.902073  -0.853398   0.620372   0.248946
   1.03438 0.00549801    1.21237  -0.595908   0.161887   0.197449    0.67087  -0.489536 -0.0530799   0.263703 -0.0241158  -0.109927   0.407945   -1.08287   -0.17253    1.15045  -0.303232  0.0291388   0.478258  -0.123116   -2.31961   0.749677  -0.648384  -0.156963   0.393383   0.628285  -0.100327   -1.96277   -1.05924   0.254435  -0.528505  -0.596134   0.727605   0.199154
     1.02541    0.0920033      1.19544    -0.489777     0.252865     0.219492     0.416658     -0.64623   -0.0968192     0.358891   -0.0350503 -0.000467143    0.0478655     -1.21494    -0.333526      1.22505    -0.305736     0.118146      0.48388    0.0547843      -2.3615     0.610285    -0.630993    -0.156309     0.417953     0.602247    0.0726466     -2.52701     -1.05926     0.400027    -0.400207    -0.346797     0.883478     0.419018
  0.959489  0.0156221    1.31431 -0.0120737   0.300484 0.00470982  0.0612972  -0.957764  0.0172998   0.585055  0.0724069 -0.0372149 -0.0865499  -0.925534 -0.0369927   0.535311  0.0908258  0.0718991  0.0549208  0.0416823   -2.01046    0.91909  -0.449605  -0.272768   0.694407   0.422067  -0.245172   -1.99915   -0.94292   0.325438  -0.428816  -0.427233   0.558845    0.19713
    0.959948    0.0135336      1.31472  -0.00853702     0.298731 -0.000979683    0.0658059    -0.953765    0.0256798     0.584936     0.070592   -0.0383077   -0.0820826    -0.924713   -0.0285193     0.536428     0.090216    0.0707696    0.0499338    0.0437305     -2.00803     0.922797    -0.447714    -0.272718     0.698032     0.422547     -0.25202     -1.99158    -0.940881     0.325169    -0.430141    -0.427433     0.555968     0.190523
   1.19393  0.0993833    1.37431  0.0763535 -0.0569744   0.187613  -0.141224 -0.0582974  -0.179025   0.350326  -0.210297  0.0525555  -0.252144 -0.0250561  -0.168198   0.421502  -0.295046   0.168593  0.0955955   0.398723   -1.44958   0.318375   -0.41453  -0.320335   0.838937   0.214725 -0.0528631   -2.31389   -1.42138   0.397404  -0.521474 -0.0985357   0.985108   0.482765
   1.10908  -0.191873    1.31555   0.142328   0.214772 -0.0998103   0.201511  -0.588968   0.150007    0.55034  -0.157746  -0.261799   0.127368  -0.868167   0.157253   0.955963  -0.295774  -0.149196   -0.38657   0.385243    -2.0385   0.724544  -0.467696  -0.456857   0.735489   0.672139  -0.375659   -2.53011   -1.09214   0.385642  -0.419925 -0.0452433    0.89825  0.0608981
   1.10947   -0.15793    1.38128  -0.309348  0.0972203   0.022627   0.578937  -0.299498  0.0350368   0.235752 -0.0301664  -0.261799   0.523599   -1.16946  0.0608587    1.43217  -0.358997  -0.160471  0.0694577    0.26778   -1.67549   0.789802  -0.426306  -0.538029   0.720646   0.543533  -0.302947   -2.03712   -1.18359   0.232878  -0.263232  -0.356449    0.60078   0.111945
   1.14003   -0.12504    1.40606  -0.537715 -0.0515139   0.127735   0.774239  -0.249442  -0.129761   0.295398  -0.100206  -0.261799   0.523571  -0.905047  -0.213639    1.27097  -0.396442  -0.148858    0.35656   0.123101   -1.43727   0.929604   -0.66719  -0.694559   0.844599    0.44715 -0.0219472   -1.64306   -1.22059   0.228256  -0.399466  -0.545117   0.589863  0.0227865
    1.0961 -0.0292028    1.52685 0.00437982  0.0721268  -0.125174   0.188374  -0.753138   0.178095   0.858971  -0.161626 -0.0698744  0.0668321  -0.768527   0.169065    0.79602 -0.0987733  0.0466083   0.100729   0.348393  -0.972716    0.86978  -0.444293  -0.650647    1.06092 0.00861259 -0.0410772   -1.66113   -1.06513   0.412392  -0.357861  -0.427585   0.451945  0.0280662
    1.12382   0.0320639     1.54415    0.050549  0.00902905  -0.0372829  -0.0162196   -0.593573   0.0443768    0.732626   -0.149198 -0.00960109   -0.129131    -0.64483   0.0441683    0.792169   -0.161643    0.104966    0.169144    0.265784    -0.86532     0.74119   -0.395692   -0.611161     1.10384  -0.0816194  -0.0465185    -1.54928    -1.10061    0.411002   -0.467492   -0.424044    0.526448   0.0491734
   1.10202  0.0926999    1.56292  -0.207833  0.0416672    0.04515    0.14408  -0.672546 -0.0477644   0.715513 -0.0913062  0.0338798  -0.108298   -1.28869  -0.156334    1.44565  -0.197218   0.165885   0.441113   0.253143     -1.028   0.552939  -0.370453  -0.468636    1.09448  -0.134617  -0.176201    -1.5629   -1.26029   0.342107  -0.532134  -0.563027   0.568163   0.256674
     1.0947     0.17604     1.50347   -0.165309    0.195635 -0.00297692   0.0168227    -1.01968    0.008813    0.975884    -0.15183    0.155682   -0.539669    -1.53416   -0.445241     1.48335    -0.14066    0.261799    0.523599    0.605342    -1.40402    0.297774   -0.597177   -0.219917    0.935291   -0.155324    0.211807    -2.47256    -1.19193     0.46189   -0.398228  -0.0265288    0.836732    0.620845
    1.08092  0.00110714     1.58437   -0.493664    0.161473   0.0961218    0.590997    -0.69025   0.0123017    0.396126    0.106568  -0.0983036     0.39518    -1.24839  -0.0520463     1.09809   -0.036326   0.0429117     0.46982 -0.00503534    -1.69087     1.03449   -0.772168   -0.430177    0.867814     0.30763   0.0279401    -1.52628   -0.941411   0.0462953   -0.490522   -0.550762     0.39662    0.247692
    1.08126 0.000781784     1.58495   -0.496646    0.161821   0.0929942     0.59677   -0.687541   0.0166567    0.395936    0.105538  -0.0984212    0.407188     -1.2436  -0.0410069     1.09263  -0.0348069   0.0443604    0.471648 -0.00147774    -1.68921      1.0338   -0.774021   -0.429878    0.867591    0.306461   0.0296647    -1.52034   -0.942688   0.0456437   -0.493353   -0.553453     0.39596    0.245932
     1.35548  -0.00122826      1.78233 -0.000595782     0.017421    0.0301185    0.0548577    -0.117392   -0.0293313      0.18532   -0.0869682   -0.0576443   -0.0549022    -0.155794   -0.0314119     0.273305    -0.133266    0.0505724 -0.000828284   -0.0245487   0.00309155     0.537416     0.538394     -1.98381     0.118169     0.655286      0.36424   0.00824191    -0.523752    -0.547279     -1.99699    -0.108621     0.662396    -0.364016
