2
4
   0.849993    0.150011 2.72273e-05
 0.00094295 0.000520226      285.32   -0.198844     8.47093 0.000141582
0 0 1
5
   0.849991   -0.149991 2.19901e-05
-0.000944752 -0.000521198      344.978    -0.198844      8.47093  0.000141582
0 0 1
3
4
    0.84999    0.150016 3.80241e-05
   -3.0088    11.5423    222.613 -0.0690103   0.198458  -0.199643
0 0 1
5
   0.849989   -0.149986 3.36436e-05
  -62.8896    11.5422    243.312 -0.0690103   0.198458  -0.199643
0 0 1
3
      1.3 -0.299987  0.800018
 65.8983 -23.0842  164.373        0        0        0
0 0 1
4
4
  0.849984   0.150012 5.0111e-05
  -59.1745   -5.25398    188.699 -0.0059954   0.128119  0.0102288
0 0 1
5
   0.849982   -0.149987 4.94872e-05
  -56.1067     -5.254    190.497 -0.0059954   0.128119  0.0102288
0 0 1
3
      1.3 -0.299992  0.800038
47.8986 4.14326 133.754       0       0       0
0 0 1
2
 1.39999 0.300025  1.00005
67.3822 6.36476 117.349       0       0       0
0 0 1
3
4
   0.849979    0.150009 5.96872e-05
-156.855 -108.722  273.859 -1.61164  1.79228  -2.5747
0 0 1
3
  1.29999 -0.299995  0.800055
-52.4948     21.9  94.7533        0        0        0
0 0 1
2
 1.39999 0.300047  1.00009
209.349 86.8215 261.686       0       0       0
0 0 1
4
4
   0.849948    0.149999 0.000106856
  -91.1454   -3.32364     208.99 0.00122024   0.178231  0.0136844
0 0 1
3
  1.29996 -0.300017  0.800088
57.5612 1.85724 128.252       0       0       0
0 0 1
2
 1.39997 0.300056  1.00015
 85.001 2.98144 111.164       0       0       0
0 0 1
5
  0.99996 -0.149982   0.20002
  -51.4184   -1.51516    181.893 0.00122024   0.178231  0.0136844
0 0 1
3
4
   0.849939        0.15 0.000151695
  -68.7948   -33.1497    246.094 -0.0779969   0.170991  0.0084046
0 0 1
2
 1.39997 0.300066  1.00016
100.898 49.4523 140.363       0       0       0
0 0 1
5
  0.99995 -0.149974  0.200033
  -32.1039   -16.3025    243.841 -0.0779969   0.170991  0.0084046
0 0 1
4
4
   0.849922    0.149965 0.000166641
 -49.4436  -21.3812   165.395 -0.299247  0.319574 -0.458124
0 0 1
2
 1.39995 0.300082  1.00016
105.267  25.869 131.583       0       0       0
0 0 1
5
 0.999935 -0.149998  0.200056
 -119.739   -30.288   209.058 -0.299247  0.319574 -0.458124
0 0 1
3
     1.4 -0.29999 0.999995
63.9156 25.7995 124.261       0       0       0
0 0 1
3
4
   0.849896    0.149939 0.000173239
-81.2179  81.2179  141.802 -2.36838  5.06731 -4.95526
0 0 1
5
 0.999904 -0.149971  0.200073
-129.166  3.35792  225.516 -2.36838  5.06731 -4.95526
0 0 1
3
  1.39998 -0.300044  0.999999
 210.383 -84.5766  262.979        0        0        0
0 0 1
4
4
     0.8499    0.149921 0.000195775
 -62.4797  -15.8878   178.915 -0.179914  0.241512 -0.272654
0 0 1
5
 0.999908 -0.149983  0.200105
 -95.9621  -20.8205   196.639 -0.179914  0.241512 -0.272654
0 0 1
3
  1.39998 -0.300047  0.999997
56.2721 14.0018 127.031       0       0       0
0 0 1
2
 1.49999 0.300024  1.19995
 102.17 22.7064 127.712       0       0       0
0 0 1
3
4
0.849905 0.149926 0.000198
-151.509 -17.6338  288.594 0.170863 0.344185 0.365037
0 0 1
5
 0.999922 -0.149982  0.200116
 26.7376  2.96512   185.74 0.170863 0.344185 0.365037
0 0 1
2
 1.49999 0.300038  1.19996
124.771 14.6689 155.964       0       0       0
0 0 1
4
4
   0.849901    0.149934 0.000229646
 -84.5577   17.3793   208.758 0.0640372  0.114728 0.0668367
0 0 1
5
0.999908 -0.14997 0.200119
 -41.5897   14.6056   172.351 0.0640372  0.114728 0.0668367
0 0 1
2
 1.49997 0.300049  1.19995
 43.0233 -15.9916  143.804        0        0        0
0 0 1
3
     1.5 -0.29999  1.19999
 83.1236 -15.9927  105.385        0        0        0
0 0 1
3
4
     0.8499    0.149907 0.000239533
 -32.9324   66.1879   167.902 -0.796337   1.44229  -1.64131
0 0 1
5
  0.99989 -0.149975  0.200114
   -140.6  -20.8063    245.48 -0.796337   1.44229  -1.64131
0 0 1
3
  1.49999 -0.299975   1.19999
 173.533 -45.3818  216.916        0        0        0
0 0 1
4
4
    0.84988    0.149899 0.000233271
  -57.4836   -14.0185    185.642 -0.0636421   0.103442 -0.0787462
0 0 1
5
 0.999856 -0.149951  0.200127
  -60.4177   -13.1071    189.211 -0.0636421   0.103442 -0.0787462
0 0 1
3
  1.49999 -0.299989   1.19998
31.1733 11.1366 147.035       0       0       0
0 0 1
2
     1.6 0.300013  1.39999
86.7275 15.9894 108.409       0       0       0
0 0 1
3
5
 0.999849 -0.149951  0.200131
-189.876  41.8125  331.512  1.11397  1.10054  2.11303
0 0 1
3
  1.49999 -0.300003   1.19997
 178.164 -15.1642  222.706        0        0        0
0 0 1
2
     1.6 0.300023  1.39999
 11.7112 -26.6483  76.0797        0        0        0
0 0 1
4
5
 0.999846 -0.149951  0.200138
  -104.92   -16.832   206.965 -0.114734  0.191683 -0.168129
0 0 1
3
  1.49999 -0.300001   1.19998
61.4674  13.788 128.329       0       0       0
0 0 1
2
 1.59999 0.300035  1.39996
97.9799 19.9183 122.475       0       0       0
0 0 1
4
       1 0.149999 0.199999
 -54.5275  -16.8741   172.528 -0.114734  0.191683 -0.168129
0 0 1
3
5
 0.999844 -0.149951  0.200146
 -78.1798  -32.9325   269.808 -0.168015 0.0885608 -0.171145
0 0 1
2
 1.59999 0.300046  1.39994
105.049 65.9173 141.081       0       0       0
0 0 1
4
       1 0.149999 0.199997
 -26.8693  -32.9847   219.409 -0.168015 0.0885608 -0.171145
0 0 1
4
5
  0.99984 -0.149957  0.200158
  -78.6364   -10.3532    199.505  -0.044681   0.117419 -0.0548017
0 0 1
2
 1.59998 0.300066   1.3999
86.8609 10.3593  108.95       0       0       0
0 0 1
4
 1.00001 0.149984 0.199996
  -62.2218   -10.3695    186.087  -0.044681   0.117419 -0.0548017
0 0 1
3
 1.59999 -0.29999  1.40001
 53.997 10.3634 135.754       0       0       0
0 0 1
3
5
 0.999838 -0.149956  0.200167
 -108.607   8.64996   263.366 -0.178854    0.2216 -0.400656
0 0 1
4
       1 0.149962 0.199997
  11.4925   8.55328   209.699 -0.178854    0.2216 -0.400656
0 0 1
3
  1.59999 -0.299999       1.4
 97.1143 -17.2031  157.232        0        0        0
0 0 1
4
5
 0.999838 -0.149957  0.200175
 -47.9287   12.5639   178.653 0.0685655 0.0964748 0.0983987
0 0 1
4
       1 0.149979      0.2
 -77.4525   12.5922   199.198 0.0685655 0.0964748 0.0983987
0 0 1
3
  1.59999 -0.300005   1.39998
 82.5582 -10.6424  110.481        0        0        0
0 0 1
2
     1.7 0.299996  1.59999
 42.8233 -14.5137  141.964        0        0        0
0 0 1
3
4
 1.00001 0.149984 0.200003
-150.336 -105.874  262.477 -2.27495  1.86934  -4.3057
0 0 1
3
  1.59998 -0.300004       1.4
-71.9607  40.7505  89.9508        0        0        0
0 0 1
2
 1.69999 0.299996      1.6
222.296 65.1237  277.87       0       0       0
0 0 1
4
4
 1.00003  0.15002 0.200017
  -84.837   16.9427   203.622 0.0703618  0.101445 0.0923081
0 0 1
3
  1.59998 -0.300007   1.39999
 78.3986 -12.1026  111.116        0        0        0
0 0 1
2
 1.69999 0.300011  1.59999
 43.3092 -16.9422  143.181        0        0        0
0 0 1
5
  1.10002 -0.149958  0.399999
 -36.8702   12.1031   172.378 0.0703618  0.101445 0.0923081
0 0 1
3
4
 1.00004  0.15005 0.200028
-90.5939 -4.40112  254.983 0.125341 0.144859 0.267193
0 0 1
2
 1.69999 0.300023  1.59999
72.0942 7.14769 172.405       0       0       0
0 0 1
5
  1.10004 -0.149923  0.399998
 18.5001 -2.74567  202.909 0.125341 0.144859 0.267193
0 0 1
4
4
 1.00005 0.150047 0.200093
 -70.1241   9.67525   194.572 0.0315063 0.0860903 0.0372025
0 0 1
2
 1.69998 0.300074  1.59991
 44.7795 -8.38456  139.054        0        0        0
0 0 1
5
  1.10003 -0.149904  0.400047
 -41.7573    7.0955   176.518 0.0315063 0.0860903 0.0372025
0 0 1
3
  1.69999 -0.299982   1.59995
 67.1018 -8.38558  120.152        0        0        0
0 0 1
3
4
 1.00005 0.150047 0.200096
  -37.2973    20.0757    238.159  0.0152552  0.0909578 -0.0447984
0 0 1
5
  1.10003 -0.149904  0.400051
  -32.5483     12.548    224.493  0.0152552  0.0909578 -0.0447984
0 0 1
3
  1.69999 -0.299981   1.59995
 69.8456 -32.6237  167.645        0        0        0
0 0 1
4
4
 1.00005 0.150051 0.200101
 -69.5797   15.4803   195.268 0.0665567 0.0692989 0.0943982
0 0 1
5
  1.10003 -0.149905  0.400057
 -27.4171   11.6109   168.381 0.0665567 0.0692989 0.0943982
0 0 1
3
  1.69997 -0.300008   1.59993
 69.8804 -11.6098  116.827        0        0        0
0 0 1
2
 1.80001 0.299984  1.79999
 27.1162 -15.4817  149.821        0        0        0
0 0 1
3
4
 1.00004 0.150053 0.200104
 -63.3746  -2.95482   241.541 0.0907636  0.089704  0.191373
0 0 1
5
  1.10003 -0.149905  0.400062
  11.9495  -1.96971   205.355 0.0907636  0.089704  0.191373
0 0 1
2
 1.80001 0.299973  1.79999
51.4251 4.92427 183.401       0       0       0
0 0 1
4
4
 1.00005 0.150053 0.200105
  -48.5117    1.45465    182.087 0.00221427   0.056912 0.00100487
0 0 1
5
  1.10003 -0.149899  0.400064
  -36.8328    1.11243    175.734 0.00221427   0.056912 0.00100487
0 0 1
2
 1.80001 0.299975      1.8
 42.3704 -1.28348  136.902        0        0        0
0 0 1
3
1.79999    -0.3 1.80001
  42.974 -1.28352  135.574        0        0        0
0 0 1
3
5
  1.10003 -0.149903  0.400067
-149.787  75.5796   261.52  1.10349 0.813145  2.04493
0 0 1
2
1.80001 0.29997 1.79999
 -47.292 -37.7633  122.429        0        0        0
0 0 1
3
  1.79999 -0.300014       1.8
 197.079 -37.8165  246.349        0        0        0
0 0 1
4
5
  1.10004 -0.149894   0.40007
  -56.6539   0.692896    185.754 0.00310027  0.0818644 0.00422002
0 0 1
2
 1.80003 0.299961  1.79996
  56.0243 -0.692851   129.857         0         0         0
0 0 1
3
      1.8 -0.300033   1.79995
  58.5547 -0.692936   127.999         0         0         0
0 0 1
4
 1.10001 0.150027  0.40001
  -57.9241   0.692967    186.686 0.00310027  0.0818644 0.00422002
0 0 1
3
5
  1.10004 -0.149885  0.400074
  -41.1467   -16.3422    239.428 -0.0559523  0.0657941 -0.0418379
0 0 1
2
 1.80004 0.299952  1.79994
 69.752 32.6864 168.218       0       0       0
0 0 1
4
 1.10002 0.150049 0.400019
  -28.6044   -16.3441    222.651 -0.0559523  0.0657941 -0.0418379
0 0 1
4
5
  1.10004 -0.149876  0.400091
 -32.0051   6.13065   172.352 0.0222171 0.0483005 0.0280787
0 0 1
2
 1.80005 0.299954  1.79993
 22.9649 -5.31199  148.541        0        0        0
0 0 1
4
 1.10002 0.150052 0.400035
 -40.4275   6.13121   179.016 0.0222171 0.0483005 0.0280787
0 0 1
3
      1.9 -0.300008   1.99998
 49.4679 -6.94977  130.388        0        0        0
0 0 1
3
2
 1.80005 0.299955  1.79993
217.669 35.8504 272.086       0       0       0
0 0 1
4
 1.10002 0.150056 0.400038
-144.568 -89.9264  252.408 -1.50335 0.928043 -2.82664
0 0 1
3
  1.89999 -0.300012   1.99997
-73.1002  54.0759  105.804        0        0        0
0 0 1
4
2
 1.80005 0.299955  1.79993
73.1152 9.38299 116.318       0       0       0
0 0 1
4
 1.10002 0.150056 0.400038
  -43.6581   -12.5171    177.056 -0.0646012   0.072952  -0.097896
0 0 1
3
  1.89999 -0.300012   1.99997
28.9844 12.5213 147.779       0       0       0
0 0 1
5
  1.2 -0.15   0.6
  -58.4414   -9.38718    189.144 -0.0646012   0.072952  -0.097896
0 0 1
3
2
 1.80005 0.299954  1.79993
41.2931  1.4129 187.963       0       0       0
0 0 1
3
  1.89999 -0.300028   1.99997
107.344 2.25557  157.49       0       0       0
0 0 1
5
  1.20002 -0.150016  0.600007
 -148.637  -3.66902   284.844 0.0212447  0.177429 0.0509558
0 0 1
4
2
 1.80003 0.299983  1.79992
64.1714 3.46097 123.595       0       0       0
0 0 1
3
 1.89999 -0.30002  1.99996
53.6963 4.72344 132.616       0       0       0
0 0 1
5
  1.20002 -0.150014  0.600018
  -66.0872   -4.09238    191.564  -0.030148  0.0906932 -0.0476983
0 0 1
4
     1.2 0.149999 0.600013
  -51.7807    -4.0917    182.523  -0.030148  0.0906932 -0.0476983
0 0 1
3
2
 1.80003 0.299985  1.79992
  191.8 24.9114 239.751       0       0       0
0 0 1
3
  1.89999 -0.300021   1.99996
-26.4874  40.0646   101.92        0        0        0
0 0 1
4
 1.20002 0.149973  0.60002
-165.313 -64.9765  288.627 -1.22498 0.939049 -2.29984
0 0 1
4
2
1.80003 0.29997 1.79992
 58.1372 -3.92361  130.854        0        0        0
0 0 1
3
  1.89998 -0.300046   1.99992
 69.4474 -5.49194  120.497        0        0        0
0 0 1
4
 1.20002 0.149974 0.600028
    -71.9356      5.49208      194.721 -0.000450435     0.106353   -0.0165966
0 0 1
5
      1.3 -0.150001  0.800009
    -55.6492       3.9231      184.225 -0.000450435     0.106353   -0.0165966
0 0 1
3
3
  1.89997 -0.300051   1.99993
 68.9688 -58.5689  162.096        0        0        0
0 0 1
4
 1.20002 0.149938  0.60005
  -92.0607    36.0434    273.026   0.263159 -0.0106637   0.391106
0 0 1
5
  1.29999 -0.150008  0.800016
   23.0917     22.525    195.176   0.263159 -0.0106637   0.391106
0 0 1
4
3
  1.89997 -0.300049   1.99994
 59.4288 0.143285  127.926        0        0        0
0 0 1
4
 1.20003 0.149946 0.600056
   -71.2717    -0.16507     193.177 -0.00709426   0.0978055   -0.013748
0 0 1
5
  1.30001 -0.149969  0.800029
   -55.8399   -0.120955     185.527 -0.00709426   0.0978055   -0.013748
0 0 1
2
     1.9 0.300004        2
 67.6831 0.143404  123.668        0        0        0
0 0 1
3
3
  1.89997 -0.300048   1.99994
 215.933 -59.3607  269.917        0        0        0
0 0 1
5
  1.30003 -0.149939   0.80004
-182.41 92.8841 318.478  4.2407 3.53233 8.22784
0 0 1
2
 1.89999 0.300008  2.00001
-33.5229 -33.5229  41.9037        0        0        0
0 0 1
4
2
1.89999 0.30002       2
  44.226 0.196153  135.362        0        0        0
0 0 1
3
      1.9 -0.299995   1.99998
 43.6041 0.196132  135.868        0        0        0
0 0 1
4
 1.29998 0.150011 0.800028
    -43.7617    -0.196409      179.407 -0.000844461     0.073212  -0.00103444
0 0 1
5
  1.29998 -0.150006  0.800067
    -44.0691    -0.196376       179.66 -0.000844461     0.073212  -0.00103444
0 0 1
