    0.392671   -0.0191674      0.95783   -0.0105976   -0.0353956    0.0267116    0.0788019    -0.458175   -0.0334518     0.741072     -0.24991   -0.0829859   -0.0311674    -0.446869   -0.0289934     0.740588     -0.25764    0.0292569   0.00010873  -0.00163887     0.956914   0.00772743   0.00150577     -1.91999 -0.000490356    -0.524224  -0.00193652     0.960553  -0.00986163  6.40194e-05     -1.91815  0.000557603    -0.523711  0.000680927
   0.239058  -0.0465992    0.759669   -0.450072    0.711441    0.323044  -0.0105126    -1.88553   -0.558505     1.02644   0.0585074   -0.261799   -0.570158    -1.68507    -1.02759     0.86842 -0.00291335   -0.164585   -0.254812   -0.114252      1.0427 0.000342238    0.832584    -1.49842    0.886674   -0.262176    0.506968     1.49644   -0.436044   -0.949589    -1.12824   -0.979373    0.275496    -1.62986
    0.788436    -0.147111     0.880471   -0.0772379      0.11319     0.112353     0.335892   -0.0256059   -0.0686433      0.55561    -0.673964    -0.261799     0.225412     0.145492   -0.0870034     0.325393    -0.605789    -0.136135    -0.517608     0.267963      1.50844     0.290902      1.34572    -0.351646     0.734479     -1.11065      1.20604      1.50059 -2.77556e-17      0.35606     -0.66257     -1.69945    -0.768987     -1.12135
    0.752973    -0.153655     0.896869   -0.0963804     0.171336    0.0637798     0.352738    -0.104306 -0.000200055     0.525293    -0.603749    -0.261799     0.234626    0.0474929   -0.0221905     0.290107    -0.519043    -0.140678    -0.510166     0.289814       1.4441     0.251961      1.32085    -0.469708     0.818884     -1.06718      1.12307      1.46878 -1.58008e-06     0.311229    -0.759013     -1.76334    -0.779938     -1.03506
   0.708786 -0.00685839    0.928192 -0.00977541     0.31292     0.54815     0.70749   -0.406326     1.56982   0.0689527   -0.815691   -0.261799  -0.0514769  -0.0348852    -0.55669    0.209806   -0.466019   0.0363621   -0.362608  -0.0967676     1.05318    0.212656     1.08628   -0.586761    0.719261    -1.10372    0.784589     1.60055           0    0.224692   -0.745857    -1.95946   -0.789878   -0.940422
    0.70879 -0.00685188    0.928195 -0.00974937     0.31295    0.548142    0.707446   -0.406328     1.56981   0.0689576   -0.815705   -0.261799  -0.0515179   -0.034885   -0.556695    0.209802   -0.466013   0.0363692   -0.362599  -0.0968112     1.05315     0.21259     1.08625   -0.586751    0.719298     -1.1036    0.784681     1.60058           0    0.224635   -0.745855    -1.95931   -0.789978   -0.940475
    0.566545   -0.0121918     0.964154   -0.0123451     0.350322     0.335958      0.67079    -0.453755       1.5708            0    -0.845571   -0.0390844      -0.1142    -0.307305    -0.354364     0.206859    -0.229972    0.0151244    -0.523599    -0.631295      1.11993 -9.99201e-16      1.19588        0.298     0.993097     -1.46118      1.23558        1.606    -0.676581      -1.2767    -0.935971     -1.52688     0.459269    -0.425345
    0.566555   -0.0121852     0.964151   -0.0123582     0.350354     0.335992     0.670787    -0.453798       1.5708 -3.29597e-17    -0.845573   -0.0390887    -0.114207    -0.307317    -0.354398      0.20685    -0.229983    0.0151305    -0.523599    -0.631314      1.11992            0      1.19586        0.298     0.993102     -1.46118      1.23565        1.606    -0.676554     -1.27661    -0.935944     -1.52683     0.459139    -0.425407
   0.497013  -0.0519567    0.969355  -0.0451056     0.20146     0.18884    0.796484   -0.288932      1.5708   0.0161374   -0.818524   0.0201103   0.0107601   -0.313337   -0.183998    0.275771   -0.171263  -0.0233038   -0.184779 -0.00306554       1.603           0        2.55    -1.97152     1.12421     1.06733    0.702878       1.606           0    -2.21141     -1.4391       -1.06     1.07995   -0.431362
  0.320524  -0.132385   0.908681  -0.394839       0.11 -0.0395231    1.39908  -0.158303     1.5708   0.120861  -0.698763   0.211925   0.523599  -0.267021  0.0904607          0   0.190345  -0.106084    0.05928  -0.930136  -0.519839      3.517    0.17808      0.298   0.245696   0.487107  -0.526488   -2.11515  -0.708439       2.55 -0.0547587    1.37453     -1.026    2.41502
   0.315363 -0.00461409      1.0204   -0.286819   -0.408849   -0.484563    0.897427    0.641802     1.55029           0   -0.872665  -0.0309503   -0.447465  0.00872363   -0.767612           0   -0.872665   -0.261799    0.493796    0.315393     1.34933     1.36016    0.819778    -1.42956    0.338358       1.478     1.42491     1.12632    -2.57808    0.223055   -0.284025    -1.45412     1.27176   -0.862961
    0.305116   0.00132062      1.01276    -0.399403    -0.489147    -0.570251      1.01088     0.756877      1.46733 -1.36609e-17    -0.872665   -0.0549897    -0.404774      0.10321     -0.68436            0    -0.872665    -0.261799     0.456066     0.830066     -1.14401      0.52364     0.591383    -0.299226     -1.75669      1.09551     0.890465     -0.30969     -1.61364      1.40788     0.204252     -1.16111     0.947194    -0.655518
    0.31676   0.0052737     1.02108    0.275557   -0.398448    0.476337    0.451829 -0.00224013    0.777137           0   -0.872665    0.261799   -0.886739    0.628499    -1.55895           0   -0.872665   0.0284465   -0.245088   -0.459981   -0.026751     1.46181    0.651841   -0.938342   -0.440012     1.43711    0.608684     1.31983    -2.51539       -2.55       0.292    -2.07792    -1.05425     2.10932
