    0.392671   -0.0191674      0.95783   -0.0105976   -0.0353956    0.0267116    0.0788019    -0.458175   -0.0334518     0.741072     -0.24991   -0.0829859   -0.0311674    -0.446869   -0.0289934     0.740588     -0.25764    0.0292569   0.00010873  -0.00163887     0.956914   0.00772743   0.00150577     -1.91999 -0.000490356    -0.524224  -0.00193652     0.960553  -0.00986163  6.40194e-05     -1.91815  0.000557603    -0.523711  0.000680927
   0.408469   -0.100665    0.917486  -0.0377814    0.468557    0.119465    0.181479   -0.882695  -0.0251823    0.418354  -0.0177068   -0.187717   0.0110452    -1.00826   -0.118037     0.69897   -0.166223  -0.0864264    0.409231   -0.189545    0.900353    0.267981     1.34779   -0.631743     1.13193  -0.0901213    0.496707    0.960449 -0.00942875 5.33428e-05    -1.91844  0.00046461   -0.523692 0.000567368
   0.343496  -0.0668854    0.952244   0.0415333    0.191136   -0.127467    0.164342   -0.579588     0.16842    0.432795  -0.0282147   -0.113574   0.0549334   -0.667866    0.152525    0.495327  -0.0178189 -0.00106808    0.297944   -0.575983     1.05805    0.137968     1.31731   -0.222945     1.34665   -0.179532    0.312894   -0.426261 7.28584e-17   -0.172171    -2.40671     1.44208     1.11769   -0.481155
   0.333481  -0.0658845    0.957259   0.0265741    0.138143   -0.106428    0.157331   -0.512461    0.135848    0.395333 -0.00688363   -0.117201   0.0492105   -0.596233    0.124978    0.464724 -0.00519035 -0.00525594    0.343256   -0.520386    0.951128    0.252608     1.36394   -0.190417     1.50368   -0.200927 -0.00275153   -0.431678           0   -0.187678    -2.38416     1.52308     1.09886    -0.45851
  0.350695 -0.0277137   0.981605   0.104113  0.0345632   0.180533   0.587195  -0.307288    1.24339          0  -0.827247   0.261799  -0.200201   -0.42352   -0.20144   0.550007  -0.132229  0.0104548    0.31471  -0.842152   0.901557     0.1962    1.25104  -0.178379    1.45083   -0.24215   0.153361  -0.428432  -0.029515  -0.238585   -2.41666    1.45108    1.04259  -0.419518
  0.350695 -0.0277124   0.981606   0.104112  0.0345626   0.180535   0.587194   -0.30729    1.24339          0   -0.82725   0.261799  -0.200204  -0.423517  -0.201443   0.550001  -0.132229  0.0104521   0.314723  -0.842164   0.901559   0.196207    1.25103   -0.17835     1.4508  -0.242053   0.153416  -0.428442 -0.0295102  -0.238566   -2.41666     1.4511    1.04258  -0.419518
  0.393808 -0.0328822   0.950788    21.5215   -9.07052    40.0837    1.30211    1.01274     1.5708   0.166253  -0.849648  -0.261799   0.333109   0.246041   0.558505   0.585392  -0.221215  0.0297948   0.523599  0.0724193   -1.41219     1.8115       2.55   0.231246       2.55    1.10878    0.49731      1.606   -2.77859  0.0159607   -1.40708    2.00781   -1.31866   0.792756
   0.310013   0.0238892    0.909315    0.292145   -0.340474     1.70292   0.0151484   -0.680784   -0.421718           0   -0.585277     0.20566     0.11555    0.506653     -1.5708    0.576805   -0.317798    0.244562    0.131644    -1.73806       1.603     1.83264     -2.3708   -0.446481    -1.33261    0.844836    0.235407   -0.818761 1.04083e-17    -1.41669      -2.488    0.788095    0.465017     0.52221
  0.689847  0.0767706   0.865186   -18.9115   0.142643   -11.0332   0.318327   -1.07591   0.529102   0.170724  -0.676024  -0.205423  0.0433501   0.198037    -1.5708   0.558384  -0.748098   0.261799   -0.37297    -1.6531  -0.816701    3.09335  -0.197804  -0.919219   0.898245      1.478 -0.0566907  -0.350902   -2.57722   0.356863      0.292     1.5992  -0.965296      -2.55
  0.464785  0.0173906   0.873659   -21.7841   -3.10142   -45.4277  -0.132869   -0.87422  -0.220394   0.138494    -0.6207  0.0156879  -0.204479   0.479318    -1.5708   0.989332  -0.714697   0.261799 -0.0883247   -1.33915 -0.0760659     2.5426   -1.19556  -0.727501   -1.03104  -0.668786      -2.55   -2.70242  -0.444063 -0.0228783   -1.01958   -1.03335  -0.929327      -2.55
    0.31676   0.0052737     1.02108    0.275557   -0.398448    0.476337    0.451829 -0.00224013    0.777137           0   -0.872665    0.261799   -0.886739    0.628499    -1.55895           0   -0.872665   0.0284465   -0.245088   -0.459981   -0.026751     1.46181    0.651841   -0.938342   -0.440012     1.43711    0.608684     1.31983    -2.51539       -2.55       0.292    -2.07792    -1.05425     2.10932
