    0.392671   -0.0191674      0.95783   -0.0105976   -0.0353956    0.0267116    0.0788019    -0.458175   -0.0334518     0.741072     -0.24991   -0.0829859   -0.0311674    -0.446869   -0.0289934     0.740588     -0.25764    0.0292569   0.00010873  -0.00163887     0.956914   0.00772743   0.00150577     -1.91999 -0.000490356    -0.524224  -0.00193652     0.960553  -0.00986163  6.40194e-05     -1.91815  0.000557603    -0.523711  0.000680927
   0.433685  -0.0686725    0.930916  -0.0461392    0.440035    0.123199    0.139055   -0.812755  -0.0546735     0.41429  -0.0552159   -0.151489  -0.0180839   -0.893799   -0.132456     0.62693   -0.177647  -0.0479065    0.468878   -0.176217     0.83498    0.186928     1.31958   -0.674877     1.12132   -0.119906    0.447798    0.960449 -0.00942875 5.33428e-05    -1.91844  0.00046461   -0.523692 0.000567368
  0.386033  0.0533526   0.979373  0.0155801  -0.122279  -0.146578 -0.0086016  -0.164639   0.152584   0.444692  -0.160846  0.0181653   -0.11206  -0.216104   0.166716   0.432464   -0.11397   0.131728   0.493038  -0.158849   0.787209  0.0310868   0.892794     -1.263    2.54511  -0.857524    -1.3631  -0.536671 -0.0602182   -1.06973    -2.4572   0.918713   0.536373    0.20625
  0.493078  0.0670703   0.979031  0.0212954 -0.0212295 -0.0666033 -0.0452284 -0.0675624  0.0676365   0.289225  -0.203578  0.0285142  -0.154331 -0.0746992  0.0692261   0.255143  -0.169829   0.137939   0.284987 -0.0874621    1.39498          0   0.551784   -1.94314       2.55   -1.12085  -0.994924 0.00287641  -0.118444   -1.87974     -2.488  0.0686268   0.724434  0.0389744
    0.345572    -0.021967     0.985888     0.188941    -0.205757     0.478437     0.502948    -0.253722       0.8562   0.00823346    -0.803935     0.261799    -0.244056   -0.0169546    -0.422268     0.573252    -0.245561     0.031168     0.158386    -0.668054      0.79225     0.303695     0.937161     -1.16508         2.55    -0.860327     -1.36836    0.0687726 -2.77556e-17    -0.824777     -2.41651      1.40042      1.01146    -0.684482
     0.34623   -0.0195196     0.989345     0.178543    -0.206165     0.474752     0.513041     -0.25669     0.859793     0.016035    -0.811806     0.261799    -0.221215    0.0177578    -0.420558     0.498994    -0.212722    0.0349866     0.167695    -0.678907     0.808415     0.286348     0.933308     -1.17902         2.55    -0.866005     -1.35089    0.0659708 -1.38778e-17    -0.824601     -2.40166      1.39989        1.001    -0.701491
  0.323116  -0.121744   0.929151    2.69692   -2.79532     3.0837    1.34397  0.0252347    1.16505 0.00543417  -0.649327   0.132456   0.523599  0.0507554  -0.127793   0.318484 -0.0419044  -0.103609   0.374314   0.498104      1.603    2.94085  -0.619704  -0.767635   -1.34554  -0.734984   -1.08279   -2.70285  -0.723315   -1.05338   -1.51264   0.961052  -0.449292    1.96161
  0.343642 -0.0889442   0.958858    5.94865  -0.242543    5.81141    1.18058   0.558749    1.54492   0.110049  -0.792224 -0.0450739   0.337716   0.139464   0.354987   0.243978 0.00760996 -0.0411972   0.523599   0.790121  -0.431629   0.642959    0.50769  -0.423913    1.74958  -0.856513   -1.62084   -2.30928  -0.512795   -1.35028   -1.49281   0.807196  -0.591353    2.06125
  0.362121 -0.0301437   0.970917  -0.740074 -0.0382952   -0.73744    1.65806   0.853154     1.5708   0.100007  -0.781071  -0.154097   0.130019 -0.0561182  -0.633314          0  -0.872665  -0.261799   0.523599   0.708721   0.136791   0.569112   0.723015   -2.26595   -1.12328      1.478   0.342963   -0.87506   -1.68243   0.708668   0.291627  -0.522039   0.603956  -0.514918
     0.36212   -0.0301433     0.970916    -0.740081    -0.038297    -0.737441      1.65806     0.853153       1.5708    0.0999917    -0.781063    -0.154098     0.130023   -0.0561125    -0.633315 -7.31836e-19    -0.872665    -0.261799     0.523599     0.708797     0.136686     0.569149     0.722875     -2.26589     -1.12333        1.478     0.342971    -0.874285     -1.68245      0.70862     0.291741    -0.522944     0.603886    -0.514694
    0.31676   0.0052737     1.02108    0.275557   -0.398448    0.476337    0.451829 -0.00224013    0.777137           0   -0.872665    0.261799   -0.886739    0.628499    -1.55895           0   -0.872665   0.0284465   -0.245088   -0.459981   -0.026751     1.46181    0.651841   -0.938342   -0.440012     1.43711    0.608684     1.31983    -2.51539       -2.55       0.292    -2.07792    -1.05425     2.10932
