    0.392671   -0.0191674      0.95783   -0.0105976   -0.0353956    0.0267116    0.0788019    -0.458175   -0.0334518     0.741072     -0.24991   -0.0829859   -0.0311674    -0.446869   -0.0289934     0.740588     -0.25764    0.0292569   0.00010873  -0.00163887     0.956914   0.00772743   0.00150577     -1.91999 -0.000490356    -0.524224  -0.00193652     0.960553  -0.00986163  6.40194e-05     -1.91815  0.000557603    -0.523711  0.000680927
   0.439361  -0.0770583    0.922764  -0.0404461    0.483712     0.12759    0.141233   -0.864938   -0.049485     0.42827  -0.0607463   -0.161769  -0.0278848   -0.968062    -0.14214    0.679491   -0.199694  -0.0602688    0.436444   -0.130479    0.855389    0.195718     1.31336   -0.728021       1.123   -0.108382    0.482108    0.960449 -0.00942875 5.33428e-05    -1.91844  0.00046461   -0.523692 0.000567368
   0.118455   -0.128226    0.865849  -0.0513232    0.219184 -0.00149729    0.335355   -0.855473   0.0913492    0.250896    0.395679    -0.22118    0.192392   -0.890114   0.0549051    0.298799    0.375568    -0.10202    0.182524    0.182369 -0.00692936     1.06977     1.00891    -1.02465        2.55    -1.00169    -1.93565   -0.903743   -0.101225    -1.30213    -2.41193     1.42776    0.619627   -0.282559
   0.469835   0.0394542    0.973946   0.0347982    0.138896   -0.108979 -0.00787109   -0.268652    0.107567     0.25624   -0.128866  0.00189528   -0.118217   -0.304496   0.0916829    0.245861  -0.0933661     0.11182    0.216251   -0.152863       1.603 1.73472e-18     0.46215    -1.88037        2.55    -1.07742   -0.593395  -0.0190469 4.16334e-16    -1.67895      -2.488    0.240042    0.673962   -0.247131
   0.237226   0.0389863    0.949502 -0.00945849   0.0373611   0.0663388 -0.00726955   -0.497752  -0.0744369     0.28253     0.17717  -0.0188262   -0.120292   -0.473559  -0.0779977    0.288318    0.154873   0.0939424    0.496369    -0.13474       1.603     1.52997    -1.30581   -0.020245    0.835003   -0.737582       -2.55   -0.698971   -0.225002    -1.03496    -2.41028     1.17276    0.616865 -0.00741026
   0.23648  0.0406774   0.949754 -0.0160897  0.0320293  0.0869628 -0.0102123  -0.494233 -0.0975947   0.280533   0.180552 -0.0199954   -0.12229  -0.463149 -0.0998699   0.288999   0.150964  0.0933372   0.506638  -0.152305      1.603    1.52683   -1.28936  -0.014587   0.825334  -0.739627      -2.55  -0.706696  -0.233849   -1.03495   -2.41835    1.15575   0.619672  0.0141717
  0.289584  -0.103186   0.969328 -0.0315863  -0.128532  -0.144262   0.220425  -0.167741   0.117315    0.29839  0.0251291  -0.169511   0.117974  -0.226675   0.135913   0.305331  0.0639554 -0.0556755  0.0774979   0.140753   0.517285    2.11378 -0.0504689      0.298    1.42844   0.797656   0.338667   -1.63036  -0.676616  -0.523384   -1.55585    1.61039    1.12369   0.245766
  0.690047 -0.0840117   0.932708  -0.181237  0.0607017  -0.418359    0.26196    0.30655   0.431903   0.299615  -0.532686   -0.18477   0.170827   0.130685   0.424978   0.300697  -0.410667 -0.0285868   0.523599    1.03637   0.525173    1.98153   0.453063   0.105633    1.72183   0.683974  -0.241258  -0.128861   -3.05521   -1.71348  -0.930896    1.05603      1.508     1.0157
   0.55219 -0.0600353     0.9817  -0.174495   0.235958  -0.785849   0.319473   0.144246   0.818854   0.239124  -0.343923  -0.154551  -0.251996  -0.540452  -0.903121          0  -0.855054 -0.0189539   0.523599   0.263041      1.603   0.789459   -2.45757  -0.839789  -0.373513     1.0041   -0.72116  -0.490576    -3.0055   0.107662   -1.66809    1.88917     -1.453    2.07223
   0.553041  -0.0584119    0.982458    -0.18386    0.232726   -0.772116    0.324947    0.147232    0.804914    0.240515   -0.344741   -0.152851   -0.252801   -0.525463   -0.916582 1.73472e-18    -0.85752  -0.0147894    0.523599    0.237855       1.603    0.763222    -2.48584   -0.839616   -0.347615     1.01272   -0.711898   -0.490383    -2.98387     0.10007    -1.66962     1.90231    -1.45524     2.06849
    0.31676   0.0052737     1.02108    0.275557   -0.398448    0.476337    0.451829 -0.00224013    0.777137           0   -0.872665    0.261799   -0.886739    0.628499    -1.55895           0   -0.872665   0.0284465   -0.245088   -0.459981   -0.026751     1.46181    0.651841   -0.938342   -0.440012     1.43711    0.608684     1.31983    -2.51539       -2.55       0.292    -2.07792    -1.05425     2.10932
