    0.392671   -0.0191674      0.95783   -0.0105976   -0.0353956    0.0267116    0.0788019    -0.458175   -0.0334518     0.741072     -0.24991   -0.0829859   -0.0311674    -0.446869   -0.0289934     0.740588     -0.25764    0.0292569   0.00010873  -0.00163887     0.956914   0.00772743   0.00150577     -1.91999 -0.000490356    -0.524224  -0.00193652     0.960553  -0.00986163  6.40194e-05     -1.91815  0.000557603    -0.523711  0.000680927
    0.423713     0.228876     0.885593    -0.166918     0.581874     0.295706    -0.464402     -1.02353    -0.558505     0.627323    -0.122598     0.137322    -0.510424    -0.852521    -0.542637     0.510813    -0.137688     0.261799    0.0536366    -0.136308     0.957473   0.00764193   0.00122675     -1.91997 -0.000399492    -0.524108  -0.00157768      1.42011    -0.376349     -1.40837    -0.764396     -1.19208    0.0360147    -0.873468
   0.551174  -0.0460188    0.959154   0.0138149   -0.110746    0.429553   0.0604664   -0.196825   -0.449913    0.666098   -0.402637   -0.154422   0.0270836   0.0822941   -0.429989    0.449088   -0.424304 -0.00404268   -0.523599   -0.128778    -0.66693     0.59573    0.535449    -2.43088    -1.04089     1.27953   -0.449621     1.20683           0   -0.749917    -1.58536    0.363383    0.923868     -1.6993
    0.335204    0.0247935     0.953786    -0.104227     0.152816     0.251312 -0.000472341     -0.67446    -0.283952     0.499145   0.00045018    -0.073209   -0.0954518    -0.546152    -0.284996     0.448326   -0.0500054    0.0497456    -0.112256     0.126756    -0.601511     0.466493     0.520235     -2.20701     -1.17911      1.35056     0.325503      1.01531            0     -1.47777     -1.78493     0.234431      1.02185     -1.42121
  0.554448 -0.0965719    0.93536    87.4255 -0.0837655    87.2764   0.667375   0.479316   0.462128   0.690134  -0.639065  -0.261799   0.461507   0.382766   0.558505   0.317093  -0.273459 -0.0513199   0.523599    1.74148      1.603    3.36802    1.87491      0.298  -0.374852   0.665267    1.42337  -0.994991   -3.17637    1.56011      0.292    1.65872  -0.635426      -2.55
  0.434388 -0.0792287   0.937786    90.4142   -2.91389    90.2545   0.743142   0.639388   0.401979   0.681838  -0.532737  -0.261799   0.523599   0.514247   0.558505   0.324237   -0.14954 -0.0380733   0.523599   0.655844    -2.9633    2.56243      -2.55    -1.6621    2.25827     -1.562      -2.55      1.606   -2.37362    1.57033  -0.649477       2.55   0.751991  -0.413894
   0.386256   0.0179574    0.982978   0.0126616   -0.104874     0.27826 -0.00992056   -0.196202   -0.288593    0.364783  -0.0686368  -0.0588569   -0.101431  -0.0825962   -0.270497    0.354037   -0.142066   0.0635533   -0.124065    0.137527    -1.63586    0.802763   0.0678858    -1.38067    -1.06251       1.478  -0.0900776       1.606   -0.500636    -2.23359    -1.45913   -0.368202     1.39397   -0.558027
  0.330008  -0.125114   0.968042 -0.0550056  -0.123234  0.0622269   0.242535  -0.260509 -0.0959908   0.399344 -0.0351713  -0.213185   0.135477  -0.235886  -0.082935   0.403433 -0.0544691  -0.100486  -0.344908  -0.194175  0.0234849    2.43518   0.937051  -0.819936  -0.265358      1.478   0.222308      1.606   -1.30296   -1.73267   -1.41362  -0.568565      1.508     -1.147
  0.557845  0.0745919   0.970183   -9.40784   -3.05511   -9.51956 -0.0637312   0.101989  0.0996693   0.287857  -0.308947  0.0366029  -0.917856   0.134171    -1.5708   0.190185  -0.872665   0.200934  -0.231876  -0.703925  -0.319597    2.79269     1.6228    -1.4086   -1.02182     1.4464   -1.19252    1.09657   -2.25017    1.65078      0.292  -0.718371  -0.821114       2.55
  0.417049  0.0493678   0.926375   -5.56584  -0.130248   -5.51851  -0.523599   0.528241  -0.558505          0  0.0330718 0.00475296   -1.65806   0.961528    -1.5425  0.0195378  -0.695536   0.261799   -0.49401  -0.543049   -2.18967    1.48032       2.55  -0.154265    2.12809   0.905314   0.616789   0.896336   -2.80944       2.55  -0.106447       2.55    1.27909   -0.38791
    0.31676   0.0052737     1.02108    0.275557   -0.398448    0.476337    0.451829 -0.00224013    0.777137           0   -0.872665    0.261799   -0.886739    0.628499    -1.55895           0   -0.872665   0.0284465   -0.245088   -0.459981   -0.026751     1.46181    0.651841   -0.938342   -0.440012     1.43711    0.608684     1.31983    -2.51539       -2.55       0.292    -2.07792    -1.05425     2.10932
