    0.392671   -0.0191674      0.95783   -0.0105976   -0.0353956    0.0267116    0.0788019    -0.458175   -0.0334518     0.741072     -0.24991   -0.0829859   -0.0311674    -0.446869   -0.0289934     0.740588     -0.25764    0.0292569   0.00010873  -0.00163887     0.956914   0.00772743   0.00150577     -1.91999 -0.000490356    -0.524224  -0.00193652     0.960553  -0.00986163  6.40194e-05     -1.91815  0.000557603    -0.523711  0.000680927
   0.424529  -0.0966094    0.921768  -0.0387319    0.460944    0.120699    0.174804   -0.851891  -0.0311289    0.417608  -0.0404531   -0.182845  0.00959124   -0.968854    -0.11848    0.685905   -0.184778  -0.0809158    0.409335    -0.17129    0.885953     0.24519     1.34141   -0.662058     1.12421   -0.102421    0.481128    0.960449 -0.00942875 5.33428e-05    -1.91844  0.00046461   -0.523692 0.000567368
  0.192381 -0.0684352   0.951558 -0.0157992  -0.301997 -0.0993495   0.154695  -0.207872  0.0549617   0.463575  0.0576073  -0.134191  0.0576791  -0.275652  0.0926456   0.517401  0.0644486 -0.0180509   0.182165   -0.24313    0.23145   0.806405    1.59443  -0.228871      1.457  -0.727907   -1.29355  -0.694957          0   -1.00912   -1.24952  -0.900528  -0.925367    1.89805
    0.192381   -0.0684413     0.951559   -0.0158126    -0.302063    -0.099269      0.15469    -0.207826    0.0548599     0.463598    0.0576012    -0.134219    0.0576713    -0.275586    0.0925466     0.517444    0.0644102   -0.0180823      0.18204    -0.242978     0.231009     0.806308      1.59447    -0.229557      1.45705    -0.728503     -1.29434    -0.694943 -3.46945e-18     -1.00969     -1.24959    -0.900217    -0.925173      1.89782
    0.145469   0.00875259     0.887443      18.4732    0.0665766     -30.9089     0.198685     -0.76785    -0.558505 -1.44329e-15     0.512295    -0.181509    0.0315569    -0.678812    -0.583648     0.269253     0.236025  -0.00587024     0.523599    -0.393265    -0.414751      2.44984     0.471992    -0.207368     0.335627      1.09074     0.470596     -1.24333    -0.480178     -1.47912      -2.3126        -2.55    -0.587996        -2.55
  0.388924 -0.0416223   0.905776    5.75358   0.292791   -18.1008   0.349085  -0.903121  -0.558505          0   0.247345  -0.261799  0.0988095  -0.830215  -0.702466   0.422115   -0.13777 -0.0821128   0.523599   0.342368  0.0883099    2.86581   -2.12538   -1.15553     1.6668  -0.839941    2.43359   -1.08998      -3.43   -2.51963     -1.569      -2.55   -1.29941    -1.1543
  0.272635   0.126781   0.916068   -9.02722   -3.13274    -8.9161  -0.523599 0.00228383  -0.445618          0   0.251859  0.0714676   -1.45887   0.422668    -1.5708   0.299638   -0.79691 -0.0957568   0.179467  -0.118681    1.35209    2.14894    -1.2637 -0.0794434   0.636908  -0.865343   -2.49351   -2.52085   -2.34418   0.820573     -2.488   0.420004      1.508   0.293532
   0.487491 0.000585708    0.966907  0.00620852  -0.0348619   -0.760935   0.0299925     0.03943    0.758733    0.362523   -0.335568  -0.0551554   -0.621579   -0.574558   -0.873404           0   -0.753974   -0.110293    0.520597   0.0986164       1.603    0.720909    0.732364   0.0763632      1.9772    0.564741   -0.104018    -0.23918   -0.457677   -0.284881    -2.28428     1.11447     1.26988   -0.209365
   0.318756 -0.00619102     1.02195    -0.26056   -0.383756   -0.465492    0.872723    0.610113      1.5708  1.0842e-19   -0.872665  -0.0252055   -0.457639  -0.0173858   -0.790269           0   -0.872665   -0.261799    0.451921   -0.385257     1.28432     1.13907    0.147959    0.119936     1.49371    0.689101    0.639063    -0.52834    -0.29539   -0.171861   -0.870657     1.63993     1.14788    -1.23448
    0.318756  -0.00619128      1.02195     -37.9597    -0.383753     -38.1646      0.87272     0.610107       1.5708 -3.83981e-13    -0.872665   -0.0252029     -0.45764   -0.0173882    -0.790273 -5.29909e-13    -0.872665    -0.261799      0.46203     -0.15665     -2.03396      2.04162    -0.347925     0.268048       1.4703    -0.798122       -1.997        1.606     -2.79932   -0.0754026     -1.27677     -1.05522        1.508     -2.32418
    0.31676   0.0052737     1.02108    0.275557   -0.398448    0.476337    0.451829 -0.00224013    0.777137           0   -0.872665    0.261799   -0.886739    0.628499    -1.55895           0   -0.872665   0.0284465   -0.245088   -0.459981   -0.026751     1.46181    0.651841   -0.938342   -0.440012     1.43711    0.608684     1.31983    -2.51539       -2.55       0.292    -2.07792    -1.05425     2.10932
