    0.392671   -0.0191674      0.95783   -0.0105976   -0.0353956    0.0267116    0.0788019    -0.458175   -0.0334518     0.741072     -0.24991   -0.0829859   -0.0311674    -0.446869   -0.0289934     0.740588     -0.25764    0.0292569   0.00010873  -0.00163887     0.956914   0.00772743   0.00150577     -1.91999 -0.000490356    -0.524224  -0.00193652     0.960553  -0.00986163  6.40194e-05     -1.91815  0.000557603    -0.523711  0.000680927
    0.476869    -0.198588     0.927315    0.0447551     0.361238    -0.164271     0.351096    -0.531294     0.275658     0.399914    -0.171107    -0.261799     0.273396      -0.7182     0.265626     0.611147    -0.219036    -0.145647     0.101968 -0.000234272      1.13078     0.295019      1.42056    -0.645777      1.11431    -0.125179     0.475047     0.960449  -0.00942875  5.33428e-05     -1.91844   0.00046461    -0.523692  0.000567368
  0.425393  -0.181438    0.95994 -0.0590862  0.0105837  -0.137964    0.34996  -0.191553   0.136605   0.396838  -0.169777  -0.261799    0.24698  -0.274121    0.14236   0.446021  -0.151141  -0.147303  -0.316266  -0.167592      1.224          0    2.20343   -2.13428  0.0842222    1.02333   0.876444   0.359143          0   -1.03694     -2.488   0.491383     1.4049  -0.755452
   0.421774   -0.181507    0.959876  -0.0574078   0.0055165   -0.139534    0.348016   -0.190048    0.136514     0.39698   -0.166355   -0.261799    0.245989     -0.2785    0.143065    0.455662    -0.15129   -0.147259   -0.310046   -0.176617     1.21847           0     2.18972    -2.11916   0.0667996     1.01649    0.877703    0.299841 1.05471e-15    -1.03215      -2.488    0.524721     1.40418   -0.703946
   0.31319 -0.0315139   0.973385 0.00831068 -0.0700692  -0.172925    0.11626  -0.264993   0.173702    0.38195 -0.0311076 -0.0778917  0.0139559  -0.327163   0.185772   0.371125  0.0233839  0.0372685   0.320161 -0.0928118    1.50657   0.939484    1.76538  -0.733354   0.471426   0.931803   0.755492  -0.817417   -0.13519   -0.62711   -2.29813    1.43181   0.933732   0.104807
   0.452401  -0.0466676    0.942093     5.66564   -0.383603     5.43151    0.436459    0.823043    0.493937     0.42895   -0.445647   -0.217251    0.371909    0.489712    0.558505    0.534015   -0.287408 -0.00480465    0.523599    0.108942       1.603     1.52436     2.05797   -0.756728   -0.286494     1.39056    0.372905   -0.490756   -0.215439   -0.879116    -1.35773     1.44567    0.932109   -0.395608
 0.420318 0.0593783  0.927977  -21.2742  -2.69901  -21.2964 -0.523599  0.556972 -0.296774  0.406369 -0.211743 0.0270459  -1.65806  0.881363  -1.23995         0 -0.730264  0.261799 -0.523599 -0.808855    1.5184   1.41068   1.36048 -0.336564  0.356693   1.08314  0.648473   1.26527  -2.52076 -0.482767  -1.10534 -0.694343     1.508  -1.45081
 0.720489 0.0473076   0.85727   3.13344  -2.91611   2.09621 -0.516712  0.353595    1.1458  0.226255 -0.613597 -0.064462 -0.976268 -0.586423 -0.962813 0.0137078 -0.559932  0.244632  0.508537  0.802036     1.603   1.80165     -2.55 -0.941635  -1.10964   1.14129 -0.581184 0.0681382  -3.41573   1.22472  -2.11552 -0.935887  0.738402  -1.71225
   0.322284  0.00572249     1.01182    0.407733   -0.385874    0.584301    0.340797   0.0226424    0.704634 1.38778e-17   -0.872665    0.261799    -1.03423    0.736205     -1.5666           0   -0.850931   0.0771915   -0.523599    -0.59457    0.063527     1.94685   -0.303027   -0.809455    0.415344       1.478    0.946721   -0.561281    -1.27979     1.39481    -1.03711   -0.349444       1.508    -1.76276
   0.408297    -0.01075    0.973849     58.9554    -3.03685     58.9218     1.65806    0.963941      1.5708    0.127681   -0.815874   -0.261799   0.0281622   0.0320259   -0.685961 1.38778e-17   -0.872665   -0.157831    0.346677     0.10942    -1.84256    0.989842   -0.112098    -1.44938     1.51731    -1.14143        2.55      -3.359    -2.92068        2.55   -0.743234    -2.25552   -0.811042     1.96584
    0.31676   0.0052737     1.02108    0.275557   -0.398448    0.476337    0.451829 -0.00224013    0.777137           0   -0.872665    0.261799   -0.886739    0.628499    -1.55895           0   -0.872665   0.0284465   -0.245088   -0.459981   -0.026751     1.46181    0.651841   -0.938342   -0.440012     1.43711    0.608684     1.31983    -2.51539       -2.55       0.292    -2.07792    -1.05425     2.10932
