    0.392671   -0.0191674      0.95783   -0.0105976   -0.0353956    0.0267116    0.0788019    -0.458175   -0.0334518     0.741072     -0.24991   -0.0829859   -0.0311674    -0.446869   -0.0289934     0.740588     -0.25764    0.0292569   0.00010873  -0.00163887     0.956914   0.00772743   0.00150577     -1.91999 -0.000490356    -0.524224  -0.00193652     0.960553  -0.00986163  6.40194e-05     -1.91815  0.000557603    -0.523711  0.000680927
    0.448968     0.206853     0.908657    -0.128258     0.439603     0.193782    -0.285615    -0.928161     -0.33693     0.735471     -0.21695     0.141639    -0.328758    -0.673193    -0.320724     0.416258    -0.129569     0.261799   -0.0257222    0.0586584     0.957473   0.00764193   0.00122675     -1.91997 -0.000399492    -0.524108  -0.00157768      1.33248    -0.336197      -1.3763    -0.633047     -1.12594   -0.0103246    -0.746363
   0.732401    0.166023    0.853297   -0.115454   -0.494645   -0.183928   -0.181013    0.681376     0.25168    0.607873   -0.814117    0.138378   -0.311562    0.605205    0.307465    0.589573   -0.751489    0.261799    0.357225    0.560547   -0.669189    0.256293    0.999891    -2.45731   -0.857408       1.478   -0.753598       1.606 8.39606e-16    -2.23118    -1.77734   -0.414071     1.05361   -0.227714
  0.73021  0.161177    0.8934 -0.102488 -0.222999 -0.250066 -0.149064  0.419157  0.281814  0.465169 -0.684441  0.134099 -0.255953  0.321023  0.297188  0.444786 -0.598466  0.259703  0.523599  0.448484  0.488317  0.065735   1.65784    -2.492  0.072709     1.478  0.128699     1.606         0     -2.55  -2.01776 -0.656208   1.15443 -0.312466
 0.689105  0.100611  0.880298 -0.136621 -0.215897 -0.681422  -0.13459  0.318636  0.697918  0.657407 -0.772078 0.0375671 -0.966185 -0.204178  -1.13676  0.168961 -0.704506  0.261799  0.523599  0.978974 -0.136704  0.304478   1.19181  -2.36678 -0.586256     1.478 -0.303178     1.606         0   -2.1154  -2.18212 -0.317558   1.27982  -0.50897
   0.689115     0.10063    0.880293   -0.136642   -0.215988   -0.681413   -0.134654    0.318724    0.697922    0.657435   -0.772088   0.0375757   -0.966253   -0.204097    -1.13665    0.168973   -0.704495    0.261799    0.523599       0.979   -0.137021    0.304589      1.1917    -2.36685   -0.586578       1.478   -0.303468       1.606 5.27356e-16    -2.11539    -2.18204   -0.317572     1.27978    -0.50888
 0.621274 0.0253828  0.973146 -0.176388 0.0381009 -0.252195  0.193545 0.0839306  0.255334  0.360407 -0.430975  -0.03205 -0.559281 0.0102761   -1.5708         0 -0.831287  0.261799  0.523599   1.47756  -1.81574  0.767226   1.57623  0.165975  0.948083 -0.788908     -2.55     1.606 -0.190329   1.95299   -1.5619 -0.259155   1.34433   1.52179
  0.621499  0.0254915   0.973013  -0.175588  0.0386411  -0.252686   0.192564  0.0835811   0.255929   0.360227  -0.431137 -0.0318391  -0.560239 0.00941963    -1.5708          0  -0.830969   0.261799   0.523599    1.47771   -1.81505    0.76909    1.57512   0.166891   0.949773  -0.788511      -2.55      1.606  -0.189861    1.95456    -1.5624  -0.259759    1.34522    1.51977
   0.358347  -0.0257943    0.985576   -0.628311   -0.115381   -0.719067     1.53846    0.843835      1.5708    0.214161   -0.872665   -0.154068 -0.00504333  -0.0733023   -0.641978           0   -0.872665   -0.261799    0.523599    0.810385    -2.16651    0.778351    -2.34976   -0.213882       -2.55    -1.32481    -2.45374     1.10142    -1.44516     0.41595     -1.4145        2.55    -1.27472    0.625047
    0.318765   0.00619726      1.02195     0.260538    -0.383751     0.465593     0.457658   -0.0174546     0.790165 -6.93889e-18    -0.872665     0.261799    -0.872638     0.610251      -1.5708 -1.30104e-17    -0.872665    0.0251387    -0.135022    -0.276884      1.17392      1.93142     0.997056    -0.664351     0.455748      1.27808      1.02547     0.391859    -0.467295     -0.86291     -1.73728       1.0427      1.43607    -0.921073
    0.31676   0.0052737     1.02108    0.275557   -0.398448    0.476337    0.451829 -0.00224013    0.777137           0   -0.872665    0.261799   -0.886739    0.628499    -1.55895           0   -0.872665   0.0284465   -0.245088   -0.459981   -0.026751     1.46181    0.651841   -0.938342   -0.440012     1.43711    0.608684     1.31983    -2.51539       -2.55       0.292    -2.07792    -1.05425     2.10932
