    0.392671   -0.0191674      0.95783   -0.0105976   -0.0353956    0.0267116    0.0788019    -0.458175   -0.0334518     0.741072     -0.24991   -0.0829859   -0.0311674    -0.446869   -0.0289934     0.740588     -0.25764    0.0292569   0.00010873  -0.00163887     0.956914   0.00772743   0.00150577     -1.91999 -0.000490356    -0.524224  -0.00193652     0.960553  -0.00986163  6.40194e-05     -1.91815  0.000557603    -0.523711  0.000680927
   0.567185  -0.0624668     0.92567   -0.301834    0.132669    0.549514    0.194592   -0.757708   -0.558505    0.851666   -0.424898   -0.251937    0.238565   -0.316877   -0.491433    0.390558   -0.365531  -0.0603849   -0.523599  -0.0872743      1.0427 0.000342238    0.832584    -1.49842    0.886674   -0.262176    0.506968    0.746413 1.31839e-16    -1.65873   -0.287845    0.346139  -0.0956461    -1.19486
   0.715666   -0.104808    0.894026   -0.168111    0.569374    0.328706    0.257605   -0.578635   -0.126205    0.263187   -0.321752   -0.220748    0.129424   -0.518109   -0.202412    0.335268   -0.435592   -0.102612   -0.234947   -0.129966     1.34375           0      0.9082    -1.14203     1.44057    -0.94973    0.608407     1.08855 -0.00212096    -1.98693       0.292    0.536557    -1.17597     -1.5426
  0.662409 -0.0412698   0.911277  -0.188351     0.5816   0.368205   0.156893  -0.653592  -0.212983    0.24466  -0.238805   -0.15293  0.0329458  -0.564538  -0.286898   0.293805  -0.349022 -0.0324246  -0.141831  -0.056918    1.27061          0   0.732109   -1.45631    1.58716   -1.04353    0.28088    1.11683 -0.0465802   -1.98017      0.292   0.429713   -1.09677   -1.59086
    0.605957   -0.0293782     0.956759   0.00345371     0.473449    -0.478258      0.26973      -0.3795     0.542432     0.328428    -0.342593   -0.0528202    -0.550106     -0.61079     -1.50819 -5.55112e-16    -0.872665    0.0633181    -0.378737     0.617688      1.36318            0     0.497547     -1.66924      1.77305     -1.34686      0.19858     0.965033    -0.229408     -1.94935        0.292      0.35699    -0.982629     -1.55721
  0.564098  -0.100867   0.967536  -0.115738   0.440567  -0.856322   0.569838 -0.0799334   0.938441   0.543808  -0.487049    -0.1813  -0.104939  -0.720263  -0.860998          0  -0.872665 -0.0284958  -0.523599    1.04043    1.46544          0   0.644278    -1.7455    1.89819   -1.30282   0.354662   0.865272  -0.169924    -1.9443      0.292   0.408722   -1.05839   -1.71282
    0.471003    0.0748078     0.964971       2.9024     -2.87016       2.7625     0.194869    0.0725771     0.314008     0.765658    -0.496201    0.0234239     -0.64272    0.0138272     -1.11906    0.0781837    -0.825379    0.0156343     0.251614      1.47995     -2.08047     0.238457     -2.14562    -0.399975     -2.20726     -1.25502     -2.16701      1.36375 -8.67362e-19     0.324318     0.192326         2.55   -0.0566135     0.767369
  0.655598   0.116048   0.881219    2.77503   -2.84009     2.4842  0.0803879   0.458807    0.59176   0.808727  -0.836258  0.0326074  -0.789411  0.0140245   -1.02768   0.130091  -0.715842   0.261799   0.454212    1.54557   -2.26354   0.369976   -2.13182  -0.441996   -2.17004    -1.3747      -2.55      1.606 -0.0434861   0.537148   0.268936       2.55   0.222766   0.761751
    0.336234 -0.000687329      0.98897     0.569213    -0.309734      0.79756      0.19487  -0.00845733     0.542487            0    -0.840473     0.261799     -1.30643     0.959781      -1.5708     0.110887    -0.872122     0.168972    -0.523599    -0.514199    -0.792931      1.11766     0.540413    -0.253279     -1.26852      1.02847     0.887175   -0.0140883    -0.333406    -0.936274     -1.45079      1.41535      1.15139     -0.78676
     0.35892 -0.000144611     0.949358     -33.8982     -3.07698     -33.5849   -0.0374589    -0.160188     0.394591            0    -0.781044     0.261799     -1.65806      1.16004      -1.5708     0.244605    -0.867594       0.2354    -0.523599    -0.839978       -3.352      1.83907      1.81297    -0.315498      1.32966     0.781077      1.04985    -0.296719     -0.34206     -0.73397     -1.98802       1.4775      1.16665    -0.233867
    0.318701  -0.00612391       1.0219      6.02188    -0.384328       5.8168     0.873281     0.611336       1.5708 -5.53916e-28    -0.872665   -0.0255664    -0.457315    -0.017015    -0.789434 -1.07943e-15    -0.872665    -0.261799    0.0972075     0.981356     -1.84165     0.521936     -2.15525    -0.219746        -2.55     -1.31651     -2.14298        1.606     -1.74601      1.50228    -0.991033      2.34145     0.266374    -0.181054
   0.310803 -0.00218875     1.01765     12.2368   -0.443814     12.0496    0.938983    0.689314     1.51857           0   -0.872665  -0.0402636   -0.431118   0.0471482   -0.733611 2.18695e-19   -0.872665   -0.261799    0.442773    0.430774    -1.09501     1.12125    -1.63463  -0.0682149       -2.55    -1.04873    -2.07765    -1.98935    -1.05526       -2.55   -0.393146    -1.79928     1.13958    -0.96862
    0.31676   0.0052737     1.02108    0.275557   -0.398448    0.476337    0.451829 -0.00224013    0.777137           0   -0.872665    0.261799   -0.886739    0.628499    -1.55895           0   -0.872665   0.0284465   -0.245088   -0.459981   -0.026751     1.46181    0.651841   -0.938342   -0.440012     1.43711    0.608684     1.31983    -2.51539       -2.55       0.292    -2.07792    -1.05425     2.10932
