    0.392671   -0.0191674      0.95783   -0.0105976   -0.0353956    0.0267116    0.0788019    -0.458175   -0.0334518     0.741072     -0.24991   -0.0829859   -0.0311674    -0.446869   -0.0289934     0.740588     -0.25764    0.0292569   0.00010873  -0.00163887     0.956914   0.00772743   0.00150577     -1.91999 -0.000490356    -0.524224  -0.00193652     0.960553  -0.00986163  6.40194e-05     -1.91815  0.000557603    -0.523711  0.000680927
  0.350286 -0.0407783   0.793889   0.170099    1.21849  -0.169928   0.481768   -1.49379   0.530944          0   0.280907 -0.0307423   0.288384   -1.72166   0.374128   0.331924   0.156254   0.069125  -0.523599  -0.286828    1.02955 0.00144284   0.700237   -1.56541   0.745728  -0.303732   0.426381    1.04378  -0.306352   -1.15828  -0.259738   0.142312  -0.707302      -2.55
  0.407511  0.0591735   0.935651   0.100426   0.424696  -0.149319 -0.0305764  -0.806942   0.132126   0.441646 -0.0701604  0.0376478  -0.176382  -0.806356  0.0652769   0.353348 0.00759517   0.145086  -0.460962   0.620611    1.01523          0   0.505425   -1.95606    1.44063   -1.17648  -0.360505    1.16573 -0.0410699   -1.41392  -0.389126  0.0140299    -0.1763   -1.84711
  0.407513  0.0592787   0.935701   0.100337   0.424314  -0.149215 -0.0308053  -0.806494   0.131922   0.441609 -0.0701996  0.0377031  -0.176535  -0.805906  0.0651816   0.353359  0.0075182   0.145164  -0.460955   0.620741    1.01541          0   0.505007   -1.95645    1.44069   -1.17677  -0.361178    1.16585 -0.0411873   -1.41337  -0.389322  0.0137546  -0.175854   -1.84704
  0.349719  -0.169005   0.930148   -5.80364  -0.343331   -5.64892  -0.121488   0.192843  -0.558505   0.262499 -0.0108976  -0.261799  -0.375442 0.00444106  -0.479771    1.07349  -0.533154  -0.124803  -0.523599  -0.409599   -2.36281    2.77736  -0.580959      0.298  -0.371957  -0.886712  -0.405223   -1.75076  -0.654642   -1.50491  -0.284634  -0.153078   -1.36481    2.45863
  0.536324    0.02578   0.901121    -8.5576    3.46656   -39.8629  -0.523599   0.687282  -0.558505   0.621954  -0.439423 -0.0122449  -0.574172    1.16433  -0.521069   0.336096  -0.549324   0.257459  -0.299972   0.471332 -0.0688855   0.281672    1.07442  -0.609016  0.0451174  -0.127669  -0.638483   0.442978   -1.98842     -2.032   -1.09961   -1.50387   -1.03507      -2.55
  0.184114 -0.0667684   0.945173   0.023471  -0.176916  -0.225851   0.160369  -0.301647   0.218105    0.40404   0.101838  -0.117768  0.0738894  -0.418972   0.253338   0.453003   0.148104 0.00700289  0.0566865   0.159344    1.12184    1.15571    1.62496   -1.42069 -0.0469856    1.47167   0.867359   0.886389   -2.48906   -1.37889  -0.200613  0.0413669    1.36229  -0.769496
  0.184101 -0.0667727   0.945175  0.0234645  -0.176937  -0.225861   0.160355   -0.30164   0.218081   0.404054   0.101864   -0.11784  0.0738794  -0.418963   0.253312   0.453008   0.148137 0.00693194  0.0566691   0.159395     1.1217    1.15583    1.62487   -1.42065 -0.0470611    1.47169   0.867332   0.886414   -2.48899   -1.37888  -0.200591  0.0413348    1.36232  -0.769415
  0.358314  0.0352037   0.933688   -11.8405  -0.246978    -11.704  -0.523599   0.471082  -0.558505   0.254294 -0.0217101 -0.0159071   -1.65806    1.00798   -1.38707  0.0587185  -0.764959    0.20324  -0.422124  -0.292356    1.44348    2.41992  -0.379288  -0.741343   -1.18339  -0.649747   -1.83323    0.86436   -2.40235   -1.19785  -0.120731   0.284544    1.30342  -0.464554
  0.358322  0.0351989   0.933688   -11.8405   -0.24699    -11.704  -0.523599    0.47107  -0.558505   0.254364 -0.0217542 -0.0159137   -1.65806      1.008   -1.38707  0.0587148  -0.764963   0.203259   -0.42201  -0.292433    1.44366    2.41977  -0.379257  -0.741289   -1.18326  -0.649596   -1.83323   0.864654   -2.40284   -1.19905  -0.120078    0.28547    1.30311  -0.464443
  0.272554 -0.0307665   0.899396    24.8447  -0.339321    17.1035 -0.0461475   0.515476     1.5708   0.650153  -0.310553  -0.261799  0.0682837  -0.674892   0.531013          0  -0.576271  -0.248226  -0.193977    1.71178   -2.74421    0.60822 -0.0684486      0.298      1.062    -1.4218      -2.55  -0.144163   -1.90948   -1.00847  -0.110552   0.301092   0.879015  -0.521182
   0.428199   0.0574107    0.939141     -8.8421    -3.06631     -8.7236   -0.512548    0.287197   -0.558505    0.210479  -0.0602227 -0.00272376    -1.65806    0.921382     -1.5708    0.330861   -0.861285    0.261799   -0.382231   -0.910361    0.585361     2.09494    -2.46005    -1.17714     1.39039   -0.425462        2.55    -2.62741   -0.390925       -2.55   -0.400641    -1.86152     1.21901   -0.583913
    0.31676   0.0052737     1.02108    0.275557   -0.398448    0.476337    0.451829 -0.00224013    0.777137           0   -0.872665    0.261799   -0.886739    0.628499    -1.55895           0   -0.872665   0.0284465   -0.245088   -0.459981   -0.026751     1.46181    0.651841   -0.938342   -0.440012     1.43711    0.608684     1.31983    -2.51539       -2.55       0.292    -2.07792    -1.05425     2.10932
