2
4
   0.399993    0.150011 2.72273e-05
-9.28992e-07  1.14818e-05      314.463     -4.57036      8.47096            0
0 0 1
5
   0.399991   -0.149991 2.19901e-05
-8.73023e-07  -1.2454e-05      315.834     -4.57036      8.47096            0
0 0 1
3
4
   0.399984    0.150011 6.61328e-05
 -0.0010443 -0.00840956     451.757     36.1388    -34.9872           0
0 0 1
5
   0.399971   -0.149958 4.28424e-05
0.00132987   0.009334    178.541    14.2835    -14.283          0
0 0 1
1
0.550038 -0.69998  1.29999
-3.66374e-15  1.70974e-14  9.99201e-15            0            0            0
-1.90035e-05            1 -7.01418e-05
4
4
   0.399982    0.150009 6.91726e-05
 2.09402  1.72518  226.957  2.96302 -4.60441        0
0 0 1
5
   0.399968   -0.149961 4.64873e-05
 3.89116  1.72517  226.068  2.96302 -4.60441        0
0 0 1
1
 0.550021 -0.699973   1.29996
1.20078  109.07 87.2564       0       0       0
-1.90035e-05            1 -7.01418e-05
0
 0.59999 0.700002  1.29999
-7.18623 -112.521  90.0166        0        0        0
-2.53833e-05           -1 -7.01297e-05
3
4
  0.399982   0.150011 8.3066e-05
-3.01336  19.5886  288.227  -23.057  16.0447        0
0 0 1
5
   0.399966   -0.149954 5.85688e-05
 11.1684  19.5858  310.731 -24.8585  16.0485        0
0 0 1
0
0.599987 0.699998  1.29999
-8.15505 -39.1743  31.3394        0        0        0
-2.53833e-05           -1 -7.01297e-05
4
4
   0.399981     0.15001 8.34688e-05
 2.21001   2.4045  227.543  3.91867 -5.54128        0
0 0 1
5
    0.39997   -0.149953 8.16014e-05
 6.10108  2.40438  226.368  3.91867 -5.54128        0
0 0 1
0
0.599987 0.699998  1.29999
-12.1275 -112.646  90.1172        0        0        0
-2.53833e-05           -1 -7.01297e-05
1
 0.5 -0.7  1.7
3.81647 107.838 86.2701       0       0       0
-2.08602e-05            1 -7.81734e-05
3
4
   0.399981     0.15001 8.34692e-05
 4.65733 -12.6838  317.071  25.3665  8.11726        0
0 0 1
5
    0.39997   -0.149953 8.16032e-05
-2.58417 -12.6835  292.932  23.4352  8.11628        0
0 0 1
1
 0.5 -0.7  1.7
-2.07317  25.3673  20.2939        0        0        0
-2.08602e-05            1 -7.81734e-05
4
4
   0.399979    0.150012 8.55347e-05
-5.81576  1.60509   227.16  1.88889  6.78697        0
0 0 1
5
   0.399968   -0.149951 8.27728e-05
-5.72166  1.60509  226.593  1.88889  6.78697        0
0 0 1
1
 0.499989 -0.699977       1.7
5.98819 108.735 86.9882       0       0       0
-2.08602e-05            1 -7.81734e-05
0
0.499996 0.699983  1.70002
 5.54909 -111.945  89.5563        0        0        0
-2.08602e-05           -1 -7.81734e-05
3
4
   0.399979    0.150014 9.18524e-05
 -27.149 -22.8597  353.848 -18.6976  24.5289        0
0 0 1
1
 0.499986 -0.699938       1.7
  9.031 184.211 147.368       0       0       0
-2.08602e-05            1 -7.81734e-05
0
0.499972 0.699986      1.7
18.1178 -161.35  129.08       0       0       0
-2.08602e-05           -1 -7.81734e-05
4
4
   0.399981    0.150013 9.16149e-05
 7.10668 -68.8964  320.607   -19.64 -7.82447        0
0 0 1
1
 0.499984 -0.699937       1.7
-5.80874  143.293  114.635        0        0        0
-2.08602e-05            1 -7.81734e-05
0
0.499975 0.699994  1.69998
-6.44349 -173.131  138.505        0        0        0
-2.08602e-05           -1 -7.81734e-05
5
     0.4     -0.7 0.300001
 5.14557  98.7346  56.5509  -7.8988 -7.82453        0
-6.85448e-06            1 -4.68276e-06
3
1
 0.499984 -0.699936       1.7
0.00379222    427.221    341.777          0          0          0
-2.08602e-05            1 -7.81734e-05
0
0.499996 0.699992  1.69997
-0.00352561    -427.221     288.521           0           0           0
-2.08602e-05           -1 -7.81734e-05
5
     0.4     -0.7 0.300001
-9.81959e-05  0.000171444  9.81959e-05  0.000598037      86.8086            0
-6.85448e-06            1 -4.68276e-06
4
0
0.499994 0.699989  1.70002
 19.3404 -240.819  192.655        0        0        0
-2.08602e-05           -1 -7.81734e-05
1
0.499998     -0.7      1.7
19.3544 240.611 192.489       0       0       0
-2.08602e-05            1 -7.81734e-05
4
0.400001      0.7 0.300003
-19.3547 -213.908  122.517 0.198033   27.639        0
-6.85448e-06           -1 -4.68276e-06
5
0.399999     -0.7 0.300003
-19.3402  214.116  122.636 0.198033   27.639        0
-6.85448e-06            1 -4.68276e-06
