2
4
   0.399993    0.150011 2.72273e-05
-9.28992e-07  1.14818e-05      314.463     -4.57036      8.47096            0
0 0 1
5
   0.399991   -0.149991 2.19901e-05
-8.73023e-07  -1.2454e-05      315.834     -4.57036      8.47096            0
0 0 1
3
4
   0.400006    0.149994 6.74755e-05
0.685861 -12.0999  320.847  25.6667 -15.8868        0
0 0 1
5
   0.400002   -0.150013 6.76461e-05
 5.53854 -12.0998  290.092  23.2077 -15.8937        0
0 0 1
1
 0.549952 -0.699942       1.3
-6.22447  24.1998  19.3598        0        0        0
-1.90035e-05            1 -7.01418e-05
4
4
   0.400022    0.149967 7.43879e-05
  43.195  1.69704  226.711  4.71223 -18.1372        0
0 0 1
5
   0.400017   -0.150032 8.26575e-05
 44.7337  1.69705  225.307  4.70626 -18.0245        0
0 0 1
1
 0.549918 -0.699938   1.29998
-51.8423  109.727  87.7813        0        0        0
-1.90035e-05            1 -7.01418e-05
0
0.450021 0.700004 0.999986
-36.0865 -113.121  90.4971        0        0        0
-1.49012e-05           -1 -3.90892e-05
3
4
    0.40004    0.149963 8.05567e-05
 70.0732  -1.3535  352.071   1.4925 -28.1656        0
0 0 1
1
  0.54993 -0.699929   1.29997
-40.0388  174.568  139.655        0        0        0
-1.90035e-05            1 -7.01418e-05
0
0.450017  0.69999  1.00002
-30.0338 -173.215  138.572        0        0        0
-1.49012e-05           -1 -3.90892e-05
4
4
   0.400041    0.149962 8.06735e-05
 24.6475 -53.8071  319.098 -8.10285 -25.5261        0
0 0 1
1
  0.54994 -0.699931   1.29998
-26.362 134.257 107.406       0       0       0
-1.90035e-05            1 -7.01418e-05
0
0.450014 0.699988  1.00002
-7.08767 -182.022  145.618        0        0        0
-1.49012e-05           -1 -3.90892e-05
5
 0.400002 -0.700004  0.300005
 8.80231  101.572  58.1758 -8.10432 -35.1657        0
-6.85448e-06            1 -4.68276e-06
3
4
   0.400064    0.149924 7.48715e-05
 9.51681   -128.9  544.206  43.5285 -43.5405        0
0 0 1
1
0.549951 -0.69993  1.29998
-27.6213  53.9696  43.1757        0        0        0
-1.90035e-05            1 -7.01418e-05
5
 0.400016 -0.700031  0.300028
 18.1048   74.929  42.9161    5.994 -45.7256        0
-6.85448e-06            1 -4.68276e-06
4
4
  0.400065   0.149958 9.8701e-05
-4.05773 -92.8025   324.29 -25.9417   6.1963        0
0 0 1
1
 0.549939 -0.699924   1.29996
1.33562 153.716 122.973       0       0       0
-1.90035e-05            1 -7.01418e-05
5
 0.400004 -0.699998  0.300012
-4.86329   97.835  56.0356 -7.82641  6.19787        0
-6.85448e-06            1 -4.68276e-06
0
0.499982 0.699999  1.59998
 7.58483 -158.748  126.998        0        0        0
-1.49012e-05           -1 -9.12076e-05
3
1
 0.549925 -0.699912   1.29998
-18.4452  517.166  413.733        0        0        0
-1.90035e-05            1 -7.01418e-05
5
 0.400001 -0.700002   0.30003
 -0.00737005    0.0128677   0.00737005 -0.000398393      10.7072            0
-6.85448e-06            1 -4.68276e-06
0
0.499973 0.700023  1.59995
 18.4523 -517.178  216.557        0        0        0
-1.49012e-05           -1 -9.12076e-05
4
1
  0.54993 -0.699902   1.29997
11.0409 256.535 205.228       0       0       0
-1.90035e-05            1 -7.01418e-05
5
  0.40001 -0.699993  0.300025
-22.8103  199.175  114.079 -15.9315  33.8515        0
-6.85448e-06            1 -4.68276e-06
0
 0.49996 0.700019  1.59996
 27.8883 -219.936  175.949        0        0        0
-1.49012e-05           -1 -9.12076e-05
4
0.400003 0.700005 0.300007
-16.1188 -235.774  135.041 -18.8621  33.8532        0
-6.85448e-06           -1 -4.68276e-06
3
5
  0.40001 -0.699993  0.300025
2.61021 542.969 310.989 -43.435 17.0523       0
-6.85448e-06            1 -4.68276e-06
0
0.499927  0.70003  1.59995
 9.79574 -36.6082  29.2866        0        0        0
-1.49012e-05           -1 -9.12076e-05
4
0.400003 0.700005 0.300007
-12.4062 -506.361  290.022 -40.5085  17.0871        0
-6.85448e-06           -1 -4.68276e-06
4
5
  0.40001 -0.699993  0.300025
-17.7216  220.231  126.139  11.9128  25.9255        0
-6.85448e-06            1 -4.68276e-06
0
0.49992 0.70003 1.59994
 16.4248 -246.674   197.34        0        0        0
-1.49012e-05           -1 -9.12076e-05
4
0.400003 0.700005 0.300007
-17.2766 -208.095  119.188  11.9128  25.9255        0
-6.85448e-06           -1 -4.68276e-06
1
 0.5 -0.7  1.7
18.5734 234.539 187.631       0       0       0
-2.08602e-05            1 -7.81734e-05
3
5
 0.400011 -0.699993  0.300025
-22.2889  482.409  276.303  38.5926  28.9754        0
-6.85448e-06            1 -4.68276e-06
4
0.400003 0.700004 0.300006
 4.04593 -539.004  308.718  43.1192  28.9456        0
-6.85448e-06           -1 -4.68276e-06
1
  0.50002 -0.699987   1.69998
 18.243 56.5953 45.2762       0       0       0
-2.08602e-05            1 -7.81734e-05
4
0
0.499994 0.699989  1.70002
 19.3404 -240.819  192.655        0        0        0
-2.08602e-05           -1 -7.81734e-05
1
0.499998     -0.7      1.7
19.3544 240.611 192.489       0       0       0
-2.08602e-05            1 -7.81734e-05
4
0.400001      0.7 0.300003
-19.3547 -213.908  122.517  0.19805   27.639        0
-6.85448e-06           -1 -4.68276e-06
5
0.399999     -0.7 0.300003
-19.3402  214.116  122.636  0.19805   27.639        0
-6.85448e-06            1 -4.68276e-06
