2
4
   0.399993    0.150011 2.72273e-05
-9.28992e-07  1.14818e-05      314.463     -4.57036      8.47096            0
0 0 1
5
   0.399991   -0.149991 2.19901e-05
-8.73023e-07  -1.2454e-05      315.834     -4.57036      8.47096            0
0 0 1
3
4
   0.399995    0.150003 4.01577e-05
  0.00120218 -7.99441e-05      264.599     -21.1695     -16.2605            0
0 0 1
5
   0.399992   -0.150003 3.68541e-05
-0.000775966 -0.000496841      365.698     -29.2575     -16.2617            0
0 0 1
0
0.500039  0.69997  1.25001
-1.77636e-15  -2.4869e-14 -2.84217e-14            0            0            0
-1.16726e-05           -1 -4.20227e-05
4
4
   0.399993    0.149997 3.92627e-05
-34.6305 -6.23159  227.834 -9.18115  18.2276        0
0 0 1
5
    0.39999   -0.150008 3.79227e-05
-34.4188 -6.23152   230.57 -9.18142  18.4465        0
0 0 1
0
0.499944 0.699992  1.25004
 35.4402 -101.202  80.9612        0        0        0
-1.16726e-05           -1 -4.20227e-05
1
 0.499988 -0.700003   1.20001
33.6084 113.665 90.9317       0       0       0
-2.08616e-05            1 -1.30293e-05
3
4
   0.399991    0.149992 3.83651e-05
 109.168 -30.3294  323.688  25.8979  25.8929        0
0 0 1
5
   0.399987   -0.150012 3.89957e-05
-157.692 -30.3238  281.465  22.5191  22.5143        0
0 0 1
1
 0.499975 -0.700006   1.20001
48.5225 60.6531 25.1447       0       0       0
-2.08616e-05            1 -1.30293e-05
4
4
   0.399991    0.149992 3.83654e-05
-20.8678 -9.85881   226.88 -12.5826  18.1516        0
0 0 1
5
   0.399987   -0.150012 3.89961e-05
-18.6525 -9.85881  230.631 -12.5827  18.4517        0
0 0 1
1
 0.499975 -0.700006   1.20001
18.1151  117.85 94.2801       0       0       0
-2.08616e-05            1 -1.30293e-05
0
 0.49998 0.700005      1.7
  21.405 -98.1325   78.506        0        0        0
-2.08602e-05           -1 -7.81734e-05
3
4
   0.399991    0.149992 3.83757e-05
 9.30436 -69.6765  359.366 -28.7501 -8.71876        0
0 0 1
1
 0.499976 -0.700006   1.20001
-8.6306 204.171 163.336       0       0       0
-2.08616e-05            1 -1.30293e-05
0
0.499984 0.700001  1.70001
-0.673769  -134.494   107.595         0         0         0
-2.08602e-05           -1 -7.81734e-05
4
4
   0.399991    0.149992 3.83945e-05
-15.3988 -123.837  331.002 -26.4782  17.4103        0
0 0 1
1
 0.499975 -0.700005   1.20001
9.83689 167.358 133.886       0       0       0
-2.08616e-05            1 -1.30293e-05
0
0.499988 0.700001      1.7
 11.3986 -138.652  110.922        0        0        0
-2.08602e-05           -1 -7.81734e-05
5
 0.4 -0.7  0.3
-5.83669  95.1311   54.487 -7.61038  17.4142        0
-6.85448e-06            1 -4.68276e-06
3
1
 0.499975 -0.700004   1.20001
0.0172036   790.732   632.586         0         0         0
-2.08616e-05            1 -1.30293e-05
0
0.499992 0.699995  1.70002
-0.010109  -790.744  -2.29578         0         0         0
-2.08602e-05           -1 -7.81734e-05
5
0.400001     -0.7      0.3
-0.00703018   0.0122743  0.00703018 -0.00049214      58.301           0
-6.85448e-06            1 -4.68276e-06
4
1
 0.499975 -0.700004   1.20001
11.8703 270.588  216.47       0       0       0
-2.08616e-05            1 -1.30293e-05
0
0.500002 0.699987  1.70003
 25.1364 -197.428  157.943        0        0        0
-2.08602e-05           -1 -7.81734e-05
5
0.400001     -0.7      0.3
-17.0912    186.8  106.991 -14.9439  32.1785        0
-6.85448e-06            1 -4.68276e-06
4
0.4 0.7 0.3
-19.9154  -259.96  148.894 -20.7968   32.179        0
-6.85448e-06           -1 -4.68276e-06
3
0
0.499999 0.699985  1.70005
 16.7812 -42.3097  33.8477        0        0        0
-2.08602e-05           -1 -7.81734e-05
5
0.400001     -0.7      0.3
 3.02135  541.838  310.341 -43.3473  26.1265        0
-6.85448e-06            1 -4.68276e-06
4
0.4 0.7 0.3
-19.8026 -499.529  286.108 -39.9623  26.1305        0
-6.85448e-06           -1 -4.68276e-06
4
0
0.499994 0.699989  1.70002
 19.3404 -240.819  192.655        0        0        0
-2.08602e-05           -1 -7.81734e-05
1
0.499998     -0.7      1.7
19.3544 240.611 192.489       0       0       0
-2.08602e-05            1 -7.81734e-05
4
0.400001      0.7 0.300003
-19.3547 -213.908  122.517 0.198035   27.639        0
-6.85448e-06           -1 -4.68276e-06
5
0.399999     -0.7 0.300003
-19.3402  214.116  122.636 0.198035   27.639        0
-6.85448e-06            1 -4.68276e-06
