2
4
   0.399993    0.150011 2.72273e-05
-9.28992e-07  1.14818e-05      314.463     -4.57036      8.47096            0
0 0 1
5
   0.399991   -0.149991 2.19901e-05
-8.73023e-07  -1.2454e-05      315.834     -4.57036      8.47096            0
0 0 1
3
4
   0.399994    0.150001 4.09276e-05
 0.000957377 -0.000152825      286.109     -22.8908      -20.493            0
0 0 1
5
    0.39999   -0.150002 3.82945e-05
-0.000571572 -0.000382408      344.188     -27.5371     -20.4923            0
0 0 1
0
0.500033 0.699973     1.25
 -1.9984e-14 -2.13163e-14  4.39648e-14            0            0            0
-1.16726e-05           -1 -4.20227e-05
4
4
   0.400002    0.149979 4.51473e-05
-35.3345 -9.73982  227.317 -14.4967  18.1872        0
0 0 1
5
  0.399997   -0.15003 4.9213e-05
-34.7077 -9.73966  231.637 -14.4972   18.533        0
0 0 1
0
0.500007  0.69998  1.24998
  36.478 -97.3496  77.8797        0        0        0
-1.16726e-05           -1 -4.20227e-05
1
 0.499999 -0.699983   1.14999
33.5649 116.829  93.463       0       0       0
-1.19208e-05            1 -1.30295e-05
3
4
 0.400003  0.149981 4.724e-05
 1.62726 -15.1948  318.124  25.4487 -8.84739        0
0 0 1
5
   0.399998   -0.150026 5.03037e-05
 3.01092 -15.1949  287.862  23.0276 -8.84622        0
0 0 1
1
 0.499999 -0.699976   1.14998
-4.63816  30.3899  24.3119        0        0        0
-1.19208e-05            1 -1.30295e-05
4
4
   0.400003    0.149981 4.73215e-05
-14.8761 -12.0224  226.449 -15.7334   18.118        0
0 0 1
5
   0.399998   -0.150027 5.05649e-05
-13.3475 -12.0224  231.139 -15.7334  18.4934        0
0 0 1
1
      0.5 -0.699967      1.15
12.2313 119.966 95.9727       0       0       0
-1.19208e-05            1 -1.30295e-05
0
0.500001 0.699994  1.70001
 15.9924 -95.9212   76.737        0        0        0
-2.08602e-05           -1 -7.81734e-05
3
4
   0.400002    0.149981 4.73493e-05
-24.6137  7.23996  296.843 -23.7443  23.7506        0
0 0 1
5
   0.399998   -0.150027 5.04916e-05
 17.6299  7.23978   321.87 -25.7459  25.7534        0
0 0 1
0
0.500001 0.699989  1.70003
  6.9838 -14.4798  11.5838        0        0        0
-2.08602e-05           -1 -7.81734e-05
4
4
   0.400002    0.149981 4.82095e-05
-11.4396 -5.83267   226.04 -6.86352  13.6585        0
0 0 1
5
   0.399998   -0.150026 5.12559e-05
-11.7801 -5.83264  228.099 -6.86352  13.6585        0
0 0 1
0
0.499968 0.699991  1.70003
 12.4038 -104.267  83.4135        0        0        0
-2.08602e-05           -1 -7.81734e-05
1
 0.499945 -0.700005   1.70003
10.8148 115.932 92.7456       0       0       0
-2.08602e-05            1 -7.81734e-05
3
4
   0.399992    0.149967 4.88214e-05
 30.5616 -35.2056  350.964 -28.0802  -27.063        0
0 0 1
0
 0.49994 0.700006  1.70001
-16.0437  -156.98  125.584        0        0        0
-2.08602e-05           -1 -7.81734e-05
1
 0.499924 -0.699986   1.70003
-14.5191  192.186  153.749        0        0        0
-2.08602e-05            1 -7.81734e-05
4
4
   0.399983    0.149972 5.14773e-05
  4.0375 -96.6608  321.501 -25.7205 -4.03424        0
0 0 1
0
0.499953 0.700009      1.7
-2.22763 -157.945  126.356        0        0        0
-2.08602e-05           -1 -7.81734e-05
1
 0.499922 -0.699983   1.70003
-3.72744  161.117  128.894        0        0        0
-2.08602e-05            1 -7.81734e-05
5
 0.399992 -0.700001  0.300005
 1.91755  93.4891  53.5465 -7.47914 -4.03259        0
-6.85448e-06            1 -4.68276e-06
3
0
0.499956 0.700009  1.69999
-0.0136621   -444.815    274.446          0          0          0
-2.08602e-05           -1 -7.81734e-05
1
 0.499914 -0.699987   1.70002
0.0153602   444.812    355.85         0         0         0
-2.08602e-05            1 -7.81734e-05
5
 0.399988 -0.700001  0.300005
-0.0017619 0.00307618  0.0017619 0.00019483    19.5323          0
-6.85448e-06            1 -4.68276e-06
4
0
0.499994 0.699989  1.70002
 19.3403 -240.819  192.655        0        0        0
-2.08602e-05           -1 -7.81734e-05
1
0.499998     -0.7      1.7
19.3544 240.611 192.489       0       0       0
-2.08602e-05            1 -7.81734e-05
4
0.400001      0.7 0.300003
-19.3547 -213.908  122.517 0.198048   27.639        0
-6.85448e-06           -1 -4.68276e-06
5
0.399999     -0.7 0.300003
-19.3402  214.116  122.636 0.198048   27.639        0
-6.85448e-06            1 -4.68276e-06
