2
4
   0.399993    0.150011 2.72273e-05
-9.28992e-07  1.14818e-05      314.463     -4.57036      8.47096            0
0 0 1
5
   0.399991   -0.149991 2.19901e-05
-8.73023e-07  -1.2454e-05      315.834     -4.57036      8.47096            0
0 0 1
3
4
   0.399989    0.150011 2.73339e-05
0.481062 -8.29301  325.236  26.0177   -10.83        0
0 0 1
5
   0.399989    -0.14999 2.24685e-05
 3.78044 -8.29241  291.793  23.3423 -10.8291        0
0 0 1
1
 0.550017 -0.699992       1.3
-4.26148  16.5856  13.2685        0        0        0
-1.90035e-05            1 -7.01418e-05
4
4
  0.399994   0.149979 3.4396e-05
 6.44693  16.3235  233.882  18.7102 -3.36956        0
0 0 1
5
   0.399997   -0.150012 3.51225e-05
-2.65697  16.3234  226.187  18.0946 -3.36956        0
0 0 1
1
 0.550066 -0.699893   1.30005
-23.7261   90.069  72.0552        0        0        0
-1.90035e-05            1 -7.01418e-05
0
0.249971 0.699994 0.950021
 19.9364 -122.716  98.1725        0        0        0
-1.62853e-06           -1 -1.19206e-05
3
4
   0.399999    0.149948 4.14645e-05
 1.38094  34.4219  280.512 -22.4441 -17.0235        0
0 0 1
5
   0.400006   -0.150033 4.77862e-05
-13.0462  34.4217  294.711 -23.5794 -17.0226        0
0 0 1
0
0.249943 0.699987 0.950042
 11.6655 -68.8434  55.0747        0        0        0
-1.62853e-06           -1 -1.19206e-05
4
4
   0.399999    0.149948 4.15777e-05
-9.36601  2.57459  229.115   2.9031  18.3288        0
0 0 1
5
   0.400006   -0.150033 4.79571e-05
-20.8126   2.5743   228.25  2.90321  18.2596        0
0 0 1
0
0.249937 0.699989  0.95005
 33.2596 -110.657  88.5257        0        0        0
-1.62853e-06           -1 -1.19206e-05
1
0.499999     -0.7      1.7
-3.08101  105.508  84.4066        0        0        0
-2.08602e-05            1 -7.81734e-05
3
4
   0.399999    0.149948 4.16607e-05
 3.00484 -18.4093  310.876  24.8692 -3.14213        0
0 0 1
5
   0.400006   -0.150033 4.80402e-05
 2.05062 -18.4098  289.967  23.1968 -3.14602        0
0 0 1
1
 0.5 -0.7  1.7
-5.05551  36.8191  29.4552        0        0        0
-2.08602e-05            1 -7.81734e-05
4
4
  0.399991   0.149926 4.2809e-05
 -23.4825 -0.999764   227.302  -2.10744   18.1845         0
0 0 1
5
   0.399999    -0.15005 5.10222e-05
 -27.6798 -0.999861    227.93  -2.10632   18.2345         0
0 0 1
1
 0.499986 -0.700007   1.69998
 18.147 110.415 88.3323       0       0       0
-2.08602e-05            1 -7.81734e-05
0
0.400001 0.699998     1.55
 33.0149 -108.416   86.733        0        0        0
-1.02819e-05           -1 -8.74148e-05
3
4
   0.399983    0.149904 4.39584e-05
-60.5965 -16.8361  355.605 -15.8903  28.4515        0
0 0 1
1
 0.499973 -0.700015   1.69996
10.9485   180.1  144.08       0       0       0
-2.08602e-05            1 -7.81734e-05
0
0.400001 0.699996     1.55
 49.6475 -163.265  130.612        0        0        0
-1.02819e-05           -1 -8.74148e-05
4
4
   0.399983    0.149904 4.39918e-05
-11.7176 -83.9606  320.214  -25.611   16.063        0
0 0 1
1
 0.499981 -0.700013   1.69996
8.08271 153.024 122.419       0       0       0
-2.08602e-05            1 -7.81734e-05
0
0.400001 0.699995     1.55
 18.0426 -165.522  132.417        0        0        0
-1.02819e-05           -1 -8.74148e-05
5
 0.4 -0.7  0.3
-14.4077  96.4588  55.2474  -7.7167  16.0651        0
-6.85448e-06            1 -4.68276e-06
3
4
   0.399983    0.149904 4.40185e-05
 6.34399 -137.223  539.453  43.1589  22.7972        0
0 0 1
1
 0.499988 -0.700011   1.69996
12.7783 53.9003 43.1202       0       0       0
-2.08602e-05            1 -7.81734e-05
5
 0.4 -0.7  0.3
-19.1223  83.3232  47.7239  6.66586  22.7872        0
-6.85448e-06            1 -4.68276e-06
4
4
   0.399984    0.149904 4.40371e-05
-15.3361 -77.0529  321.599 -25.7223  15.1391        0
0 0 1
1
 0.499961 -0.700025   1.69995
14.3405 147.839 118.271       0       0       0
-2.08602e-05            1 -7.81734e-05
5
 0.4 -0.7  0.3
 -6.8538  97.4665  55.8246 -7.79733  15.1393        0
-6.85448e-06            1 -4.68276e-06
0
0.499999      0.7      1.7
 7.84918 -168.253  134.602        0        0        0
-2.08602e-05           -1 -7.81734e-05
3
1
 0.499961 -0.700025   1.69995
0.0276092   426.978   341.583         0         0         0
-2.08602e-05            1 -7.81734e-05
5
 0.4 -0.7  0.3
 -0.0139208   0.0243049   0.0139208 0.000148726     68.7888           0
-6.85448e-06            1 -4.68276e-06
0
     0.5 0.700004  1.69999
-0.0136484   -427.002    288.701          0          0          0
-2.08602e-05           -1 -7.81734e-05
4
0
0.499994 0.699989  1.70002
 19.3399 -240.819  192.655        0        0        0
-2.08602e-05           -1 -7.81734e-05
1
0.499998     -0.7      1.7
19.3543 240.611 192.489       0       0       0
-2.08602e-05            1 -7.81734e-05
4
0.400001      0.7 0.300003
-19.3549 -213.908  122.517 0.198001  27.6389        0
-6.85448e-06           -1 -4.68276e-06
5
0.399999     -0.7 0.300003
-19.3401  214.116  122.636 0.198001  27.6389        0
-6.85448e-06            1 -4.68276e-06
