2
4
   0.399993    0.150011 2.72273e-05
-9.28992e-07  1.14818e-05      314.463     -4.57036      8.47096            0
0 0 1
5
   0.399991   -0.149991 2.19901e-05
-8.73023e-07  -1.2454e-05      315.834     -4.57036      8.47096            0
0 0 1
3
4
   0.399994    0.149979 2.94441e-05
0.000623685 -0.00473275     197.778     -15.824    -15.8205           0
0 0 1
5
   0.399997   -0.150023 3.79307e-05
0.000118543  0.00372812     432.519     -34.606    -32.8854           0
0 0 1
0
0.500018 0.699979  1.25001
 1.26565e-14 -2.66454e-15 -1.70974e-14            0            0            0
-1.16726e-05           -1 -4.20227e-05
4
4
   0.399989    0.149968 3.01464e-05
-2.40209 -4.27558   225.77 -6.12752  3.94922        0
0 0 1
5
    0.39999   -0.150046 5.00015e-05
-2.73183 -4.27546  227.609 -6.12752  3.94922        0
0 0 1
0
0.500019 0.699974     1.25
 3.13896 -106.299  85.0393        0        0        0
-1.16726e-05           -1 -4.20227e-05
1
 0.499976 -0.699996   1.35003
1.99498  114.85 91.8798       0       0       0
-1.49022e-05            1 -8.46941e-05
3
4
   0.399986    0.149962 2.22687e-05
 5.80983 -23.6963  306.356  24.5089  4.62374        0
0 0 1
5
   0.399984   -0.150067 6.81963e-05
-0.363988   -23.699   286.026   22.8826   4.62766         0
0 0 1
1
 0.499951 -0.699993   1.35007
-5.44584  47.3951  37.9161        0        0        0
-1.49022e-05            1 -8.46941e-05
4
4
   0.400007    0.149986 5.58816e-05
-10.8998 -10.3208  225.927 -13.0034  14.0299        0
0 0 1
5
   0.400009    -0.15004 9.24698e-05
-10.4947 -10.3204  229.829 -13.0034  14.0299        0
0 0 1
1
 0.499922 -0.700013   1.35005
 9.1865 119.409 95.5274       0       0       0
-1.49022e-05            1 -8.46941e-05
0
0.499999 0.699992  1.69999
 12.2085 -98.7677  79.0142        0        0        0
-2.08602e-05           -1 -7.81734e-05
3
4
   0.400007    0.149988 5.69464e-05
-17.3095 -42.5818  356.192 -28.4941   17.287        0
0 0 1
1
0.499917 -0.70001  1.35006
3.76893 192.607 154.085       0       0       0
-1.49022e-05            1 -8.46941e-05
0
0.499988 0.699981  1.69998
 13.5404 -150.025   120.02        0        0        0
-2.08602e-05           -1 -7.81734e-05
4
4
   0.400007    0.149988 5.71954e-05
-15.7554 -106.687  326.789 -26.1416  17.0375        0
0 0 1
1
 0.499895 -0.700026   1.35004
11.6395 161.277 129.021       0       0       0
-1.49022e-05            1 -8.46941e-05
0
0.499989 0.699981  1.69998
 10.3684 -149.883  119.907        0        0        0
-2.08602e-05           -1 -7.81734e-05
5
 0.4 -0.7  0.3
-6.25264  95.2937  54.5801  -7.6235  17.0394        0
-6.85448e-06            1 -4.68276e-06
3
1
  0.49988 -0.700007   1.35006
0.0398873   591.313   473.051         0         0         0
-1.49022e-05            1 -8.46941e-05
0
0.499996 0.700012  1.69995
-0.0501462    -591.33    157.237          0          0          0
-2.08602e-05           -1 -7.81734e-05
5
 0.399995 -0.700019  0.300051
  0.0102658   0.0179234   0.0102658 -0.00219178    -14.3769           0
-6.85448e-06            1 -4.68276e-06
4
1
 0.499838 -0.700036   1.35005
16.3772 253.838  203.07       0       0       0
-1.49022e-05            1 -8.46941e-05
0
0.499995 0.700013  1.69995
 24.2901 -223.974   179.18        0        0        0
-2.08602e-05           -1 -7.81734e-05
5
 0.399995 -0.700019  0.300051
-18.4813  201.607  115.472 -16.1258  33.1978        0
-6.85448e-06            1 -4.68276e-06
4
0.4 0.7 0.3
-22.1862  -231.47  132.576 -18.5176  33.1986        0
-6.85448e-06           -1 -4.68276e-06
3
0
0.499995 0.700013  1.69995
 2.80113 -72.4506  57.9605        0        0        0
-2.08602e-05           -1 -7.81734e-05
5
 0.399995 -0.700019  0.300051
 5.17654  535.859  306.917 -42.8654  7.67422        0
-6.85448e-06            1 -4.68276e-06
4
0.4 0.7 0.3
-7.97767 -463.408   265.42 -37.0728  7.70076        0
-6.85448e-06           -1 -4.68276e-06
4
0
0.499994 0.699989  1.70002
 19.3404 -240.819  192.655        0        0        0
-2.08602e-05           -1 -7.81734e-05
1
0.499998     -0.7      1.7
19.3544 240.611 192.489       0       0       0
-2.08602e-05            1 -7.81734e-05
4
0.400001      0.7 0.300003
-19.3547 -213.908  122.517  0.19804   27.639        0
-6.85448e-06           -1 -4.68276e-06
5
0.399999     -0.7 0.300003
-19.3402  214.116  122.636  0.19804   27.639        0
-6.85448e-06            1 -4.68276e-06
