2
4
   0.399993    0.150011 2.72273e-05
-9.28992e-07  1.14818e-05      314.463     -4.57036      8.47096            0
0 0 1
5
   0.399991   -0.149991 2.19901e-05
-8.73023e-07  -1.2454e-05      315.834     -4.57036      8.47096            0
0 0 1
3
4
   0.399993    0.149998 4.46597e-05
 0.00120129 0.000547938     258.609      -20.69     -12.704           0
0 0 1
5
   0.399989   -0.150004 3.81799e-05
-0.000795578  -0.00121814      371.689     -29.7364     -12.7038            0
0 0 1
0
 0.50004 0.699969  1.25001
-9.76996e-15 -1.95399e-14  1.06581e-14            0            0            0
-1.16726e-05           -1 -4.20227e-05
4
4
   0.399991    0.149999 6.27538e-05
-5.57866 -8.24868  225.217 -12.2722  9.42284        0
0 0 1
5
   0.399989       -0.15 4.07664e-05
-5.96384 -8.24895  228.899 -12.2722  9.42284        0
0 0 1
0
0.500045 0.699964  1.24999
 6.90496 -101.865  81.4916        0        0        0
-1.16726e-05           -1 -4.20227e-05
1
 0.499995 -0.699992   1.20001
 4.6375 118.362 94.6897       0       0       0
-2.08616e-05            1 -1.30293e-05
3
5
   0.399991   -0.150011 3.98089e-05
-20.5064 -2.41854  355.303 -2.25203  25.5775        0
0 0 1
0
0.500047 0.699962  1.25001
 8.22471 -170.662   136.53        0        0        0
-1.16726e-05           -1 -4.20227e-05
1
 0.500012 -0.699987   1.20001
12.2823  173.08 138.464       0       0       0
-2.08616e-05            1 -1.30293e-05
4
5
   0.399992   -0.150013 4.08333e-05
-10.1923   62.283  320.555  16.5717  13.1476        0
0 0 1
0
0.500044 0.699959     1.25
 9.65237 -137.495  109.996        0        0        0
-1.16726e-05           -1 -4.20227e-05
1
 0.500012 -0.699987   1.20001
 3.3776 176.888 141.511       0       0       0
-2.08616e-05            1 -1.30293e-05
4
0.400001      0.7 0.300001
-2.83765 -101.676  58.2356  8.13407  13.1476        0
-6.85448e-06           -1 -4.68276e-06
3
5
   0.399993   -0.150015 4.18577e-05
-7.18405  128.679  438.289   35.065  11.3913        0
0 0 1
1
 0.500012 -0.699986   1.20002
-1.79379  86.1821  68.9457        0        0        0
-2.08616e-05            1 -1.30293e-05
4
0.400002      0.7 0.300001
 8.97787 -214.861  123.063  17.1888   11.368        0
-6.85448e-06           -1 -4.68276e-06
4
5
   0.399993   -0.150015 4.18736e-05
-14.3708  54.2814  320.486  7.52466  17.2843        0
0 0 1
1
 0.500012 -0.699986   1.20002
5.32981  180.95  144.76       0       0       0
-2.08616e-05            1 -1.30293e-05
4
0.400002      0.7 0.300001
-7.57854 -101.803  58.3084  7.52466  17.2843        0
-6.85448e-06           -1 -4.68276e-06
0
0.5 0.7 1.7
 16.6195 -133.428  106.743        0        0        0
-2.08602e-05           -1 -7.81734e-05
3
5
   0.400007    -0.15001 8.50566e-05
  4.3011  123.046  551.511 -44.1199  11.3096        0
0 0 1
4
0.400019 0.699988 0.300024
 -10.072 -86.4771  49.5303 -6.91698  11.3082        0
-6.85448e-06           -1 -4.68276e-06
0
0.499948 0.700004  1.69999
 5.77079 -36.5692  29.2554        0        0        0
-2.08602e-05           -1 -7.81734e-05
4
5
   0.400007    -0.15001 8.50596e-05
 18.0712  93.4484  320.801  25.6623 -18.3463        0
0 0 1
4
0.400019 0.699988 0.300024
 9.31462 -93.9708  53.8224  7.51573 -18.3453        0
-6.85448e-06           -1 -4.68276e-06
0
0.499952 0.700011  1.69998
-16.3716 -159.535  127.628        0        0        0
-2.08602e-05           -1 -7.81734e-05
1
      0.5 -0.699999       1.7
-11.0141  160.057  128.046        0        0        0
-2.08602e-05            1 -7.81734e-05
3
4
0.400019 0.699988 0.300024
-0.0157178 -0.0274424  0.0157178 0.00355496    22.8659          0
-6.85448e-06           -1 -4.68276e-06
0
0.499952 0.700011  1.69998
0.0314395  -399.377   319.502         0         0         0
-2.08602e-05           -1 -7.81734e-05
1
      0.5 -0.699999       1.7
-0.015717   399.404    310.78         0         0         0
-2.08602e-05            1 -7.81734e-05
4
0
0.499994 0.699989  1.70002
 19.3401 -240.817  192.654        0        0        0
-2.08602e-05           -1 -7.81734e-05
1
0.499998     -0.7      1.7
19.3543 240.611 192.489       0       0       0
-2.08602e-05            1 -7.81734e-05
4
0.400001      0.7 0.300003
-19.3549 -213.908  122.517 0.197673  27.6389        0
-6.85448e-06           -1 -4.68276e-06
5
0.399999     -0.7 0.300003
-19.3402  214.115  122.636 0.197673  27.6389        0
-6.85448e-06            1 -4.68276e-06
