2
4
   0.399993    0.150011 2.72273e-05
-9.28992e-07  1.14818e-05      314.463     -4.57036      8.47096            0
0 0 1
5
   0.399991   -0.149991 2.19901e-05
-8.73023e-07  -1.2454e-05      315.834     -4.57036      8.47096            0
0 0 1
3
4
   0.399994     0.15004 4.19424e-05
-0.000246939  -0.00668368      442.475      35.3966     -30.9559            0
0 0 1
5
   0.399989   -0.149962 2.68512e-05
0.000659938  0.00768755     187.823     15.0247    -15.0269           0
0 0 1
1
 0.550016 -0.699983       1.3
 1.06581e-14 -1.77636e-15 -1.46549e-14            0            0            0
-1.90035e-05            1 -7.01418e-05
4
4
   0.399999    0.150052 4.67612e-05
18.4593 5.81722 226.881 8.20734 -18.151       0
0 0 1
5
   0.399994   -0.149956 3.06507e-05
 18.6818  5.81738  224.434  8.20754 -17.9554        0
0 0 1
1
 0.550022 -0.699973   1.29998
-17.3515  106.046  84.8372        0        0        0
-1.90035e-05            1 -7.01418e-05
0
0.549964 0.699994     1.35
  -19.79 -117.681  94.1446        0        0        0
-2.24759e-05           -1 -7.65957e-05
3
4
   0.399999    0.150047 4.77458e-05
 30.1246 -10.1588  351.461 -9.66297 -28.1163        0
0 0 1
1
 0.550015 -0.699969   1.29999
-12.9285  179.352  143.482        0        0        0
-1.90035e-05            1 -7.01418e-05
0
0.549965 0.699994     1.35
-17.1963 -169.194  135.355        0        0        0
-2.24759e-05           -1 -7.65957e-05
4
4
   0.399995    0.150047 6.01908e-05
 9.26419 -77.4735  319.747 -25.5814 -12.6604        0
0 0 1
1
  0.55001 -0.699958   1.29998
-6.98055  147.505  118.004        0        0        0
-1.90035e-05            1 -7.01418e-05
0
0.549867 0.699975  1.35006
-7.96397 -169.483  135.586        0        0        0
-2.24759e-05           -1 -7.65957e-05
5
0.399989 -0.69999 0.300002
 5.67913  99.4516  56.9616 -7.95625   -12.66        0
-6.85448e-06            1 -4.68276e-06
3
4
   0.399991    0.150047 7.26367e-05
 8.04282 -122.273  549.907  43.9915 -27.8216        0
0 0 1
1
 0.550006 -0.699948   1.29998
-17.9357  45.5838  36.4671        0        0        0
-1.90035e-05            1 -7.01418e-05
5
 0.399979 -0.699981  0.300004
 9.89165   76.689  43.9241  6.13499 -27.8266        0
-6.85448e-06            1 -4.68276e-06
4
4
   0.399992    0.150047 7.27441e-05
 16.7091 -122.073  327.829 -26.2286 -15.4856        0
0 0 1
1
 0.550008 -0.699947   1.29998
-15.0559  169.512  135.609        0        0        0
-1.90035e-05            1 -7.01418e-05
5
0.399979 -0.69998 0.300005
0.425248   93.905  53.7847 -7.51274 -15.4829        0
-6.85448e-06            1 -4.68276e-06
0
0.499998 0.699997  1.70001
-2.07844 -141.344  113.075        0        0        0
-2.08602e-05           -1 -7.81734e-05
3
1
 0.550009 -0.699946   1.29998
-24.1866  677.044  541.635        0        0        0
-1.90035e-05            1 -7.01418e-05
5
0.399978 -0.69998 0.300005
-0.000801553   0.00139947  0.000801553 -0.000228683     -5.24263            0
-6.85448e-06            1 -4.68276e-06
0
0.499996 0.699994  1.70001
 24.1875 -677.045  88.6609        0        0        0
-2.08602e-05           -1 -7.81734e-05
4
1
 0.550008 -0.699946   1.29998
7.34807 256.932 205.545       0       0       0
-1.90035e-05            1 -7.01418e-05
5
0.399978 -0.69998 0.300005
-19.2403  198.907  113.925 -15.9119  26.5883        0
-6.85448e-06            1 -4.68276e-06
0
0.499995 0.699994  1.70001
 24.5585 -218.896  175.117        0        0        0
-2.08602e-05           -1 -7.81734e-05
4
0.400001      0.7      0.3
-12.6663 -236.942   135.71 -18.9554  26.5889        0
-6.85448e-06           -1 -4.68276e-06
3
5
0.399978 -0.69998 0.300005
 3.31216  541.056  309.893 -43.2842  24.4643        0
-6.85448e-06            1 -4.68276e-06
0
0.499996 0.699997  1.70001
15.4776 -46.252 37.0016       0       0       0
-2.08602e-05           -1 -7.81734e-05
4
0.400001      0.7      0.3
-18.7898 -494.804  283.402 -39.5844  24.4756        0
-6.85448e-06           -1 -4.68276e-06
4
0
0.499994 0.699989  1.70002
 19.3404 -240.819  192.655        0        0        0
-2.08602e-05           -1 -7.81734e-05
1
0.499998     -0.7      1.7
19.3544 240.611 192.489       0       0       0
-2.08602e-05            1 -7.81734e-05
4
0.400001      0.7 0.300003
-19.3547 -213.908  122.517 0.198103   27.639        0
-6.85448e-06           -1 -4.68276e-06
5
0.399999     -0.7 0.300003
-19.3402  214.116  122.636 0.198103   27.639        0
-6.85448e-06            1 -4.68276e-06
