2
4
   0.399993    0.150011 2.72273e-05
-9.28992e-07  1.14818e-05      314.463     -4.57036      8.47096            0
0 0 1
5
   0.399991   -0.149991 2.19901e-05
-8.73023e-07  -1.2454e-05      315.834     -4.57036      8.47096            0
0 0 1
3
4
   0.399996    0.150012 7.43251e-05
 7.49932 -9.78758  322.494  25.8035  23.2548        0
0 0 1
5
   0.399983    -0.14999 6.81341e-05
-6.25174 -9.78622  292.143  23.3758  23.2567        0
0 0 1
1
 0.549969 -0.699937   1.29993
-1.24754  19.5742  15.6594        0        0        0
-1.90035e-05            1 -7.01418e-05
4
4
   0.400007    0.149991 6.94177e-05
 47.4995  2.24449  230.688  9.31491 -18.4567        0
0 0 1
5
   0.399995   -0.150021 7.19064e-05
 43.9017  2.24493  227.914  9.31466 -18.2346        0
0 0 1
1
  0.54996 -0.699936   1.29993
-68.311 105.064 84.0514       0       0       0
-1.90035e-05            1 -7.01418e-05
0
0.249999 0.699994 0.949991
  -23.09 -109.554  87.6435        0        0        0
-1.62853e-06           -1 -1.19206e-05
3
5
   0.399995   -0.150021 7.32884e-05
  86.887  42.5116  362.574  29.0011 -29.0108        0
0 0 1
1
 0.549963 -0.699934   1.29993
 -88.61 146.071 116.857       0       0       0
-1.90035e-05            1 -7.01418e-05
0
    0.25 0.699984 0.949979
 1.72316 -188.583  150.867        0        0        0
-1.62853e-06           -1 -1.19206e-05
4
5
   0.399991   -0.150022 7.55488e-05
    19.5  126.473  328.398  26.2679 -26.2767        0
0 0 1
1
 0.549983 -0.699938   1.29994
-44.4556  139.923  111.938        0        0        0
-1.90035e-05            1 -7.01418e-05
0
0.249997 0.699972 0.949966
-0.58506 -164.496  131.597        0        0        0
-1.62853e-06           -1 -1.19206e-05
4
0.399999 0.699999 0.300001
25.5409  -101.9 58.3638 8.15196 -40.195       0
-6.85448e-06           -1 -4.68276e-06
3
5
   0.399987   -0.150023 7.78108e-05
-14.0636  152.363  524.917 -42.0011 -41.9867        0
0 0 1
0
0.249994  0.69996 0.949953
 -17.272 -79.7106  63.7684        0        0        0
-1.62853e-06           -1 -1.19206e-05
4
0.399998 0.699997 0.300001
 31.3359 -72.6526  41.6123 -5.81237 -74.7824        0
-6.85448e-06           -1 -4.68276e-06
4
5
   0.399986   -0.150022 7.83944e-05
4.84718 161.283 343.092 27.4456 -14.134       0
0 0 1
0
0.249997 0.699961 0.949953
 7.92383 -176.376  141.101        0        0        0
-1.62853e-06           -1 -1.19206e-05
4
0.399998 0.699997 0.300001
 17.1205 -97.6353  55.9212  7.81083 -14.1485        0
-6.85448e-06           -1 -4.68276e-06
1
 0.499998 -0.699998   1.70001
-29.8915  112.729  90.1828        0        0        0
-2.08602e-05            1 -7.81734e-05
3
5
   0.399985   -0.150022 7.89782e-05
  12.593  184.391  481.525  38.5197 -17.0619        0
0 0 1
4
0.399999 0.699997 0.300001
-2.70298 -215.832  123.619  17.2666 -17.0953        0
-6.85448e-06           -1 -4.68276e-06
1
 0.499997 -0.699996   1.70001
-9.88996  31.4414  25.1531        0        0        0
-2.08602e-05            1 -7.81734e-05
4
5
   0.400003   -0.150018 8.16051e-05
-0.466476   93.6924   323.113   25.8488  -2.84908         0
0 0 1
4
0.400018 0.699995 0.300008
 7.54088 -95.2633  54.5627  7.62086 -2.85089        0
-6.85448e-06           -1 -4.68276e-06
1
  0.49999 -0.699993   1.70001
-11.0498  158.674  126.939        0        0        0
-2.08602e-05            1 -7.81734e-05
0
0.399989 0.699996  1.54999
  3.9755 -157.103  125.683        0        0        0
-1.02819e-05           -1 -8.74148e-05
3
4
0.400018 0.699995 0.300008
-0.00418992 -0.00731536  0.00418992  0.00357976     66.2165           0
-6.85448e-06           -1 -4.68276e-06
1
 0.499989 -0.699993   1.70001
-32.8028  459.225  262.919        0        0        0
-2.08602e-05            1 -7.81734e-05
0
0.399987 0.699994     1.55
  32.807 -459.218  367.374        0        0        0
-1.02819e-05           -1 -8.74148e-05
4
4
0.400011 0.699993 0.300006
-9.49359 -210.205  120.396  6.44785  28.7263        0
-6.85448e-06           -1 -4.68276e-06
1
 0.499976 -0.699985   1.70001
11.6492  236.85  189.48       0       0       0
-2.08602e-05            1 -7.81734e-05
0
0.399971 0.699967  1.54996
 26.4126 -244.531  195.625        0        0        0
-1.02819e-05           -1 -8.74148e-05
5
 0.400008 -0.699996  0.299998
-28.5681  217.886  124.796  6.44785  28.7263        0
-6.85448e-06            1 -4.68276e-06
3
4
0.400011 0.699993 0.300006
3.86847 -539.48 308.991 43.1592  32.175       0
-6.85448e-06           -1 -4.68276e-06
1
 0.499976 -0.699985   1.70001
20.5819 54.1933 43.3547       0       0       0
-2.08602e-05            1 -7.81734e-05
5
 0.400008 -0.699996  0.299998
-24.4506  485.287  277.951  38.8226  32.1556        0
-6.85448e-06            1 -4.68276e-06
4
0
0.499994 0.699989  1.70002
 19.3404 -240.819  192.655        0        0        0
-2.08602e-05           -1 -7.81734e-05
1
0.499998     -0.7      1.7
19.3544 240.611 192.489       0       0       0
-2.08602e-05            1 -7.81734e-05
4
0.400001      0.7 0.300003
-19.3547 -213.908  122.517 0.198043   27.639        0
-6.85448e-06           -1 -4.68276e-06
5
0.399999     -0.7 0.300003
-19.3402  214.116  122.636 0.198043   27.639        0
-6.85448e-06            1 -4.68276e-06
