2
4
   0.399993    0.150011 2.72273e-05
-9.28992e-07  1.14818e-05      314.463     -4.57036      8.47096            0
0 0 1
5
   0.399991   -0.149991 2.19901e-05
-8.73023e-07  -1.2454e-05      315.834     -4.57036      8.47096            0
0 0 1
3
4
   0.399995    0.150003 4.05106e-05
  0.00106338 -0.000148634      293.067      -23.447     -17.1488            0
0 0 1
5
   0.399992   -0.150001 3.72296e-05
 -0.00063046 -0.000384001      337.231     -26.9801      -17.149            0
0 0 1
0
0.500036 0.699968  1.25001
-1.79717e-15 -2.66454e-15 -3.53884e-15            0            0            0
-1.16726e-05           -1 -4.20227e-05
4
4
   0.399991    0.150022 5.12719e-05
-6.67552 -3.33232  226.336 -4.99265  11.0988        0
0 0 1
5
   0.399988   -0.149982 4.07166e-05
-6.64273 -3.33238  227.834 -4.99265  11.0988        0
0 0 1
0
0.500025 0.699969  1.25001
 7.13726 -106.747  85.3975        0        0        0
-1.16726e-05           -1 -4.20227e-05
1
 0.500003 -0.699991   1.14999
6.18075 113.412 90.7297       0       0       0
-1.19208e-05            1 -1.30295e-05
3
5
  0.399988  -0.149984 4.1725e-05
-1.07004  14.9031  352.626  15.5139  1.56254        0
0 0 1
0
0.500022  0.69997  1.25003
-0.646732  -180.996   144.797         0         0         0
-1.16726e-05           -1 -4.20227e-05
1
 0.500003 -0.699991      1.15
1.71678 166.093 132.874       0       0       0
-1.19208e-05            1 -1.30295e-05
4
5
   0.399996   -0.149984 4.74215e-05
-14.6008  61.6571  320.614  16.0742  19.8787        0
0 0 1
0
0.500012 0.699968  1.25003
 13.7453 -136.999  109.599        0        0        0
-1.16726e-05           -1 -4.20227e-05
1
 0.499999 -0.699981   1.15001
5.99532 177.189 141.751       0       0       0
-1.19208e-05            1 -1.30295e-05
4
0.400002 0.700001 0.300006
-5.13974 -101.847  58.3336  8.14739  19.8786        0
-6.85448e-06           -1 -4.68276e-06
3
5
   0.400005   -0.149988 5.98043e-05
 4.72646  117.957  553.606 -44.2872  18.0231        0
0 0 1
0
0.499999 0.699967  1.25003
 6.19973 -40.1795  32.1436        0        0        0
-1.16726e-05           -1 -4.20227e-05
4
0.400003 0.700002 0.300013
-10.9262 -77.7779  44.5478 -6.22286  18.0313        0
-6.85448e-06           -1 -4.68276e-06
4
5
   0.400005   -0.149988 6.01003e-05
-20.2288  99.0038  327.282  26.1829  21.9207        0
0 0 1
0
0.500001 0.699965  1.25003
14.3245 -155.42 124.336       0       0       0
-1.16726e-05           -1 -4.20227e-05
4
0.400003 0.700002 0.300013
-6.49936 -97.2836  55.7198  7.78168  21.9182        0
-6.85448e-06           -1 -4.68276e-06
1
 0.500003 -0.700006   1.69998
12.4037   153.7  122.96       0       0       0
-2.08602e-05            1 -7.81734e-05
3
0
0.499995 0.699963  1.25005
0.0392374  -646.097   516.878         0         0         0
-1.16726e-05           -1 -4.20227e-05
4
0.400003 0.700002 0.300015
 -0.0236563  -0.0413025   0.0236563 -0.00149985     118.328           0
-6.85448e-06           -1 -4.68276e-06
1
0.500022     -0.7  1.69996
-0.0154521    646.138    113.396          0          0          0
-2.08602e-05            1 -7.81734e-05
4
0
0.499994 0.699963  1.25005
8.45872 -268.97 215.176       0       0       0
-1.16726e-05           -1 -4.20227e-05
4
0.400003 0.700002 0.300015
-13.2655 -187.905  107.624  15.0312  22.8646        0
-6.85448e-06           -1 -4.68276e-06
1
 0.500017 -0.699986   1.69999
18.4103 201.629 161.304       0       0       0
-2.08602e-05            1 -7.81734e-05
5
 0.4 -0.7  0.3
-13.6035  255.246  146.194  20.4197  22.8671        0
-6.85448e-06            1 -4.68276e-06
3
4
0.400003 0.700002 0.300015
 2.93302 -542.083  310.482  43.3654  15.8367        0
-6.85448e-06           -1 -4.68276e-06
1
 0.500011 -0.699972   1.70003
9.63291 41.0747 32.8597       0       0       0
-2.08602e-05            1 -7.81734e-05
5
 0.4 -0.7  0.3
-12.566 501.009 286.956 40.0807 15.8563       0
-6.85448e-06            1 -4.68276e-06
4
0
0.499994 0.699989  1.70002
 19.3403 -240.819  192.655        0        0        0
-2.08602e-05           -1 -7.81734e-05
1
0.499998     -0.7      1.7
19.3544 240.611 192.489       0       0       0
-2.08602e-05            1 -7.81734e-05
4
0.400001      0.7 0.300003
-19.3547 -213.908  122.517 0.198009   27.639        0
-6.85448e-06           -1 -4.68276e-06
5
0.399999     -0.7 0.300003
-19.3402  214.116  122.636 0.198009   27.639        0
-6.85448e-06            1 -4.68276e-06
