2
4
-1.20091e-07 -4.63633e-08 -8.50046e-07
-1.18712e-06 -4.90371e-06      315.159     0.095796     -4.97778 -7.11712e-08
0 0 1
5
-4.51478e-07      -0.2063 -9.07495e-07
-9.15829e-07  -4.8982e-06      315.139     0.095796     -4.97778 -7.11712e-08
-0 -0  1
2
4
-1.20091e-07 -4.63633e-08 -8.50046e-07
-1.18712e-06 -4.90371e-06      315.159     0.095796     -4.97778 -7.11712e-08
0 0 1
5
-4.51478e-07      -0.2063 -9.07495e-07
-9.15829e-07  -4.8982e-06      315.139     0.095796     -4.97778 -7.11712e-08
-0 -0  1
3
4
-9.76663e-07  -2.5601e-06  2.69528e-06
-0.00114042  0.00103023     334.278     13.3714     13.3709 0.000628957
0 0 1
5
-3.45929e-06    -0.206303  2.64458e-06
-0.00126452  0.00102611     255.339     10.2137     10.2134 0.000694959
-0 -0  1
1
   0.450001   -0.200023 1.12544e-05
 0.00217157 -0.00255763     40.6813           0           0           0
0 0 1
4
4
-1.01628e-06 -2.57621e-06  2.68985e-06
-0.000517083  7.18358e-05      244.045      3.92783      9.76174 -8.10192e-05
0 0 1
5
-3.52142e-06    -0.206303  2.63817e-06
 -0.00057652  6.13531e-05      243.236      3.92802      9.72937 -0.000348179
-0 -0  1
1
      0.45  -0.200023 1.1381e-05
 0.00244904 -8.8577e-05     70.8195           0           0           0
0 0 1
0
  0.449999       0.15 1.3483e-07
 -0.00142512 -4.43359e-05      72.1968            0            0            0
-0 -0  1
3
4
-1.90607e-05 -4.43369e-07  3.37702e-06
 5.85682e-05 -3.84779e-05      242.794     -8.89346      9.71189   7.1811e-05
0 0 1
5
-2.20916e-05    -0.206304  3.03823e-06
-2.26201e-05  -4.7472e-05      244.626     -8.89335      9.78516 -7.77499e-05
-0 -0  1
0
   0.449985    0.149974 3.22968e-06
-0.000308849 -9.21288e-05      142.878            0            0            0
-0 -0  1
4
4
-2.18235e-05 -1.08092e-06  3.78447e-06
-0.000112165   -0.0019791      212.534     -4.53825      8.50144    0.0078205
0 0 1
5
-2.54971e-05      -0.2063  3.42957e-06
 0.00137877 -0.00206776     213.469    -4.53749     8.53881  0.00564484
-0 -0  1
0
   0.449984    0.149974 3.75141e-06
-0.00165733  0.00131925     120.141           0           0           0
-0 -0  1
1
       0.65        -0.2 5.61553e-07
0.000322711  0.00277889     84.1533           0           0           0
0 0 1
3
4
-2.41322e-05 -1.63361e-06  4.12015e-06
0.00360421 0.00482116    281.717    11.2688    7.69837 0.00607797
0 0 1
5
-2.83512e-05    -0.206296   3.7599e-06
-0.00121814  0.00466951     184.596     7.38391     7.38374  0.00926106
-0 -0  1
1
       0.65        -0.2 1.03175e-06
-0.00241901 -0.00937053     163.985           0           0           0
0 0 1
4
4
-4.82549e-05 -0.000108231     8.08e-05
0.00472466 0.00259512    191.333     -6.186    7.65322  0.0109225
0 0 1
0
   0.699956   0.0500495 6.07147e-05
 0.00276398 -0.00202479     122.274           0           0           0
-0 -0  1
5
-3.82478e-06    -0.200034   9.3483e-06
   -0.00312  0.00154445     192.564    -6.18657     7.70249 -0.00428554
-0 -0  1
1
   0.699993   -0.250004 1.62751e-06
-0.00439557  -0.0023906     124.127           0           0           0
-0 -0  1
4
0
   0.679841    0.061889 0.000146009
0.484894 0.219227  210.594        0        0        0
-0 -0  1
1
   0.694946   -0.205991 0.000455929
0.432072 0.197686  194.549        0        0        0
0 0 1
4
-0.00204813  0.00526382  0.00653036
-0.369596 -0.179456   119.901    4.7091  -4.88149 0.0908295
0 0 1
5
-0.0060304  -0.203513 0.00777977
-0.547339 -0.237436   105.254   4.13005  -4.28822 -0.327121
-0 -0  1
