   0.375431  -0.0968118    0.736999    0.160123      1.4966   -0.167712  -0.0275845    -1.59199  -0.0151363    0.664783   -0.570418  0.00772875   0.0327892    -1.59046   0.0453382    0.655796    -0.56298  0.00893742  -0.0528316 -0.00699379   -0.687385    0.391496    0.412926    -1.13812   -0.204272    0.438762    0.205728   -0.677028   -0.420759    -0.41611      -1.062   0.0754917    0.356733   -0.189807
  0.081938  -0.220105   0.755191   0.215343    1.55477  -0.150256    1.09993   -1.63155    1.10401          0  0.0433358 -0.0108315  -0.578694   -1.91986  -0.608228   0.360222  -0.053781  -0.261799  -0.154706  -0.115385   -1.70297   0.736664   0.250233  -0.481731  -0.112482   0.705135  -0.230886   -1.58261  -0.503553  -0.280118  -0.511969   0.279314   0.605108  -0.266901
   0.20561  -0.230901   0.747254   0.283188    1.44676  -0.173523    1.21072   -1.59601    1.23528          0   0.130479 -0.0843401  -0.438015   -1.91986  -0.459535   0.853591  -0.414604  -0.261799   -0.25804  -0.109633    -1.3277   0.669073   0.328193  -0.479885 -0.0489281   0.496091  -0.235288   -1.18344  -0.461703  -0.394327  -0.532639   0.295434   0.367508  -0.415169
  0.206788  -0.231367   0.746995   0.282279    1.44639  -0.170742    1.19449   -1.59616    1.21879          0   0.131343 -0.0862257  -0.432082   -1.91986  -0.453478   0.858266  -0.418001  -0.261799  -0.258424  -0.110772   -1.32343   0.668866   0.328922   -0.48209  -0.045804   0.495547  -0.237164   -1.17969  -0.459456  -0.396671  -0.535372   0.298814   0.367066  -0.417541
   0.19595  -0.150454   0.766915   0.193617    1.45872  -0.173556    1.36041   -1.62913    1.38652          0   0.121232  0.0387362  -0.572266    -1.7079  -0.565229          0   0.226657 -0.0927709  -0.113833 -0.0265654   -1.34688   0.622451   0.360865  -0.413261  -0.145643   0.400667 -0.0570811    -1.3091  -0.563636  -0.349988  -0.369495   0.213816   0.311585  -0.218659
  0.196333  -0.149773   0.767017   0.191958    1.45867  -0.172211    1.35392   -1.62953    1.37995          0   0.121757  0.0393706  -0.581039   -1.70718  -0.574213          0   0.225465 -0.0931224   -0.11276 -0.0261949   -1.34587   0.621719   0.361215  -0.412943  -0.146643   0.399332 -0.0551081   -1.30881  -0.564361  -0.349475  -0.368423   0.212658   0.310481  -0.217412
   0.258619   -0.116165    0.770637    0.130855     1.51267   -0.123591     1.16887    -1.65619      1.1819   0.0426119   0.0475935   0.0721474   -0.692853    -1.65936   -0.690874           0    0.126033  -0.0637018  -0.0470037   0.0964941    -1.26252    0.451004     0.37327   -0.494866   -0.217113    0.308766   0.0603178    -1.66926   -0.763426   -0.289755   -0.337834    0.182486    0.566786 -0.00412471
    0.259808    -0.113852     0.770821     0.126822      1.51266    -0.120149      1.15928     -1.65848      1.17231    0.0458713    0.0460044    0.0745359    -0.705464     -1.65663    -0.703526            0     0.123241   -0.0622449   -0.0436289    0.0963191     -1.25827     0.448646     0.374816    -0.497169    -0.222614     0.306609    0.0683808     -1.66813    -0.763298    -0.290413    -0.337178     0.181616     0.565202 -0.000306205
    0.386419    -0.164231     0.768695    0.0962457      1.45056   -0.0525832      1.13695     -1.62117      1.14934      0.41854    -0.277824   0.00308371    -0.734445     -1.71007    -0.744321 -5.41234e-16     0.223375    -0.138142     -0.17729   -0.0194544    -0.984676     0.520738     0.401378    -0.448322    -0.230223     0.105994    0.0652365     -1.30473    -0.624208    -0.408171    -0.294983     0.103902     0.259736    -0.139104
    0.387784      -0.1613      0.76885    0.0947931       1.4509   -0.0539091      1.14051     -1.62286      1.15325     0.423055     -0.28217   0.00750077    -0.734112       -1.708    -0.743487 -5.34295e-16     0.221545    -0.133859    -0.170257   -0.0187756    -0.977158     0.517041     0.408835     -0.45437    -0.237214     0.103098    0.0744196     -1.30461    -0.621942    -0.406165    -0.297362     0.107068     0.260435    -0.137093
  0.404672  -0.128768    0.76908  0.0873363    1.45881 -0.0779108    1.16867   -1.64026    1.18549   0.467041  -0.329136  0.0559115  -0.749283   -1.68712  -0.752814          0   0.197092 -0.0888481 -0.0910375 -0.0208662   -1.32096   0.585553   0.384364   -0.43213  -0.225765   0.388312  0.0157328   -1.31484  -0.590916  -0.366049  -0.308166   0.145056   0.260326  -0.126923
   0.403717   -0.130964    0.768943   0.0884191     1.45913  -0.0774118     1.17376    -1.63893     1.19032    0.463986    -0.32722   0.0532043   -0.749221    -1.68932   -0.753109 1.04083e-17    0.198379  -0.0919637  -0.0956767  -0.0227308    -1.32579    0.586836    0.384482   -0.430654    -0.22717    0.391138    0.010223    -1.31534   -0.589939   -0.366836   -0.308962    0.145582    0.261077   -0.130842
  0.414323  -0.119296   0.771446  0.0991794    1.45941  -0.090525    1.20855   -1.65481    1.22861  0.0311416   0.108476  0.0714981  -0.759382   -1.66985  -0.759198          0   0.183194 -0.0765687 -0.0700335 -0.0170724   -1.29815   0.576493   0.403085  -0.424579  -0.228259   0.356546  0.0327781   -1.30351  -0.593441  -0.358076  -0.306458   0.151489   0.249096  -0.124593
  0.411107  -0.122636   0.770786  0.0977982    1.45923 -0.0883118    1.20627   -1.65084     1.2256  0.0211029   0.117585  0.0668085  -0.761279   -1.67551  -0.762079          0   0.187363 -0.0815362 -0.0770773 -0.0183783   -1.30806   0.579512   0.400263   -0.42247  -0.229356    0.36427  0.0250219   -1.30736  -0.592776  -0.359597  -0.306782    0.15102   0.252754  -0.127901
   0.443838   -0.133359    0.768317    0.107774     1.51324  -0.0974076      1.2147    -1.63677     1.22456           0    0.079919   0.0519092   -0.718106    -1.69317   -0.720708   0.0109503    0.138716  -0.0909004  -0.0897786   0.0976841    -1.32712    0.454683    0.368923   -0.461298   -0.245499    0.335981   0.0246563    -1.69536   -0.786574   -0.298781   -0.316359    0.166535    0.568557 -0.00783933
   0.443261   -0.131509    0.768119    0.108159     1.51351  -0.0976319     1.21547    -1.63962     1.22551           0   0.0805768   0.0544574   -0.716992    -1.68916    -0.71918  0.00377235    0.142707  -0.0882818  -0.0865249   0.0984875    -1.32709    0.452308    0.369881   -0.462471   -0.247995    0.336255   0.0289385    -1.69835   -0.787565   -0.297437   -0.316565     0.16771    0.570945 -0.00497288
  0.550414   -0.22762   0.758872   0.120205    1.44393 -0.0219519    1.20597    -1.5889    1.21098   0.334836  -0.201486 -0.0810346  -0.665301   -1.76573  -0.687646          0   0.279209  -0.222334  -0.328142  -0.036666   -1.16747   0.564284   0.326334  -0.339557  -0.164461   0.197453  -0.147864   -1.32512  -0.673728   -0.46384  -0.240787  0.0239939   0.263772  -0.147597
  0.550195  -0.227507    0.75881   0.120672    1.44387 -0.0226267     1.2114   -1.58922    1.21654   0.335853  -0.202425 -0.0804862  -0.661826   -1.76591   -0.68404          0   0.279848  -0.221689  -0.328534 -0.0365047   -1.16647   0.563758   0.325328  -0.342799  -0.165171   0.199747  -0.146212   -1.32455  -0.673825  -0.465173  -0.242255  0.0224048   0.264851  -0.145306
  0.585796  -0.217767   0.755987   0.117787    1.51066 -0.0451322    1.19124   -1.57572    1.19422   0.294823  -0.232807 -0.0680277   -0.65797   -1.78369  -0.674353          0   0.227883  -0.205125  -0.301518   0.103563   -1.17608   0.433432   0.273913  -0.408031  -0.183427   0.162065  -0.102008    -1.7307  -0.945755  -0.392048    -0.2987  0.0733639   0.620647 0.00892835
  0.585962  -0.217288    0.75606   0.117942    1.51066 -0.0456794     1.1921   -1.57609    1.19515   0.295678  -0.233532 -0.0672889  -0.656158    -1.7833  -0.672423          0   0.227819  -0.204169   -0.30112   0.103584   -1.17459   0.433482   0.271887  -0.409752  -0.186102   0.162433 -0.0965105     -1.731  -0.945568  -0.393221  -0.297904  0.0740015   0.619929  0.0100355
  0.668349  -0.231718    0.73088   0.118056    1.39246 -0.0492783     1.2507   -1.55346    1.25664   0.704949  -0.532033 -0.0847901  -0.541624   -1.84258  -0.576325          0   0.409624  -0.217184  -0.355541  0.0562911  -0.923879   0.521066   0.249119   -0.34964  -0.187531  0.0127666  0.0114585   -1.42435   -0.80804  -0.512128   -0.21138  -0.027338   0.399791 -0.0225939
   0.668369   -0.230984    0.730872    0.118207     1.39231  -0.0505853     1.25449    -1.55367     1.26071    0.706677   -0.533491  -0.0834302   -0.542764    -1.84251   -0.577283 6.93889e-18    0.409571   -0.216194    -0.35265   0.0566485   -0.920953    0.521099    0.249043   -0.351816   -0.193248   0.0120501   0.0214397    -1.42488   -0.805977   -0.509398    -0.21423  -0.0240376    0.401735  -0.0253893
   0.719191    -0.22925    0.727999   0.0939763     1.50591   -0.063073     1.14525    -1.50763     1.14634    0.569432   -0.530471  -0.0884982   -0.596208     -1.8898   -0.628702 3.46945e-18    0.326927   -0.216665   -0.336764     0.21907   -0.948866    0.392749    0.201899   -0.453807   -0.268789  -0.0316229   0.0647067    -1.92418    -1.06448   -0.352396   -0.350442    0.119438    0.795691   0.0645259
  0.769925  -0.108697    0.73454  -0.531977    1.49614   0.376841     1.2673   -1.51165    1.23645   0.743362  -0.693135  0.0981282    -0.4558   -1.91986  -0.521791   0.207983   0.168109 -0.0175463  -0.142069   0.250069   -0.90981   0.225178   0.922362  -0.298605  -0.440852  -0.353825  -0.295143   -1.89445  -0.940654  -0.357437  -0.257681    0.06063   0.676964   0.198763
   0.777405    -0.10794    0.738108   -0.536089     1.47172    0.371918       1.204    -1.49471     1.16249    0.761179   -0.698784   0.0923343   -0.484585    -1.91986   -0.565717    0.258639    0.133354  -0.0226645 0.000818826    0.373337    -1.21437    0.188706    0.972785     -0.3258   -0.408094  -0.0259952   -0.370272    -1.87005   -0.920739   -0.246592   -0.292108    0.198003    0.705815   0.0923317
  0.700962   -0.27561   0.721774  -0.469498    1.52382     0.5896   0.901124   -1.48495   0.874188   0.354691  -0.370542  -0.186584  -0.369156   -1.91986  -0.423675          0   0.359807  -0.261799  -0.295367   0.178338   -1.53262   0.325315   0.826337   -0.21637  -0.472551   0.239824  -0.498879   -2.09894   -1.02645  -0.200152  -0.236564   0.265761    0.77989 -0.0758684
  0.720155  -0.271755   0.736645   -1.35212    1.33679    1.46795    1.46006   -1.52387    1.22654          0 0.00806876  -0.162803  -0.170851   -1.91986  -0.430212   0.083656    0.25998  -0.261799 -0.0955253   0.149939    -1.5205   0.352225   0.859054  -0.187011  -0.511571   0.190746  -0.495966   -1.96115  -0.982209  -0.370257  -0.373069   0.281318   0.805127 -0.0342047
    0.754331    -0.225832     0.753964     -1.36026      1.29601      1.44132      1.49211     -1.55393        1.219     0.105287   -0.0760151    -0.101702    -0.111548     -1.83934     -0.40075     0.070495     0.212972    -0.189661 -0.000633993     0.138025      -1.4098     0.352024     0.899785    -0.196667    -0.478596    0.0848448    -0.483262     -1.88653    -0.951527    -0.398906    -0.312839     0.249554     0.701643  -0.00173004
   1.23811  -0.183151   0.667583   -1.46299   0.978241    1.33909    1.00167  -0.902678   0.474661   0.204148   -0.68201  -0.204087  -0.410071   -1.91986   -1.05755    0.99455  -0.682939  -0.219693   0.125684  -0.231555  -0.161939   0.573545    1.09944 -0.0494773  -0.340227  -0.910634  -0.165818  -0.882091  -0.178994  -0.211237  -0.318625 -0.0744732  -0.279612  -0.408642
   1.07147   -0.22511   0.740134   -1.37742     1.0089    1.31112    1.07587   -1.08569   0.547544   0.126658   -0.40801   -0.21984  -0.333444   -1.91347  -0.947908   0.601254  -0.253365  -0.251344   0.170248 -0.0909309  -0.635276   0.688563   0.925233  0.0196578  -0.494318  -0.572665  -0.137257   -1.16411  -0.447531  -0.287887  -0.253868 -0.0416235  0.0367144  -0.345765
  0.801815  -0.301984   0.717275   -1.21131    1.00985    1.43502    1.65806   -1.55129    1.10006   0.189433  -0.126118  -0.261799   0.510309   -1.91986 -0.0508194          0   0.420791  -0.261799   0.344249  -0.100627   -1.60754   0.635402   0.977254  -0.165638  -0.370159   0.382038  -0.668183   -1.78768  -0.642229  -0.209456  -0.226016   0.450104   0.635421  -0.445585
  0.913424   -0.27046   0.751682   -1.30845   0.932922    1.36335    1.37717   -1.33415   0.743778   0.166522  -0.217482  -0.255618   0.171117   -1.91986  -0.502933   0.337394  0.0960575  -0.261799    0.31566 -0.0234526   -1.42546   0.643738   0.823674 -0.0226503  -0.545838   0.115911  -0.358604   -1.42759  -0.670439   -0.24975  -0.264842   0.119624   0.371005  -0.392165
     1.22773    -0.031312     0.745326    -0.515171      1.56279     0.359834     0.269046     -1.30269      0.27516     0.182524    -0.433407    0.0831929   -0.0761824     -1.59182   -0.0789104     0.187183      -0.1586     0.153612     0.110279    -0.111818    -0.672123     0.446034      1.10998   -0.0559152    -0.278839    -0.713994   -0.0866422     -1.21918    -0.385635    -0.229122    -0.087829    0.0820014    -0.189131 -0.000247071
    0.989339    -0.232692     0.768153    -0.559357      1.41885     0.616748     0.668868     -1.39057     0.575859 -5.20417e-18   -0.0271212    -0.161566    -0.300104     -1.88132    -0.422033     0.316743    0.0930214     -0.18934    -0.227681   -0.0142012     -1.24587     0.573928     0.865173    -0.100282    -0.485906  -0.00229747    -0.386294     -1.28073    -0.631728    -0.401592    -0.235855    0.0934862     0.194506    -0.293054
    0.857039    -0.218471     0.732213     -1.18118      1.33898      1.35038      1.65806     -1.66245      1.43691 -5.20417e-18    0.0629154   -0.0841506     0.484666     -1.91986     0.279228            0     0.387302    -0.080408      0.18302    -0.167412     -1.85138     0.757913     0.828693    -0.207719    -0.492105     0.560106    -0.398033     -1.76334    -0.494373   -0.0364205    -0.240078     0.399781     0.587619    -0.457556
    0.857055    -0.218729     0.732179     -1.18104      1.33925      1.35029      1.65806     -1.66216      1.43716 -4.68375e-17    0.0628149   -0.0844684     0.482661     -1.91986      0.27736            0     0.387428   -0.0810592     0.182448    -0.167554     -1.85154     0.758202     0.828274     -0.20769    -0.491754      0.56031    -0.398422     -1.76333    -0.494837   -0.0321207    -0.239901     0.396165     0.587653    -0.458741
   1.05428  -0.102429    0.77861  -0.718272    1.42641   0.702402    1.61779    -1.6605    1.53421   0.135168 -0.0213773   0.100892  -0.637585   -1.66907  -0.740847    0.12044  0.0626832 -0.0560602   0.101226 0.00999357   -1.33313   0.490877    1.01202  -0.301923  -0.499643   0.167554  -0.252128    -1.2781  -0.611205  -0.194793  -0.236118   0.247714   0.169613   -0.33351
   1.05547  -0.100199   0.778659    -0.7154    1.42675   0.698722    1.61728   -1.66273    1.53459   0.138428 -0.0244841   0.103977  -0.652336   -1.66692  -0.754825   0.121173  0.0595137  -0.054787   0.103935  0.0104674    -1.3296   0.487301     1.0152  -0.304626  -0.499591   0.165089  -0.250651   -1.27797  -0.612305  -0.196479  -0.233162   0.244656   0.166601  -0.325798
   1.06833  -0.215101   0.767209   -1.05477    1.39203    1.08023    1.39098   -1.52898    1.22989          0  0.0699981 -0.0716463  -0.190658   -1.91986  -0.380329   0.522901  -0.112123  -0.160018  -0.079316  0.0492251     -1.489    0.51621   0.817966  -0.159697  -0.722244   0.201604  -0.144017   -1.61374  -0.761146  -0.344973  -0.197488    0.14359   0.414756  -0.150644
  1.02425 -0.261082  0.754821   -0.8585   1.46537  0.904645   1.65806  -1.50514    1.5708         0 0.0652868 -0.114646 -0.536869  -1.91986 -0.663799  0.317241 0.0289131 -0.261799 -0.155147 0.0555904   -1.6091   0.53969   0.93457 -0.203132 -0.599781  0.321117 -0.439359  -1.73275  -0.73609 -0.234979 -0.247468  0.234354  0.547693 -0.277589
   1.37916 -0.0452019   0.741769    2.77419    1.73201   -2.80766   0.199848   -1.59846   0.147274   0.806989  -0.627383  0.0335152  -0.362771   -1.46298  -0.411544   0.620283  -0.566775  0.0729728   0.238731  0.0357891   -0.89306   0.403775   0.511243  -0.411215   0.566071  -0.042367  -0.485923  -0.794039  -0.437168  -0.477672  -0.848047   0.157772   0.335566  0.0409536
