   0.375431  -0.0968118    0.736999    0.160123      1.4966   -0.167712  -0.0275845    -1.59199  -0.0151363    0.664783   -0.570418  0.00772875   0.0327892    -1.59046   0.0453382    0.655796    -0.56298  0.00893742  -0.0528316 -0.00699379   -0.687385    0.391496    0.412926    -1.13812   -0.204272    0.438762    0.205728   -0.677028   -0.420759    -0.41611      -1.062   0.0754917    0.356733   -0.189807
  0.130696 -0.0795849   0.763678   0.170202    1.56901  -0.183884  0.0941224   -1.91986   0.100608   0.519145  -0.169923   0.048043  0.0614357   -1.88863  0.0651443   0.470006  -0.151015  0.0341153 -0.0127444 0.00560956   -1.38108   0.524916   0.335966  -0.881152  -0.201438   0.762504  0.0286273   -1.31923  -0.683041   -0.22987  -0.887789 -0.0395898   0.758405  -0.030166
  0.475771 0.00813367   0.717974  0.0619369     1.5507  -0.304568   0.186353   -1.40269   0.194501   0.493636  -0.639441   0.210338   0.184816   -1.67151   0.192142   0.466906  -0.348826   0.261799   0.237096   0.120213   -0.59196   0.068566   0.821152   -1.08689  -0.174754  0.0778432  0.0557361  -0.633214  -0.503362  -0.211954  -0.989844  0.0295146   0.258826 -0.0908528
   0.47657 0.00901426   0.717815  0.0603557     1.5512  -0.304734   0.185641   -1.39952    0.19374   0.489149  -0.638563   0.211604   0.176634   -1.66675   0.183642   0.459399  -0.346309   0.261799   0.239849   0.121031  -0.592322  0.0670621   0.824175   -1.08366  -0.171901  0.0738689  0.0528511  -0.633735  -0.504559  -0.209458   -0.98767  0.0290134   0.257698 -0.0902428
  0.614123 -0.0293252   0.705547   0.152112     1.6297  -0.195386  0.0883531   -1.65976   0.076811   0.656523  -0.625608  0.0505307  -0.280487    -1.3104  -0.306193  0.0658644  -0.372583   0.121283   0.110308 -0.0331253  -0.497212  0.0615402   0.740382  -0.949092  -0.073476  -0.248301 -0.0912495  -0.447982  -0.336254  -0.428972  -0.937392  0.0678762  -0.139337 -0.0749483
   0.326272  -0.0383805    0.770874    0.132646     1.49401   -0.173284  -0.0996172    -1.91986  -0.0944164    0.638176   -0.214836  0.00897953   -0.584366    -1.53517   -0.569959 3.46945e-18   0.0456733   0.0602701    0.114017   0.0258143   -0.988782    0.319238    0.746924   -0.759889   -0.150247    0.250528   -0.113122   -0.957374   -0.557037   -0.327045   -0.772156    0.038962    0.372725 -0.00755621
   0.403841  -0.0022831    0.757058   0.0988434     1.51353   -0.181391  -0.0469732    -1.91986  -0.0397315    0.791094   -0.385909   0.0694463   -0.442043    -1.45225   -0.431595 8.67362e-19  -0.0513233      0.1323    0.108818   0.0392121   -0.887714    0.146245    0.844778   -0.872426   -0.322652    0.142661  -0.0509599    -1.23831   -0.646202   -0.278732   -0.727065  -0.0761412    0.583618    0.147476
    0.40184 -0.00366367    0.757594    0.101234     1.51348   -0.182268  -0.0495886    -1.91986  -0.0425104    0.786312   -0.381124   0.0669828   -0.444562    -1.45492   -0.433993 8.67362e-19  -0.0487446    0.129936    0.108202   0.0412142   -0.892334    0.150438    0.840562   -0.866384    -0.32058    0.144399  -0.0509416    -1.24198   -0.648539   -0.277245    -0.72612   -0.071997     0.58624    0.143193
    0.394655   0.00745372     0.759195     0.118283      1.49657    -0.201475   0.00994172     -1.91986    0.0272034     0.795665    -0.373925    0.0932768    -0.489856     -1.44971    -0.473951   0.00864956   -0.0436249     0.138967     0.173131    0.0897123     -1.26563      0.32976     0.788303    -0.738987    -0.346933     0.459596   -0.0369583     -1.29343    -0.675553    -0.244283    -0.660718 -0.000701282     0.593739     0.137933
   0.391939  0.00611488    0.759765    0.120673     1.49764   -0.200145   0.0179899    -1.91986   0.0356503    0.786971   -0.366324   0.0924322   -0.498322    -1.45093   -0.482733  0.00430011  -0.0387264    0.135616    0.169702   0.0868545    -1.27428    0.333671     0.78526   -0.734394   -0.350169     0.46295  -0.0374415    -1.30132   -0.676666   -0.243299   -0.656724 0.000754294    0.594814    0.136182
  0.437185 0.00569887   0.746212   0.114829    1.55572  -0.198585  0.0141738   -1.91986  0.0184174   0.800666  -0.436792  0.0902954   -0.45802   -1.44196  -0.457514          0   -0.10086   0.140515   0.117695   0.227311   -1.27328   0.105497   0.723196  -0.841821  -0.463989   0.441742 0.00518889   -1.71546  -0.850785  -0.186054  -0.624817  0.0585765   0.867888   0.214965
     0.43718   0.00588624     0.746201     0.114629      1.55566    -0.198363    0.0156006     -1.91986    0.0199538     0.800708    -0.436782    0.0907974    -0.458813      -1.4418    -0.458304 -1.73472e-18    -0.100893     0.140651     0.117266     0.226581     -1.27313     0.105083     0.723451    -0.842985    -0.465138     0.442356   0.00534819     -1.71617    -0.850875    -0.186187    -0.623008    0.0579148     0.866714     0.215487
   0.493342   0.0622175      0.7218   0.0309315     1.51412   -0.247703    -0.20184    -1.91986   -0.203642     1.01721   -0.619634    0.148034   -0.694493    -1.60355   -0.681962 -1.9082e-17   0.0804167    0.196539    0.229036     0.28955    -1.11213   0.0142104    0.864458   -0.890155   -0.516899    0.326743   0.0769918    -1.57571   -0.800637   -0.192317   -0.574998   0.0104283    0.784962    0.271464
    0.493573    0.0624142     0.721656    0.0301461      1.51389    -0.247784    -0.204499     -1.91986    -0.206467      1.01814    -0.620522     0.147953    -0.688835     -1.60339    -0.676232 -2.08167e-17    0.0806312     0.197653     0.228728     0.289749     -1.11216    0.0129711     0.866606    -0.890892    -0.518319     0.326271    0.0758506     -1.57446    -0.800791    -0.193093    -0.575211   0.00910864     0.784589     0.272198
    0.586356    0.0244347     0.730364     0.094388      1.61661    -0.223191     0.108603      -1.6262    0.0984346     0.543697    -0.533144     0.134751    -0.673367     -1.55797    -0.683902 -4.85723e-17   -0.0545818     0.137206     0.103375     0.253187    -0.896786            0     0.492909     -1.11596    -0.615018     0.345272     0.359134     -2.01006    -0.842624    -0.130009    -0.506187     0.115522     0.919482     0.272156
  0.688215  -0.213076   0.708179 -0.0300091    1.41111  0.0929518   0.270402   -1.05805   0.267633   0.170341  -0.507267  -0.195641  -0.179015   -1.91986  -0.218665    1.17407  -0.673192  -0.139273  -0.330017 -0.0714062  -0.445282   0.526672   0.346309   -1.10565  -0.129664   0.356106  0.0977903    -1.3237  -0.544955  -0.768021  -0.578407  0.0825509   0.565332  0.0964896
  0.511377  -0.262201   0.723694  -0.100786    1.54591   0.203652   0.491683   -1.32698   0.496367  0.0210245  -0.211716  -0.217931  -0.365311   -1.91986  -0.395203          0   0.348659   -0.23503  -0.360309    0.12367   -1.23474   0.405432   0.159906  -0.762429 -0.0705293   0.545178  -0.206357   -1.95488  -0.967658  -0.537196  -0.419707    0.32289   0.837764  0.0520564
  0.511229  -0.262053   0.723707 -0.0962772    1.54587   0.199287   0.490389   -1.32679   0.495168  0.0201436  -0.211083  -0.217907  -0.363394   -1.91986  -0.393086          0   0.348983  -0.234498  -0.357417    0.12416   -1.23314   0.407677   0.158496   -0.76285 -0.0652822   0.544114  -0.205601   -1.95872  -0.964871  -0.534969   -0.41736    0.32895   0.836953  0.0496674
   0.653387   -0.111458    0.714751   -0.178485     1.70055   0.0136584    0.668088    -1.37372    0.696092    0.255526   -0.538238   0.0379746   -0.696486    -1.89344   -0.693597           0    0.119139  -0.0412046   -0.181376    0.492143   -0.862049           0    0.255173    -1.24169   -0.326894    0.355648 -0.00167718    -2.76992   -0.856712   -0.141507   -0.344065    0.630538     1.08377    0.255827
   0.796851  -0.0281567    0.700086    -1.64976     1.04326     1.42336    0.781754   -0.940455    0.301206 1.73472e-18   -0.533248   0.0305731    0.298611    -1.88643     -0.2412    0.882829   -0.501459    0.132133    0.523599    0.197698   -0.713023    0.165004    0.673629   -0.354926   0.0995171   -0.472252   -0.375865    -1.93025   -0.783889   -0.406547   -0.164366    0.230635    0.630701    0.221573
 0.777166 0.0124645  0.709005  -1.82176   1.03237   1.51574  0.863581  -1.01936  0.371571 0.0237116 -0.515264  0.107021  0.191442  -1.91986 -0.370339  0.327104 0.0284315  0.174086  0.523599  0.341876 -0.856119 0.0740922  0.717797 -0.321114  0.132926 -0.492954 -0.558575  -2.03958 -0.904579 -0.391805 -0.232497  0.171005  0.740109  0.364403
  0.729172  -0.113046   0.731825    -1.6397   0.969183    1.45906    1.06622   -1.07167   0.505723   0.089327  -0.469304 -0.0731015  -0.018904   -1.91986  -0.661092   0.236811    0.10757 -0.0508726   0.392159   0.371467   -1.01213   0.178967   0.594019  -0.289092  0.0374904  -0.267876  -0.577462   -2.08739   -1.07399  -0.396731  -0.265403   0.205562    0.77709   0.262899
  0.749606  -0.106642   0.728291   -1.62667    1.05781    1.41642   0.970291   -1.04847   0.501742   0.139676  -0.529143 -0.0521422  -0.249228   -1.91986  -0.807534   0.245447  0.0790462 -0.0598472   0.523599   0.468907   -1.29094   0.227616   0.801961  -0.164438   0.139117 -0.0698088   -0.72072   -1.99839  -0.905583  -0.242508  -0.303613   0.373202   0.788775  0.0864877
  0.818661   0.124039   0.680417   -1.79288   0.984999     1.4356   0.771027   -1.15108   0.200486   0.386307  -0.723578   0.253703  -0.716771   -1.68495   -1.30827   0.165323 -0.0604778   0.224336   0.523599   0.420977   -1.34016          0   0.774431   0.152723   0.538236  -0.732622   -1.13495   -1.83301   -1.20968  -0.656548  -0.328803 -0.0966227   0.864324   0.745961
   0.940465   0.0754091    0.629917    -1.86466    0.945023     1.32766    0.927222   -0.754081    0.390283    0.228935   -0.859203    0.208624   -0.693299    -1.87433    -1.35836    0.651852   -0.437876    0.192603    0.523599     0.61357    -1.12627           0    0.678833       0.298    0.324825   -0.906005    -0.84892    -2.02925    -1.25131    -0.50951   -0.358775 -0.00424436    0.999377    0.627843
     0.91364    -0.108725     0.662971     -1.64576     0.658537      1.26579       1.3782    -0.722742     0.549345     0.340376    -0.847836    -0.149362    -0.592396     -1.91986      -1.5708     0.777881    -0.522318   -0.0945721     0.523599     0.544974    -0.731116 -2.91434e-16     0.272136    -0.905405      -1.0617     0.272934      0.51675     -1.87486      -1.4058     -0.73905    -0.221936    0.0176689     0.851332     0.497203
 0.876405 -0.187656  0.723023  -1.62225   1.03481   1.49761   1.48306  -1.30048  0.957403  0.512206 -0.632124 -0.105884 -0.914901  -1.91986  -1.46971  0.281938  -0.20548 -0.233109  0.230644  0.492391  -1.10116  0.128427  0.353315 -0.515622 -0.737525 0.0466927  0.269427  -2.33764  -1.15326 -0.293357 -0.465477   0.34113   1.00514    0.2567
   0.88692  -0.222336   0.714011   -1.61534   0.615093    1.50595    1.61919   -1.03472   0.719441          0  -0.364022  -0.261799  -0.406351   -1.91986   -1.39129   0.475332  -0.354173  -0.261799   0.386252   0.544419   -1.34353  0.0935753 -0.0339175  -0.226594   -1.47172   0.162552    1.09097  -0.679779   -1.85074   -1.30793  -0.385418  -0.605512    1.00285   0.265229
    0.911346    -0.216891     0.704184     -1.62531     0.611081      1.51341      1.59543      -1.0111     0.699451 -3.46945e-18     -0.39705    -0.261799    -0.552927     -1.91986     -1.53153     0.478253    -0.413925    -0.261799     0.282899     0.368346     -1.74011            0     0.196575   -0.0402846     -1.26166     0.479603     0.546286    -0.761502     -1.62609     -1.22379     -0.44222    -0.761624     0.968322     0.299655
 0.956249 -0.221572  0.700276  -1.50096  0.732121   1.41297   1.42856  -1.05008  0.626043  0.258674 -0.571187 -0.261799 -0.217525  -1.90239  -1.10865  0.801884 -0.526973 -0.261799  0.117368  0.305088   -1.4643 0.0484508  0.204199 -0.324211  -1.07188  0.489593  0.279294  -1.06736  -1.42573   -1.3495  -0.29494 -0.432729  0.830112  0.493917
   1.03047  -0.230641   0.717437   -1.41546   0.731941    1.50513    1.46106   -1.31644   0.631431   0.220752   -0.37823  -0.260704 0.00234867   -1.77066  -0.852882   0.785374  -0.603404  -0.261799   0.069688  0.0907109   -1.27494    0.16867   0.225947  -0.396596   -1.02707   0.387285   0.221895  -0.976616   -1.16209   -1.48618  -0.315657  -0.466763   0.689274   0.602277
 0.995009 -0.223072  0.725619  -1.45034  0.661379   1.52262   1.52074  -1.28001  0.625608 0.0563109 -0.255742 -0.259693  -0.11593  -1.76906   -1.0401    0.6803  -0.54027 -0.261799  0.224434 0.0992359  -1.31788  0.164262  0.283116 -0.426255 -0.970442  0.395498  0.172749  -1.21234  -1.22082  -1.27303 -0.321665 -0.319106  0.712223  0.502029
  1.01974 -0.201265  0.716199  -1.51108  0.649858   1.57592    1.5165  -1.27104  0.617625 0.0276569 -0.278643 -0.234672 -0.139929  -1.76651  -1.06841  0.672732 -0.581555 -0.234197  0.245808 -0.120385  -1.59468  0.183156  0.276616 -0.429626   -1.0153  0.715354  0.109582  -1.36068 -0.970495   -1.2076 -0.321762 -0.327465  0.653901  0.565548
  1.01883 -0.202494  0.716026  -1.51203  0.650224   1.57643   1.51987  -1.26976  0.621686 0.0247114   -0.2765  -0.23575 -0.143214  -1.76921  -1.07145  0.671789 -0.580205 -0.236211  0.244295 -0.121217  -1.59762  0.183462  0.277539 -0.430455  -1.01466  0.717711  0.105089  -1.36463 -0.970659  -1.20589  -0.32074 -0.324644  0.654194  0.562442
  1.05028  -0.22472  0.732553  -1.55065  0.643814   1.46317   1.58253  -1.08695  0.690603 0.0273899 -0.322285 -0.257337 -0.176519   -1.8942  -1.14701   0.49562 -0.268756 -0.250367  0.241147 0.0247151  -1.56878  0.226926  0.299034 -0.422454 -0.991759  0.657937  0.071549  -1.34337 -0.916746  -1.23117 -0.312867 -0.333025   0.58915  0.578605
  0.899525  -0.189689   0.734762   -1.62955    1.09955    1.70037    1.65806   -1.54764    1.19153   0.242236   -0.30957 -0.0783476   0.351603   -1.91986  -0.120953          0   0.288068 -0.0981702   0.258175   0.104019   -1.81569   0.417745  0.0852763  -0.417169  -0.226297   0.665055 -0.0103419   -2.29417  -0.860316  -0.295949  -0.203168   0.454885   0.794995 0.00715303
  0.917581  -0.203379   0.737083   -1.65053    1.37113    1.77332    1.65806   -1.63431    1.46007          0 -0.0329624  -0.055705   0.304575   -1.91986   0.114259          0   0.307112 -0.0798184 0.00815429  0.0426177   -1.72301   0.492794   0.063782   -0.44714 -0.0902637   0.632899 -0.0629196   -2.21311  -0.827959  -0.260478  -0.157873   0.452336   0.733032 -0.0813184
  0.917635  -0.203508   0.737071   -1.65099    1.37119    1.77376    1.65806   -1.63412    1.46014          0 -0.0330624 -0.0558693   0.303439   -1.91986   0.113145          0   0.307079 -0.0801731 0.00838617   0.042528   -1.72087   0.494796  0.0591175  -0.451311  -0.084982   0.635099 -0.0621578   -2.21418  -0.827654  -0.257819  -0.155834   0.451711   0.732126 -0.0828462
   1.00781  -0.111571   0.751447   -1.81595    1.24476    1.83574    1.19471   -1.60635   0.877302          0 -0.0612754  0.0209943   0.523599   -1.91986   0.214738   0.180882  0.0766519  0.0667804   0.523599   0.168258   -2.02118   0.784789    0.19381  -0.025785   0.239276   0.468185  -0.274866   -2.06662  -0.489311 -0.0360224  -0.298798    0.59352   0.818234  -0.174032
  1.38944 0.0575466  0.706998  -1.13695   1.23347  0.931986  0.306201 -0.822765  0.036441         0  -0.54903  0.152209  0.118096  -1.03426 -0.162057 0.0129212 -0.344332  0.261799  0.523599 0.0768497  -1.11944  0.438959  0.838969  0.232078   0.23719 -0.466672 -0.477342  -1.20157 -0.696725 -0.335351  0.189016  0.584967 -0.212595 -0.337912
   1.37916 -0.0452019   0.741769    2.77419    1.73201   -2.80766   0.199848   -1.59846   0.147274   0.806989  -0.627383  0.0335152  -0.362771   -1.46298  -0.411544   0.620283  -0.566775  0.0729728   0.238731  0.0357891   -0.89306   0.403775   0.511243  -0.411215   0.566071  -0.042367  -0.485923  -0.794039  -0.437168  -0.477672  -0.848047   0.157772   0.335566  0.0409536
