   0.375431  -0.0968118    0.736999    0.160123      1.4966   -0.167712  -0.0275845    -1.59199  -0.0151363    0.664783   -0.570418  0.00772875   0.0327892    -1.59046   0.0453382    0.655796    -0.56298  0.00893742  -0.0528316 -0.00699379   -0.687385    0.391496    0.412926    -1.13812   -0.204272    0.438762    0.205728   -0.677028   -0.420759    -0.41611      -1.062   0.0754917    0.356733   -0.189807
    0.122194   -0.0910562     0.762792     0.164423      1.57374    -0.164426    0.0813639     -1.91986    0.0860305     0.492171    -0.147174    0.0293977     0.038781     -1.91986    0.0408104     0.496473    -0.150553    0.0140387    -0.021839   -0.0193298     -1.38865     0.570278     0.297123    -0.900445    -0.158147     0.798371     0.023273     -1.36797    -0.625535    -0.288151    -0.865053    0.0266217      0.75843 -9.91365e-05
  0.284605  0.0680798   0.718214 0.00777819    1.47046  -0.293755  -0.133779   -1.91986  -0.115257    1.07165  -0.628563   0.247855  -0.352679   -1.64987  -0.326942  0.0918673  0.0790747   0.261799    0.32465   0.218911  -0.880275   0.242732   0.662156  -0.923128  -0.325704   0.400189    0.33489   -1.07208  -0.642514  -0.214434  -0.718662  -0.094988   0.545628   0.228928
  0.392052  -0.101545   0.774662   -1.41476    1.03875     1.3643   0.683276   -1.26891   0.162812  0.0654592  -0.259204 -0.0259154   0.386265   -1.53971  -0.136074   0.320242  -0.246858  0.0267102   0.446976  0.0343034   -1.17442   0.485205   0.769164  -0.055827  0.0945271  -0.189515  -0.615724  -0.975955  -0.570511  -0.303627  -0.226044   -0.15357  -0.131539 -0.0411879
   0.33387  -0.115673   0.778027   -1.43856    1.06445    1.39937   0.712183   -1.32671   0.214013          0  -0.155732 -0.0335191   0.391371   -1.62938  -0.109463   0.296705  -0.155674  0.0115204   0.484188  0.0731255   -1.27616   0.516562   0.745897 -0.0721381  0.0682828 -0.0769568  -0.552209   -1.48567  -0.723007 -0.0998051  -0.319642  0.0333984   0.423171  -0.142674
  0.331901  -0.116019   0.778061   -1.43966    1.06596    1.40105   0.712723   -1.33019   0.215883          0  -0.153259 -0.0334881   0.389816   -1.63175  -0.109672     0.2941   -0.15174  0.0109981   0.484676  0.0747512   -1.28049   0.517403   0.744986 -0.0716364  0.0681346 -0.0738522  -0.551189   -1.49109  -0.723709 -0.0969475  -0.321381  0.0375752   0.428841  -0.144661
    0.35135  -0.0951988     0.76964    -1.47218     1.25679     1.40508    0.489189      -1.322    0.182454   0.0141147   -0.207905   0.0143433    0.307468    -1.68206 -0.00258084    0.324064   -0.161905   0.0587517    0.506095    0.115809    -1.53779     0.72063    0.687271  -0.0475067   0.0732366    0.199111   -0.400645    -1.53915   -0.591713   0.0473585   -0.395493    0.284156    0.553418   -0.282351
   0.348098  -0.0961067     0.76957    -1.47752     1.25921     1.41202    0.489219    -1.32742    0.184498   0.0121634   -0.203023   0.0136548     0.30665    -1.68942 -0.00132854    0.324595   -0.157574   0.0577185    0.504408    0.116884    -1.54589    0.722794    0.683825  -0.0496099     0.07073      0.2065   -0.397952    -1.54892   -0.590803   0.0495326   -0.395405    0.286859    0.560315   -0.281212
  0.360534  -0.147085   0.765232   -1.34381    1.19421    1.34862   0.535803   -1.27941   0.170749          0  -0.206171 -0.0689635   0.396144   -1.86897  0.0300229   0.268109   0.111044 -0.0110585   0.456013  0.0151518   -1.53986   0.751882   0.666344  -0.049994  0.0441934   0.224835  -0.457794   -1.44972  -0.564264  0.0202862   -0.43608   0.298225   0.526867   -0.41315
  0.306527  -0.129197   0.746837    -1.0658    1.38066    1.09618   0.861355   -1.71718   0.705339   0.676809  -0.478073  0.0572461   0.417022   -1.91986   0.271058   0.171118   0.253032  0.0543324   0.293069  0.0214463   -1.59587   0.721385   0.653047  -0.152732 -0.0637097   0.361911  -0.325963   -1.56624  -0.583455  0.0369876  -0.442686   0.262937   0.641052   -0.30045
   0.664534  -0.0475923    0.750648   -0.828541     1.46466    0.626135    0.340437    -1.06826    0.301037  0.00184692   -0.398355   0.0558708    0.322701    -1.50369    0.259405    0.288033   -0.266888     0.18238    0.189119    0.179655   -0.918097    0.363967    0.722426   -0.211654 -0.00760817   -0.295248   -0.196845   -0.720469   -0.480571   -0.391836   -0.633996    0.334439   0.0284333   -0.339541
  0.716578  0.0867179   0.719025   -1.13533    1.36163   0.983572  0.0910021   -1.09624 -0.0889932   0.167417  -0.524969   0.182547  -0.421334   -1.41478  -0.591824   0.398567    -0.4126   0.228917   0.523599  -0.040675  -0.816029   0.200299   0.988433  -0.282349  0.0305483  -0.425472  -0.216304  -0.959693   -0.61953 0.00961607  -0.181488   0.359333   -0.18539  -0.436041
    0.334245    -0.285164     0.725609     -1.05914       1.5944      1.19978      1.04908     -1.53146      1.07169            0    -0.027337    -0.175308    -0.363537     -1.91986    -0.360586 -1.11022e-16     0.319692    -0.261799     -0.23515    0.0218953       -1.804     0.554428     0.530084    -0.237337    -0.288532     0.521451     -0.39321     -2.02297    -0.735845    -0.132467     -0.30841     0.346256     0.795633    -0.259176
  0.334251  -0.285154   0.725612   -1.05633     1.5943    1.19695    1.04937   -1.53147    1.07186          0 -0.0273501  -0.175286  -0.363465   -1.91986  -0.360634 -1.249e-16   0.319662  -0.261799  -0.233988  0.0225521   -1.80367    0.55442   0.533135  -0.237708  -0.288521   0.521264  -0.395058   -2.02377  -0.734494  -0.134672  -0.308172   0.350577   0.795926  -0.259444
 0.423468 -0.261667  0.754561 -0.788901   1.47458  0.836047   1.64648  -1.50581    1.5708         0  0.064672 -0.114579 -0.546547  -1.91986 -0.661852  0.311744 0.0339491 -0.261799  -0.17123 0.0548991  -1.56043  0.570698  0.574444 -0.232167 -0.274902  0.347979 -0.384832  -1.71059 -0.729168 -0.280224 -0.294195  0.245296  0.571692 -0.256594
    0.456065    -0.167885      0.77186    -0.682846      1.49432     0.684093      1.33468     -1.57993      1.28684 -2.25514e-17    0.0618574   0.00610463    -0.221809     -1.83211    -0.283621     0.289198    0.0217825   -0.0752305   -0.0117235     0.116628     -1.40652     0.499099      0.70114    -0.251806    -0.177793     0.193924    -0.364399      -1.7045    -0.724757    -0.224354    -0.275904     0.285159     0.539974    -0.173219
  0.519437  -0.144114    0.77534  -0.668242    1.52718   0.662872    1.22493   -1.60213    1.19927   0.106383 -0.0605749  0.0341312  -0.184841   -1.74174  -0.215948   0.241538 -0.0398213 -0.0316118  0.0733666   0.032203   -1.61854   0.669111   0.681716   -0.28643  -0.227868   0.425353  -0.289596   -1.62305  -0.562347  -0.149773  -0.325411   0.376716   0.502851  -0.286481
  0.519531  -0.144013   0.775379  -0.666697    1.52703   0.661293    1.22066   -1.60196    1.19496   0.105901  -0.059867   0.033956  -0.182844   -1.74135   -0.21394   0.241432  -0.039863 -0.0311651  0.0724582  0.0318326   -1.61868   0.668876   0.679334  -0.285954  -0.229036   0.425058  -0.287101   -1.62246  -0.562755  -0.151619  -0.325203    0.37596   0.501863  -0.285226
    0.562477    -0.204793     0.763506    -0.621345      1.45858     0.693093      1.23228     -1.58918      1.16195     0.265542    -0.171905   -0.0579061 -0.000705854     -1.89355   -0.0787968     0.235546     0.172613    -0.100003   -0.0339219   -0.0762424     -1.54063     0.686075     0.652114    -0.264181    -0.241665     0.398324    -0.354843     -1.41807    -0.519846    -0.222758    -0.367515     0.375622     0.404132    -0.454838
  0.563375  -0.202805    0.76397  -0.637374    1.45708   0.707913    1.22698    -1.5902     1.1545   0.266327  -0.172069 -0.0559075 0.00506154   -1.88193 -0.0745792   0.218476   0.178276 -0.0966847  -0.031308 -0.0745129   -1.54522   0.686065   0.649453  -0.248823  -0.252874   0.387203  -0.342461   -1.41044  -0.521671  -0.228753  -0.377779   0.366535   0.406117  -0.442327
  0.608868  -0.181298   0.762987  -0.774797    1.52075   0.809371    1.12067   -1.57895    1.08473   0.273517  -0.235101 -0.0279705  -0.112198   -1.83496  -0.155101   0.145539   0.150245 -0.0756116  -0.033823   0.124015   -1.56479   0.516041   0.640923  -0.166355  -0.281846   0.241919  -0.267017   -1.81257  -0.750118  -0.181561  -0.340266   0.292656   0.670985  -0.148507
  0.608683  -0.181284   0.762928   -0.77963    1.52064   0.814691    1.11937   -1.57932    1.08318   0.272769  -0.234289 -0.0281387  -0.111593   -1.83236  -0.154613   0.140461   0.152646 -0.0755873 -0.0339278   0.123635    -1.5663   0.516354   0.639904  -0.164143  -0.284586   0.241206  -0.264102   -1.81157  -0.750377  -0.182397  -0.343034   0.291669   0.672682  -0.147341
 0.672923 -0.119785  0.762712 -0.850161   1.54925  0.807889   1.06572  -1.58979   1.05053  0.401792 -0.377373 0.0586602 -0.138419   -1.7563 -0.157021  0.123631 0.0746324 0.0132609  0.101331 0.0944343  -1.76116  0.674051  0.626092  -0.19806  -0.32031   0.44893 -0.168724  -1.72201  -0.58728 -0.123478 -0.390613  0.327839  0.638256 -0.163758
  0.709567 -0.0812981   0.762128  -0.843286    1.52155   0.744297    1.04478   -1.58469    1.01193   0.510768  -0.467101   0.110198  -0.158376   -1.76257  -0.196562   0.259524 -0.0350259  0.0610829   0.220961   0.170763   -1.60077   0.648873   0.734628  -0.190285  -0.213441   0.341951  -0.201644    -1.6414  -0.594581  -0.106447  -0.379399   0.347451   0.602195  -0.142938
  0.789136 -0.0993023    0.77971  -0.783511    1.47205   0.756387    1.15939   -1.63721    1.09664   0.329218  -0.226944  0.0839093  -0.188441   -1.58966  -0.256652   0.219705  -0.129585  0.0198655   0.184982   0.052809   -1.44865   0.632795   0.774546  -0.175621  -0.173765   0.207384  -0.276888   -1.42038  -0.579756  -0.172596  -0.395656   0.325136   0.429543  -0.239778
 0.784865 -0.101406  0.779779 -0.780521   1.47533  0.755096   1.16203  -1.63616   1.10141  0.315715 -0.216506 0.0815711 -0.190459  -1.59424 -0.256407  0.212967 -0.120705  0.017167  0.180217 0.0522661  -1.45896  0.636087  0.770578 -0.179023 -0.176345  0.218094 -0.277579  -1.43276  -0.57931 -0.170044  -0.39224  0.328845  0.435122 -0.242154
   0.917388 -0.00193589    0.744669   -0.806484     1.45589    0.684557      1.0854    -1.69337     1.02526    0.714886   -0.561603    0.223815    -0.18832    -1.41742   -0.260505    0.262111   -0.321285    0.158171    0.360112    0.221422     -1.1991    0.357741    0.859059   -0.160404  -0.0826457  -0.0847791   -0.217606     -1.6529    -0.69062   -0.126375   -0.272089    0.297944     0.56662   0.0178583
   0.87578 -0.0172734   0.758194  -0.821859    1.50193   0.771082   0.684969   -1.73584   0.648416   0.595585  -0.413991   0.149189  -0.380743   -1.43183  -0.429518   0.140009  -0.216961   0.107366   0.307789   0.222757   -1.32946   0.358411   0.879855  -0.185135 -0.0679218 0.00785273  -0.320164   -1.77493  -0.716407  -0.100757  -0.322691   0.343526    0.66654  0.0231572
  0.894351  0.0121325   0.743882  -0.813267    1.51095   0.736083   0.801154   -1.76523   0.776497   0.670447  -0.486116   0.212325  -0.343662   -1.35406  -0.388405  0.0405718  -0.197043   0.157887   0.372702   0.201112   -1.59378   0.569312   0.729352  -0.191936  -0.243794   0.333952 -0.0115464   -1.78206  -0.642049 -0.0985635  -0.298495   0.391758   0.662745   0.031996
    0.89339   0.0125548    0.743886   -0.812653     1.51091    0.735848    0.805452    -1.76646    0.780976    0.669406   -0.484741    0.213425    -0.34417     -1.3521   -0.389044   0.0353677   -0.193571    0.158362    0.369179     0.19979    -1.59665    0.567121    0.722375   -0.195335   -0.251526    0.338159 -0.00173725    -1.78472   -0.644548    -0.10186   -0.296805    0.389128    0.661644   0.0356897
    1.38042 -0.00800278    0.599533    -1.29428    0.864908      1.0822    0.725934   -0.419758     0.11497           0   -0.837337 -0.00224225    0.523599   -0.744704   -0.132777    0.329888   -0.840624    0.210217    0.509111    0.189668   -0.848732    0.181375    0.876944     0.28644   0.0353133   -0.791575   -0.685811   -0.305668   -0.440344   -0.406428   -0.168472   0.0119147     -0.6353   -0.461286
  1.21154 -0.207087  0.685563  -1.02069   1.01829   1.06071   0.71054 -0.857061  0.231755   0.20103 -0.639144 -0.261799  0.523599  -1.45206 0.0292968   1.01314 -0.872665 -0.109325 0.0889384 0.0593976  -1.25243  0.507824  0.790063  0.244288  0.333722 -0.254902  -1.21026 -0.911621    -0.521 -0.407226  0.247477 -0.119614 -0.502381 -0.333877
  1.28686  -0.28111  0.708285 -0.806687     1.295  0.817877  0.771939  -1.13826  0.567312  0.424797 -0.603838 -0.261799   0.45371  -1.00731  0.262661  0.206845 -0.565541 -0.172017 -0.360626  0.214719  -1.37116  0.507437  0.732318  0.268999  0.161355 -0.240348  -1.22178 -0.910584 -0.485266 -0.475649     0.292 -0.238018 -0.686112 -0.362749
   0.894387   -0.183518    0.768721    -0.77032     1.54435    0.774382      1.2339    -1.55668     1.21518 1.73472e-18   0.0139674  -0.0175681    0.523599    -1.63016    0.506385           0   0.0708517   0.0245485  -0.0061087 0.000118293    -1.83386    0.788678    0.247752  -0.0389634  -0.0332717    0.379879   -0.234391    -1.81518   -0.573217    0.153535  -0.0465764    0.234664     0.39336   -0.459014
   0.866365   -0.204863    0.739244    -1.23922     1.28386     1.38377     1.63051    -1.65212      1.3532 6.93889e-18   0.0703797  -0.0726226    0.523599    -1.91986    0.261176    0.047033    0.343944  -0.0634823    0.240212   -0.146528     -1.7728    0.815354    0.244089   -0.194088   0.0535944    0.532036   -0.296165    -1.74455   -0.538214   0.0796045   -0.226993    0.261249    0.553405   -0.446884
    0.871645    -0.228013     0.737045      -1.2006      1.33082      1.34809        1.512     -1.62364      1.28078 -7.69277e-18     0.067738     -0.10307     0.322457     -1.91986    0.0956518    0.0501023     0.350141    -0.120949     0.147006    -0.165152     -1.80853     0.819548     0.307652    -0.160027   -0.0524716     0.528199     -0.32666     -1.70875    -0.516464    0.0157123    -0.248316     0.298674      0.54393    -0.481881
     1.02153   -0.0373261     0.769967     -1.26174      1.24049      1.22143      1.44614     -1.70952      1.15232 -1.95043e-16     0.168762      0.15039     -0.48478     -1.57946    -0.797118            0     0.117379    0.0165114     0.523599    0.0346881     -1.31732     0.610679     0.502572    -0.132742  -0.00213519    0.0942061   -0.0205183     -1.46778    -0.627199   -0.0566331    -0.164473     0.287367     0.287276    -0.221374
     1.02086     -0.03572     0.769731     -1.25886      1.24372      1.21813      1.42731     -1.71132      1.13719 -1.81165e-16     0.171405     0.151793    -0.502976     -1.57956    -0.811918            0     0.117322    0.0169603     0.523599    0.0357569     -1.31779     0.609752     0.503054    -0.133161  -0.00415459    0.0948321   -0.0159538     -1.47122    -0.627864   -0.0570742    -0.163462     0.287148     0.289509     -0.21574
    1.09197  -0.0945095     0.77513    -1.30919     1.34626     1.29941     1.44099    -1.65898     1.23063   0.0758097     0.01351   0.0866899   -0.198342    -1.59369   -0.415552   0.0275943    0.053176 -0.00601329    0.299556    0.112082    -1.31513    0.510109    0.493063   -0.118811  0.00512317 -0.00375404    -0.15906    -1.74106   -0.718994  -0.0838048   -0.152175    0.275053    0.460017   -0.152531
    1.02423     -0.2612     0.75474   -0.857347      1.4653    0.903832     1.65806    -1.50528      1.5708 1.38778e-17   0.0652334   -0.114723   -0.536267    -1.91986   -0.663255    0.317533   0.0286301   -0.261799   -0.156024   0.0545539    -1.56951    0.609846    0.395175   -0.170905   -0.133421    0.314886   -0.342372    -1.74621   -0.745487    -0.18652   -0.217845    0.201625    0.532281   -0.289436
   1.37916 -0.0452019   0.741769    2.77419    1.73201   -2.80766   0.199848   -1.59846   0.147274   0.806989  -0.627383  0.0335152  -0.362771   -1.46298  -0.411544   0.620283  -0.566775  0.0729728   0.238731  0.0357891   -0.89306   0.403775   0.511243  -0.411215   0.566071  -0.042367  -0.485923  -0.794039  -0.437168  -0.477672  -0.848047   0.157772   0.335566  0.0409536
