   0.375431  -0.0968118    0.736999    0.160123      1.4966   -0.167712  -0.0275845    -1.59199  -0.0151363    0.664783   -0.570418  0.00772875   0.0327892    -1.59046   0.0453382    0.655796    -0.56298  0.00893742  -0.0528316 -0.00699379   -0.687385    0.391496    0.412926    -1.13812   -0.204272    0.438762    0.205728   -0.677028   -0.420759    -0.41611      -1.062   0.0754917    0.356733   -0.189807
   0.375431  -0.0968118    0.736999    0.160123      1.4966   -0.167712  -0.0275845    -1.59199  -0.0151363    0.664783   -0.570418  0.00772875   0.0327892    -1.59046   0.0453382    0.655796    -0.56298  0.00893742  -0.0528316 -0.00699379   -0.687385    0.391496    0.412926    -1.13812   -0.204272    0.438762    0.205728   -0.677028   -0.420759    -0.41611      -1.062   0.0754917    0.356733   -0.189807
   0.419996    -0.11591    0.740192    0.213082     1.52935    -0.12222  -0.0138954    -1.88152 -0.00938775    0.735966   -0.384061  -0.0936121   -0.210336     -1.4493   -0.205664    0.464054   -0.541849   -0.066068  -0.0958251  -0.0812271   -0.656525    0.385173    0.398596    -1.10487   -0.216564    0.350991    0.194613   -0.622433    -0.34175   -0.500202    -1.05729    0.143595    0.245042   -0.219443
   0.251154  -0.0637669    0.768116    0.162148     1.52751   -0.184682   -0.178629    -1.91986   -0.184213    0.404695  -0.0183733  -0.0400286   -0.319554    -1.65549    -0.31368    0.409065    -0.28591 -0.00347964   0.0283447  0.00586263    -1.00781    0.493124    0.370524   -0.981078   -0.154091    0.569399    0.174809    -1.03518   -0.583851   -0.322951   -0.915349  -0.0082797    0.554581  -0.0294982
  0.225439 -0.0692127   0.758192   0.166847    1.58847  -0.208577   -0.30608   -1.91986  -0.326261   0.235417  0.0792928  -0.068089  -0.316619   -1.73835  -0.323505   0.390076  -0.248365 -0.0113355 -0.0581139   0.122043   -1.20604   0.357919   0.260678  -0.995768  -0.294507   0.675735    0.15733    -1.6317  -0.828886  -0.309903   -0.74319 -0.0100366   0.881839    0.14982
   0.222448  -0.0674973    0.757745    0.163053     1.59049   -0.208481   -0.312274    -1.91986   -0.332942    0.224458   0.0875609   -0.066565   -0.316463    -1.74193   -0.323824    0.385793   -0.242681 -0.00880502  -0.0567675    0.127943    -1.21504    0.354339    0.257142   -0.995732   -0.298323    0.681758    0.159926    -1.64518   -0.834275   -0.305447   -0.739447 -0.00936866     0.88737    0.154431
  0.239179 -0.0676496   0.752677   0.160389    1.63662  -0.191317  -0.242771   -1.91986  -0.264795   0.192839  0.0802053 -0.0584808  -0.309569   -1.70289  -0.321937   0.288481  -0.227761 -0.0104906 0.00271396 0.00812545   -1.68973   0.548022   0.230666  -0.825213  -0.255886   0.926148  0.0242663   -1.68461  -0.670132  -0.224509    -0.7807  0.0497483   0.894592  0.0847345
   0.787958   -0.192046    0.594424     1.26925     0.95751   -0.926259   -0.523599   -0.527793  -0.0136055           0   -0.689706   -0.237018   -0.602017   -0.339425   -0.130793 3.46945e-18   -0.872665   -0.118126   -0.523599   -0.301156   -0.197739    0.360052    0.535614   -0.450714   -0.186478   -0.431165    0.436761   -0.608366           0   -0.719929    -0.25965   -0.182554   -0.488994    0.588195
   0.942133   -0.144475    0.526573  -0.0098853     1.41463  -0.0183611    0.134613    -0.52922    0.212171           0   -0.872665   -0.156559   0.0110925   -0.541839   0.0214752           0   -0.872665  0.00984477  -0.0155154   0.0476362   -0.132314   0.0635114    0.672628    -0.59307   -0.219254   -0.685583     0.10033   -0.216518 -0.00382759   -0.515323   -0.455045   -0.122292   -0.780775    0.155423
    0.318513   -0.0173124     0.772701  -0.00778836      1.53286     0.010791     -0.37129     -1.58699    -0.372012            0    0.0531898   -0.0088112    -0.975308     -1.52441    -0.974769            0    0.0119511    0.0354378    0.0811969    0.0051492     -1.56507     0.467089     0.587731    -0.452373    -0.520095     0.492857     0.126515     -1.63828    -0.771316 -0.000799036    -0.298937    -0.144238     0.488198     0.104964
    0.385847   -0.0275535     0.764784    0.0237173      1.59725  -0.00963363    -0.402384     -1.60569    -0.402545    0.0859963   -0.0801671   -0.0276607     -0.85439     -1.50689    -0.856944            0   -0.0683088    0.0342608 -0.000255148     0.162296     -1.51175     0.222265     0.468138    -0.547966    -0.602535     0.462079     0.243185     -2.02912    -0.985221    0.0797164    -0.339094   -0.0899489      0.76625     0.188065
    0.385891   -0.0275408     0.764801    0.0252421      1.59724   -0.0110612    -0.405286     -1.60624    -0.405486    0.0872946   -0.0809972   -0.0280648    -0.854418     -1.50676    -0.857016            0   -0.0683798     0.034262 -0.000763186     0.161779     -1.51144     0.222677     0.466098    -0.548162    -0.602327     0.462642     0.244455     -2.02911    -0.985807     0.080746    -0.338273   -0.0919866      0.76549     0.188327
    0.430383    0.0136359     0.756482    0.0365711      1.61143   -0.0184775    -0.471519     -1.49233    -0.475016 -1.38778e-17    -0.110284    0.0178951    -0.864271     -1.43114    -0.874209            0    -0.130756    0.0890244    0.0861384    0.0112583     -1.83703     0.430261     0.457436    -0.463734    -0.571918     0.688816     0.172652     -1.95285    -0.820708    0.0982887    -0.338706    -0.129995     0.709203     0.172262
    0.430319     0.013927     0.756461    0.0372496      1.61155   -0.0190951    -0.473541     -1.49228    -0.477082 -5.20417e-18    -0.110379     0.018005    -0.865693     -1.43094    -0.875693            0    -0.130844    0.0892477    0.0864895    0.0114182     -1.83732     0.430201     0.456505    -0.463376    -0.571582     0.688854     0.173586     -1.95378    -0.820999    0.0989694    -0.338259    -0.130255      0.70936     0.172783
   0.521242   0.0656818     0.75884 -0.00257332     1.52548  -0.0297395    -0.38883    -1.38003   -0.390605    0.158073    -0.28922    0.104704    -1.10604    -1.45287    -1.10269           0 -0.00779856    0.137696    0.216027     0.07859    -1.52515    0.402662    0.556764   -0.472574   -0.521623    0.486203    0.311316    -1.71574   -0.834011   0.0797143   -0.300914   -0.177233    0.570135    0.241927
   0.48087 -0.0377341   0.767173 0.00436435    1.55301 -0.0144524 -0.0666409    -1.5611  -0.066383   0.279036  -0.270785  0.0107658   -1.23907   -1.59588   -1.23932          0  0.0260686 -0.0135656  0.0365696  0.0123439   -1.69856    0.50475   0.496544  -0.378426  -0.535646    0.54647   0.132458    -1.7352  -0.780378  0.0612738  -0.280968  -0.171802   0.531127  0.0756127
   0.457049   -0.110127    0.759228 -0.00145303      1.5561  -0.0202465   -0.497632    -1.91986   -0.526515    0.341895  -0.0220231   -0.151058    -1.14527    -1.70852    -1.15038           0   0.0714082   -0.103923  -0.0827534  -0.0256526    -1.80515    0.555332    0.462999   -0.360738   -0.558928    0.626343  0.00285949    -1.74116   -0.729523   0.0499833   -0.274657   -0.170592    0.521767  -0.0421592
   0.456429    -0.11131    0.758945  -0.0017347     1.55615  -0.0205328   -0.509744    -1.91986   -0.539072    0.338648  -0.0209009    -0.15426    -1.14215    -1.71079    -1.14741           0   0.0726791    -0.10525  -0.0843957  -0.0259222     -1.8075    0.556089    0.462766   -0.360753   -0.559472    0.628271 0.000404602    -1.74211   -0.728519   0.0502729   -0.274724   -0.170085    0.522437  -0.0443342
  0.572257 -0.0927432   0.755973 -0.0955201    1.43759  0.0442604  -0.500323   -1.91986  -0.558505   0.804186  -0.369352  -0.133055   -1.18076   -1.71403   -1.20814          0   0.185405  -0.084195 -0.0317338  0.0392318   -1.43216   0.530407   0.544293  -0.316914  -0.509452   0.368211   0.120954   -1.39985  -0.710624 -0.0122378  -0.204416  -0.246655   0.274834 -0.0255023
   0.57224 -0.0928043   0.755986 -0.0996172    1.43763  0.0484472  -0.499776   -1.91986  -0.558505   0.803889  -0.369119   -0.13318      -1.18   -1.71403   -1.20793          0   0.185369 -0.0843074  -0.032682   0.038842   -1.43274   0.529901   0.542473  -0.317194  -0.511512   0.369144   0.122952   -1.39948  -0.710981 -0.0145735  -0.203758   -0.24986   0.273955 -0.0216296
     0.61566    -0.061355     0.748954    -0.123851      1.49897    0.0290703    -0.515585     -1.91986    -0.558505     0.808776    -0.436265   -0.0880436     -1.19644     -1.71201      -1.2114 -1.38778e-16     0.122388   -0.0377715   -0.0144978     0.234188     -1.40311     0.305142     0.480581    -0.424055    -0.604207     0.352395     0.278948     -1.80479    -0.952808    0.0428684    -0.259089    -0.176627     0.624867     0.123052
    0.615619   -0.0613776     0.748961    -0.122819      1.49891    0.0280676    -0.515642     -1.91986    -0.558505      0.80881     -0.43623   -0.0880711     -1.19656     -1.71201     -1.21145 -1.04083e-16     0.122449   -0.0378042   -0.0158544     0.233754     -1.40358     0.304967     0.479081    -0.423977    -0.606157     0.353229     0.280827     -1.80478    -0.953596    0.0415612    -0.258005    -0.178189     0.623974     0.124671
    0.653448   -0.0324514     0.747625   -0.0864493      1.54133   -0.0131952    -0.523599     -1.85535    -0.545583      0.73472    -0.459813   -0.0466284     -1.23894     -1.67619     -1.24319            0    0.0636418 -0.000157917    0.0358976     0.100108     -1.74857     0.490555      0.47956    -0.368548    -0.569375     0.600068     0.155426      -1.7852    -0.795287    0.0623653    -0.274755    -0.179876     0.583343      0.10714
     0.65357    -0.032361     0.747733   -0.0842057      1.54147   -0.0148865    -0.523599     -1.85413    -0.545333     0.732932    -0.459204   -0.0465057      -1.2424     -1.67563     -1.24654            0    0.0629793 -0.000301419     0.036536    0.0998997     -1.74798     0.490606     0.480522    -0.369167    -0.568571     0.599746     0.154645     -1.78553    -0.795015    0.0629978    -0.274663    -0.178995     0.583345     0.106597
   0.73435  -0.152955   0.750474 -0.0308786    1.58803 -0.0172758   0.456164    -1.3264   0.469828          0  -0.236079 -0.0615558   -1.13965   -1.79815   -1.14616   0.194642   -0.11715  -0.158702  -0.187154   0.200107   -1.74441    0.32931   0.412609  -0.366232   -0.56642   0.537091  0.0366254   -2.08698   -0.98082   0.081142  -0.306813  -0.090753   0.779874  0.0378644
    0.691489    -0.214703     0.737407   0.00149102      1.64873  -0.00449422     0.726427     -1.40356     0.741904 -1.50369e-16    -0.202159    -0.110051     -1.18323     -1.84526     -1.17707     0.023839   0.00335152    -0.250728    -0.274827     0.133313     -1.97758     0.347612     0.356164     -0.27156    -0.586343      0.63356   -0.0447351     -2.25735    -0.957786     0.126596    -0.337917   -0.0402961     0.884998     -0.03155
    0.747402    -0.149046     0.760749   -0.0016171      1.60197    0.0160928     0.883605     -1.58815     0.883737 -2.87068e-16     -0.02011  -0.00111868     -1.21849     -1.72991     -1.21741      0.15237    -0.128328    -0.163735      -0.1644     0.141126     -1.74731     0.368642     0.400665     -0.27544    -0.562104     0.456419    0.0808711     -2.06687    -0.962638      0.10148    -0.292754   -0.0849975     0.747644    0.0178385
    0.747549    -0.149489     0.760732 -0.000211595      1.60169    0.0149428     0.882788     -1.58756     0.882894 -2.80129e-16   -0.0201854  -0.00183282     -1.22124     -1.73035     -1.22022     0.153421    -0.129364    -0.164555    -0.165373      0.14022     -1.74744     0.369363     0.399988    -0.274486    -0.562491      0.45622    0.0808736     -2.06527    -0.962675     0.100571    -0.292525    -0.086047     0.746738    0.0174169
    0.802874     -0.22849     0.753618    0.0445358      1.52431    0.0241895     0.614178     -1.43585     0.613691 -1.04083e-17   -0.0638454    -0.146504     -1.01116     -1.79583     -1.03266            0     0.164125    -0.261799    -0.284795    0.0206209     -1.63989     0.507233     0.435564    -0.183219    -0.518801     0.368324   -0.0763577     -1.76316    -0.881999   0.00302115     -0.20905     -0.18775     0.538689    -0.127563
     0.80237     -0.22912     0.753431    0.0455265      1.52467     0.023621     0.617402     -1.43646     0.616949 -1.04083e-17   -0.0634471    -0.146932     -1.00152     -1.79665     -1.02311            0     0.166045    -0.261799    -0.286027    0.0199805     -1.64154     0.507128     0.435337    -0.183929    -0.518778     0.370353   -0.0781262     -1.76408    -0.882203   0.00266662    -0.209459    -0.187628     0.539724    -0.127987
  1.04667  0.126993  0.677889  -17.0834   1.48083   16.8085 -0.286812  -1.62632 -0.206415  0.757701 -0.744086  0.261799  -1.12765    -1.584  -1.04699  0.223989 -0.258221  0.261799 -0.262714  0.122511  -0.66891         0  0.103156  -1.33231  -1.23861  0.731295  0.865869  -2.18477  -1.25115 -0.669312  0.251329 -0.132134  0.544567   0.91931
     1.08929    0.0737292     0.719842     -17.1529       2.0235       17.179     0.156491     -1.16658    -0.312704    0.0836949    -0.426344    0.0852568    -0.844282     -1.40286     -1.29169     0.598191    -0.600799     0.125466     0.282995   -0.0325678     -1.19952 -3.19189e-16      1.72215    -0.231766    -0.605922    -0.512388    -0.980245     -1.67155     -1.16197    -0.903892     0.049783    -0.225901     0.470729     0.917325
   1.11318  0.0111322   0.752875   -17.1636    1.94636    17.2987  -0.149936    -1.3769  -0.534421          0  -0.174757 -0.0353728  -0.779386   -1.38052   -1.16283   0.454203  -0.538006  0.0407158   0.141715  -0.146284   -1.16106   0.158845    1.64291  -0.148791  -0.643153  -0.476767  -0.920853   -1.61532   -1.09673  -0.987859   0.117102  -0.311917   0.331146   0.973058
   1.02036  -0.149299   0.764463   -8.20297    1.66997    8.24377   0.630801   -1.60438   0.723737   0.304386  -0.241533 -0.0167735   -1.32607   -1.69999    -1.2414   0.396404   -0.31656  -0.161421  -0.523599  0.0960028    -1.4463   0.204319    1.78637  -0.174378  -0.382562  -0.193861   -1.61825   -1.60058   -1.13791  -0.884401  -0.135623  -0.140204   0.512001   0.495601
   0.931689   -0.117967    0.757315    -13.7673     1.76416     13.7699    0.619973    -1.64032    0.798536 3.46945e-18    -0.02054    0.041017    -1.65806    -1.68251    -1.47013           0  -0.0582771   -0.120389    -0.30652     0.14862    -1.97514    0.453725     1.75538    0.221482    0.741101    -0.52285       -2.55    -2.26723   -0.866277   -0.317217   -0.203489    0.437317    0.753712     0.10947
    1.0492   -0.26375   0.737017   -17.9088    1.39256    17.9714    1.08544   -1.49889    1.21647   0.536183  -0.447493  -0.122679  -0.776636   -1.89767  -0.688994   0.840614  -0.468912  -0.261799   -0.39227  0.0659413   -1.58801    0.58943    1.15317 -0.0136301   -1.06801    0.21681  -0.182489   -1.85464  -0.779034  -0.140505   0.189302   0.376536   0.274874  -0.477543
   1.02354  -0.227971   0.758231   -17.5154    1.41067    17.5596   0.587497   -1.45654   0.741426   0.151567  -0.191724  -0.117995  -0.636292   -1.85774  -0.505957   0.153683   0.143544  -0.178586  -0.257502   0.106327   -1.63875   0.594068    1.36139  -0.033386  -0.949871   0.199081  -0.381965   -1.96239  -0.716791 -0.0187125  0.0349288    0.41053   0.461282  -0.418752
   1.02618  -0.224884   0.759083   -17.5209    1.40848    17.5622   0.581492   -1.45723    0.73734    0.15964  -0.198613  -0.114061  -0.637785   -1.85456    -0.5051   0.156352   0.139138  -0.173757  -0.254894   0.108613   -1.62988    0.59311     1.3649 -0.0320317  -0.947405   0.190771   -0.37975   -1.95745  -0.716632 -0.0183414   0.037351   0.411058   0.455424   -0.41848
   1.09597  -0.167957   0.775783    -17.539    1.33437    17.5473   0.624042   -1.54851   0.851344  0.0443809 0.00319913 -0.0180186  -0.686033   -1.74927  -0.469195   0.172442  0.0494808  -0.081672  -0.270858  0.0987403   -1.43932   0.557874    1.42482 -0.0338841   -0.90963  0.0199157  -0.345204   -1.80597  -0.712002 -0.0463723  0.0728825   0.393309   0.299744   -0.41432
   1.09155  -0.166038   0.775125   -17.5377    1.33859    17.5468   0.626331   -1.55276   0.849754  0.0353319   0.013809 -0.0158314  -0.683287   -1.74257  -0.469745   0.150389  0.0642569 -0.0797976   -0.26088   0.102092   -1.44714   0.553314     1.4248 -0.0372267  -0.908502  0.0262821  -0.343701   -1.81872  -0.714435 -0.0455605  0.0717181   0.396075   0.311115   -0.40389
   1.37916 -0.0452019   0.741769    2.77419    1.73201   -2.80766   0.199848   -1.59846   0.147274   0.806989  -0.627383  0.0335152  -0.362771   -1.46298  -0.411544   0.620283  -0.566775  0.0729728   0.238731  0.0357891   -0.89306   0.403775   0.511243  -0.411215   0.566071  -0.042367  -0.485923  -0.794039  -0.437168  -0.477672  -0.848047   0.157772   0.335566  0.0409536
