   0.375431  -0.0968118    0.736999    0.160123      1.4966   -0.167712  -0.0275845    -1.59199  -0.0151363    0.664783   -0.570418  0.00772875   0.0327892    -1.59046   0.0453382    0.655796    -0.56298  0.00893742  -0.0528316 -0.00699379   -0.687385    0.391496    0.412926    -1.13812   -0.204272    0.438762    0.205728   -0.677028   -0.420759    -0.41611      -1.062   0.0754917    0.356733   -0.189807
   0.375431  -0.0968118    0.736999    0.160123      1.4966   -0.167712  -0.0275845    -1.59199  -0.0151363    0.664783   -0.570418  0.00772875   0.0327892    -1.59046   0.0453382    0.655796    -0.56298  0.00893742  -0.0528316 -0.00699379   -0.687385    0.391496    0.412926    -1.13812   -0.204272    0.438762    0.205728   -0.677028   -0.420759    -0.41611      -1.062   0.0754917    0.356733   -0.189807
   0.419996    -0.11591    0.740192    0.213082     1.52935    -0.12222  -0.0138954    -1.88152 -0.00938775    0.735966   -0.384061  -0.0936121   -0.210336     -1.4493   -0.205664    0.464054   -0.541849   -0.066068  -0.0958251  -0.0812271   -0.656525    0.385173    0.398596    -1.10487   -0.216564    0.350991    0.194613   -0.622433    -0.34175   -0.500202    -1.05729    0.143595    0.245042   -0.219443
  0.390055  -0.107221    0.74814    0.20162    1.52494  -0.129956 -0.0426867   -1.89929 -0.0393937   0.702472  -0.328685 -0.0842071  -0.231414   -1.49836  -0.225222   0.482324  -0.507439 -0.0553949 -0.0731198 -0.0727352  -0.710103   0.409438   0.395573   -1.08852  -0.200025   0.393118   0.194459  -0.683076  -0.397622  -0.453101   -1.03884   0.111668   0.306796  -0.204021
  0.224377   -0.11011     0.7639   0.105625    1.48419  -0.133523  -0.523599   -1.91986  -0.555245    0.38109 0.00621099  -0.153538  -0.543725   -1.68829  -0.540392          0   0.186874   -0.03218 -0.0593807  0.0182122   -1.12516   0.553511   0.321125  -0.790178  -0.127783   0.543203  0.0866353   -1.08931  -0.571233  -0.332987  -0.760742  0.0241092   0.484086  -0.105256
   0.223009   -0.110249    0.763845    0.101598       1.483   -0.129362   -0.523599    -1.91986   -0.555695    0.379772   0.0086943   -0.153826   -0.550126    -1.68901   -0.547217 6.93889e-18    0.188315  -0.0333824   -0.061257   0.0167914    -1.12986    0.554681    0.320004   -0.784816   -0.130779    0.543688   0.0866086    -1.09581     -0.5714   -0.334806   -0.749208   0.0221677    0.479311   -0.100925
   0.258318   -0.109343    0.761816    0.109586     1.53439   -0.137646   -0.523599    -1.91986    -0.55253    0.377472  -0.0403075   -0.152422   -0.555823    -1.68817    -0.55612 8.67362e-19    0.135959  -0.0337506  -0.0873367    0.104967    -1.13954    0.434234    0.268498   -0.845172   -0.211085    0.530283    0.129767     -1.4856   -0.788265   -0.289183   -0.692575  -0.0206822    0.759553   0.0297202
   0.258013   -0.109373    0.761821    0.109614      1.5341   -0.137635   -0.523599    -1.91986   -0.552544    0.377234  -0.0397812   -0.152464   -0.557648    -1.68833   -0.557948 2.52229e-18    0.136267  -0.0340533  -0.0884592    0.104604    -1.14101    0.434203    0.267833   -0.843681   -0.212694     0.53059    0.130232    -1.48711   -0.788588   -0.290774   -0.689151  -0.0209398    0.757739   0.0313159
   0.305371  -0.0970083    0.762503    0.110076     1.56026   -0.155334   -0.523599    -1.91986   -0.551159    0.444962    -0.13364   -0.134791   -0.548276    -1.68658   -0.550227   0.0678227   0.0414312  -0.0151848  -0.0388839   0.0185398    -1.46727     0.58967    0.262629   -0.781382   -0.177602    0.767416   0.0302195    -1.44001   -0.646686   -0.252907   -0.734356   0.0122791    0.707424 -0.00918223
   0.305028  -0.0972147    0.762455    0.110925      1.5605   -0.155883   -0.523599    -1.91986   -0.551147    0.443767   -0.132683   -0.135087   -0.547096    -1.68648   -0.549054   0.0664672   0.0425377  -0.0153182  -0.0389233   0.0182946    -1.46851    0.589601    0.263355   -0.781188   -0.177877    0.767947    0.029028    -1.44101    -0.64642   -0.252843   -0.734639   0.0130737    0.708274 -0.00943178
   0.373143  -0.0855906    0.754006    0.120485     1.62377   -0.173348   -0.523599    -1.90774   -0.548945    0.481559   -0.244074   -0.120477   -0.538511    -1.67181   -0.547133    0.105421  -0.0713157 0.000536497   -0.082033    0.179339    -1.39579    0.353073    0.182391   -0.926946   -0.276797    0.754422    0.127541    -1.85219   -0.893409   -0.210113   -0.689965   0.0275536    0.962526    0.145713
   0.372801  -0.0858527    0.753877    0.120797     1.62385   -0.174855   -0.523599    -1.91052   -0.549378    0.484758   -0.244984   -0.120796   -0.537597    -1.67452   -0.546358     0.10855  -0.0721555 0.000394299  -0.0828451    0.180061    -1.39659    0.352898    0.182424   -0.928114   -0.277308    0.756148    0.126471     -1.8533   -0.893403   -0.210491   -0.689514   0.0275687    0.962759    0.145873
  0.445247 -0.0291963   0.741895  0.0483411    1.51711  -0.188666  -0.523599   -1.91986  -0.550397   0.855585  -0.501106 -0.0394768  -0.691162   -1.68968  -0.688561          0   0.144877  0.0650558  0.0198272   0.226943   -1.12288   0.315974   0.294962  -0.880047  -0.363498   0.550942   0.309749   -1.58795  -0.845273  -0.260537  -0.604788  -0.036758   0.788133   0.182502
  0.445116 -0.0293353   0.741939  0.0436038    1.51701  -0.183762  -0.523599   -1.91986  -0.550677   0.855384  -0.500808 -0.0397336  -0.690112    -1.6897   -0.68776          0   0.145098  0.0649415  0.0190465   0.226688   -1.12403   0.315616    0.29513  -0.878971  -0.364798   0.550955    0.30932   -1.58798  -0.845906  -0.261401  -0.603958 -0.0375833   0.787545   0.183065
  0.471855  -0.101451   0.764797   0.105547    1.52605  -0.145292  -0.523599   -1.91986  -0.552603    0.42305  -0.077612    -0.1408  -0.592266   -1.69103  -0.592127  0.0505316  0.0937822 -0.0271713 -0.0929537   0.100863    -1.1144   0.429256   0.271658  -0.826402  -0.256875    0.49891   0.173678   -1.46222  -0.781376  -0.316609  -0.647698  -0.043653   0.703808  0.0576133
  0.467685  -0.103476   0.764184   0.107134     1.5274  -0.143935  -0.523599   -1.91986  -0.552617   0.411028 -0.0669456  -0.143748  -0.587573   -1.69073  -0.587543  0.0379277   0.105102 -0.0294944 -0.0960911   0.100655   -1.12514   0.430541   0.267215  -0.827129  -0.250981    0.50835   0.164938   -1.47083  -0.785041  -0.315584  -0.649905 -0.0408981   0.712415  0.0558467
  0.507093 -0.0954172   0.763041    0.10896     1.5571  -0.156622  -0.523599   -1.91986  -0.551282   0.454222  -0.139809  -0.132458  -0.557686   -1.68743  -0.559461   0.078354  0.0342014 -0.0141309 -0.0450199  0.0163498   -1.46633   0.586809   0.258976  -0.773086  -0.189719   0.761666  0.0384029   -1.43938  -0.646775  -0.265143   -0.71367 0.00458994   0.689158 0.00246036
   0.506311  -0.0959216    0.762922    0.109925     1.55779   -0.156855   -0.523599    -1.91986   -0.551262    0.451236   -0.137519   -0.133184   -0.555406    -1.68725   -0.557223   0.0750996   0.0367537  -0.0145493  -0.0446984   0.0159788    -1.46867    0.587225    0.259858   -0.773387   -0.188941    0.763207   0.0359632    -1.44129   -0.646389   -0.263835   -0.715677  0.00644638    0.692048 0.000872428
    0.571538   -0.0865333     0.753887      0.11995      1.62438    -0.173854    -0.523599     -1.91183    -0.549551     0.482853    -0.242557    -0.121691    -0.540248     -1.67623    -0.549099     0.107403   -0.0702086 -0.000891155   -0.0860338     0.179783     -1.40332     0.352356     0.179343    -0.922817    -0.279858     0.757247     0.126399     -1.85876    -0.895409    -0.211738    -0.684985     0.027822     0.961881     0.147481
  0.653152 -0.0987706   0.766865  -0.390756    1.52456   0.441295   0.147589   -1.61604   0.128243   0.340153  -0.253458 -0.0450748   -1.08447   -1.61625   -1.10631   0.440947   -0.37869 -0.0916161 -0.0959395   0.016396   -1.25371   0.336354   0.486486  -0.690711  -0.415611   0.442455  0.0259107   -1.59192  -0.816739  -0.353482  -0.438269 -0.0140643    0.61287   0.122445
 0.634851 -0.250588  0.757636 -0.391018   1.49299  0.428281  0.697529  -1.35764  0.666938 0.0148514 -0.111936 -0.169873 -0.643669  -1.89617 -0.717867   0.29383 0.0273428 -0.250877 -0.294771 0.0303534  -1.50282  0.484241  0.555359 -0.392098 -0.430976  0.433492 -0.290338  -1.63993 -0.790883 -0.345035 -0.256515 0.0472401  0.494334 -0.129737
 0.633226 -0.253677  0.756829 -0.390199   1.49335  0.428939  0.704089  -1.35632  0.673683 0.0112209 -0.108813 -0.173278  -0.63852  -1.90144 -0.713546  0.297418 0.0284863 -0.254639 -0.298695 0.0287631  -1.51028  0.487338  0.552737 -0.388174 -0.430883   0.43759 -0.294427  -1.64409 -0.790775 -0.341846   -0.2554 0.0485169  0.496714 -0.135562
 0.717841 -0.225849  0.770175 -0.359921    1.4599  0.394148  0.897029  -1.47066  0.849029         0 0.0364255 -0.112003  -0.61694  -1.84772 -0.697016  0.481845 -0.163366 -0.213876 -0.271058 0.0203186  -1.29714  0.486809  0.624308 -0.375915  -0.37903  0.258678 -0.298544   -1.4532 -0.737373 -0.396686 -0.190279 -0.023018  0.297004 -0.101386
  0.626385 -0.0864493   0.760976  -0.649211    1.49715   0.665656    1.60794   -1.71453     1.5708          0  0.0586201   0.126125   0.523599   -1.91986   0.514181   0.354369  0.0112766   0.151522  0.0405369   0.127909   -1.47594   0.317501   0.921413  -0.325123  -0.752316   0.231259 0.00204362   -1.83022  -0.848346  -0.143386  -0.215186   0.135332   0.581147  0.0372347
  0.748626 -0.0690463    0.76776   -1.49811    1.86651    1.50217 -0.0455795   -1.72377   0.251522   0.262964  -0.134706   0.030886   -1.65806   -1.60218   -1.36247  0.0551253 -0.0686342 -0.0377659   0.121847   0.141901   -1.56086   0.882667    1.36537    0.20855   0.259016    0.12259   -1.05099   -1.65058   -0.49912   0.203014  -0.507823   0.431141   0.779382  -0.250334
  0.738807 -0.0669646   0.769174   -1.58186    1.75492    1.58681   0.415364   -1.72563   0.605352   0.241695  -0.111013  0.0832603   -1.14944   -1.58406  -0.965382          0  0.0105342 -0.0155951   0.174039   0.103337   -1.61929     0.8714    1.14724   0.204426  0.0971813   0.103728  -0.763386    -1.7748  -0.500286   0.206145  -0.212386   0.449298   0.598324  -0.331673
  0.872092 -0.0794418   0.765211   -1.93252    1.92932    1.86067    0.41422   -1.58501   0.759997   0.590089  -0.479207  0.0992476   -1.02584   -1.67523  -0.690482  0.0445159   0.136793  0.0225569  -0.302036  0.0843165   -1.45257   0.694241    1.17415      0.298   0.282528  -0.251053   -1.20298    -1.5241   -0.67548  -0.206686      0.292  -0.176435  -0.148091   0.236769
  0.857866  -0.140473    0.76844   -1.87517     1.9309     1.8437   0.451521   -1.52827   0.796892   0.481951  -0.416427  0.0177105   -1.01725   -1.74204  -0.686975   0.091628   0.136957 -0.0606006  -0.399583  0.0505149   -1.53846   0.747667    1.01033      0.298   0.518831  -0.182379   -1.40844   -1.54139  -0.624172   -0.10281      0.292   -0.41119  -0.158451   0.276471
  0.866686  -0.122713   0.768211   -1.89338    1.69064    1.90476   0.728591   -1.63215   0.844607          0  0.0800186   0.036739   -1.07573     -1.678  -0.968596          0   0.100236 -0.0975439  -0.523599 -0.0479408   -1.67609   0.451151    1.19514    0.21268   0.687179   -0.51271   -2.13466   -1.27984  -0.786997   0.127382   0.219666   0.344255  -0.404678   -1.16306
    0.865832    -0.122721     0.768246      -1.8981      1.69168      1.90959     0.728755     -1.63235     0.845624 -6.93889e-18    0.0809883    0.0368837     -1.08435     -1.67829    -0.976519 -3.46945e-18     0.100593   -0.0983104    -0.523599   -0.0484793     -1.67544      0.45061      1.20093     0.208253     0.688313    -0.511306     -2.14112     -1.27784    -0.786714     0.130096     0.212785     0.348322     -0.39977     -1.17037
   0.915983     -0.1452     0.76884    -1.85814     1.63065     1.86461    0.761393    -1.57995    0.818853           0   0.0235847 0.000668155    -1.01209    -1.72268   -0.962346    0.138851  -0.0341595   -0.130497   -0.523599   0.0131578    -1.64756     0.41062     1.18413    0.237708    0.570995   -0.495715    -2.05093    -1.61017    -1.03625    0.307023       0.292    0.981595   -0.437265    -1.80874
  0.824842  -0.209705   0.755379    -1.6345    1.75518    1.69075    1.38714   -1.59521     1.5708          0  0.0219643 -0.0298537  -0.611656   -1.78304  -0.439173          0   0.214707  -0.144005  -0.523599  0.0185227   -1.78709   0.517028    1.29393   0.175747    1.02577  -0.391343      -2.55   -1.98819  -0.898479   0.811697      0.292    1.57878  -0.388514      -2.55
  0.850123  -0.230562   0.729709   -1.12614    1.34127    1.30291    1.65806   -1.65432    1.44195 -6.245e-17   0.071315  -0.100534   0.429958   -1.91986   0.226224          0   0.401371  -0.106538  -0.176359  -0.107746   -1.67601   0.559238    1.26029   0.198827    1.04771  -0.360616   -2.53799   -1.79325  -0.870312   0.606076      0.292    1.53349  -0.321833   -2.47795
    0.850059    -0.230566     0.729701     -1.12574       1.3412      1.30255      1.65806     -1.65436      1.44191 -6.59195e-17    0.0714216     -0.10055     0.430243     -1.91986     0.226487 -1.73472e-18      0.40145    -0.106509    -0.176072    -0.107553     -1.67553     0.558761      1.26726     0.197628      1.04437     -0.36108     -2.54129     -1.79331    -0.870139     0.609278        0.292      1.53152    -0.322458     -2.47882
    1.10703   0.0140043    0.744518    -1.33981     1.45264     1.19344     1.32835    -1.69594     1.22616    0.613167   -0.526858    0.261799    -0.64963    -1.62587   -0.761918   0.0848193 -0.00139231    0.105941   -0.141288    0.173885    -1.13216    0.139174    0.838552  -0.0944017    0.235763   -0.525576     -1.0541       -1.77    -1.18971    0.293261    0.286818     1.32528   -0.521387    -1.78105
   1.03883 -0.0824972   0.759548   -1.27433     1.4459    1.23202    1.55585   -1.65943    1.44219   0.441836  -0.388839   0.127819  -0.769566   -1.68301  -0.894114          0    0.11211 -0.0476091   -0.19847   0.168742   -1.30448   0.219311   0.884216 -0.0412864   0.304417   -0.34377   -1.27178   -1.92151   -1.20464   0.522668   0.228301    1.55174   -0.48166   -2.18318
   1.04295 -0.0902033   0.758412   -1.28829    1.47349    1.24796    1.51102   -1.65148    1.42168   0.436223  -0.393354   0.118735  -0.834795   -1.69528  -0.933885          0    0.10537 -0.0610906  -0.115394   0.114584   -1.72288    0.44858    1.04877   0.282009   0.766038  -0.430103   -1.86953   -2.02584   -0.98404   0.665943      0.292    1.64796  -0.399804   -2.29533
   1.04194 -0.0951225   0.758744   -1.29904    1.47297    1.26313    1.50173   -1.64832    1.41123    0.42914  -0.387154   0.111107   -0.84379   -1.69896  -0.944027          0   0.105339 -0.0691711  -0.123627   0.108522     -1.728   0.452066    1.05786   0.281589   0.771932  -0.431216    -1.8957   -2.02263  -0.983972   0.663338   0.290454    1.64395  -0.399506   -2.30075
   1.20327  -0.229496   0.760465   -1.14197    1.20391    1.24776    1.27841   -1.55135   0.927259   0.258706  -0.156257  -0.141601  -0.484839   -1.74972  -0.857852   0.652376  -0.419226  -0.261799  -0.068282 -0.0700119   -1.29272   0.533875    1.10512  -0.031843   0.552316 -0.0902231   -1.77787   -1.24552  -0.773913   0.469123   -0.07982    1.36181 -0.0877235      -2.55
   1.13843  -0.154777   0.776599    -1.2699    1.27897    1.29246    1.27626   -1.58463    0.99603   0.109894 -0.0232604 -0.0221037    -0.5357   -1.72301  -0.831614    0.38727  -0.204437  -0.146323 -0.0218339 0.00313472   -1.44639   0.481986    1.12566  0.0475359   0.624826  -0.223925   -1.83035   -1.46913  -0.904999   0.554494 -0.0211902    1.47374  -0.233408   -2.52529
   1.37916 -0.0452019   0.741769    2.77419    1.73201   -2.80766   0.199848   -1.59846   0.147274   0.806989  -0.627383  0.0335152  -0.362771   -1.46298  -0.411544   0.620283  -0.566775  0.0729728   0.238731  0.0357891   -0.89306   0.403775   0.511243  -0.411215   0.566071  -0.042367  -0.485923  -0.794039  -0.437168  -0.477672  -0.848047   0.157772   0.335566  0.0409536
