   0.375431  -0.0968118    0.736999    0.160123      1.4966   -0.167712  -0.0275845    -1.59199  -0.0151363    0.664783   -0.570418  0.00772875   0.0327892    -1.59046   0.0453382    0.655796    -0.56298  0.00893742  -0.0528316 -0.00699379   -0.687385    0.391496    0.412926    -1.13812   -0.204272    0.438762    0.205728   -0.677028   -0.420759    -0.41611      -1.062   0.0754917    0.356733   -0.189807
   0.375431  -0.0968118    0.736999    0.160123      1.4966   -0.167712  -0.0275845    -1.59199  -0.0151363    0.664783   -0.570418  0.00772875   0.0327892    -1.59046   0.0453382    0.655796    -0.56298  0.00893742  -0.0528316 -0.00699379   -0.687385    0.391496    0.412926    -1.13812   -0.204272    0.438762    0.205728   -0.677028   -0.420759    -0.41611      -1.062   0.0754917    0.356733   -0.189807
   0.419996    -0.11591    0.740192    0.213082     1.52935    -0.12222  -0.0138954    -1.88152 -0.00938775    0.735966   -0.384061  -0.0936121   -0.210336     -1.4493   -0.205664    0.464054   -0.541849   -0.066068  -0.0958251  -0.0812271   -0.656525    0.385173    0.398596    -1.10487   -0.216564    0.350991    0.194613   -0.622433    -0.34175   -0.500202    -1.05729    0.143595    0.245042   -0.219443
  0.418328  -0.115107   0.740481   0.210797    1.52856  -0.122897 -0.0241099   -1.88483 -0.0201415   0.739297  -0.383337 -0.0939661  -0.207261   -1.45277  -0.202385   0.466923  -0.540625  -0.064194 -0.0936405  -0.079299  -0.658433   0.385836   0.399257     -1.105  -0.216006   0.353437   0.195363   -0.62544  -0.345028  -0.497064    -1.0569   0.140946   0.249193  -0.217335
   0.321568  -0.0513637    0.769824    0.136403     1.51047   -0.170883   -0.153623    -1.91986   -0.155721     0.59889   -0.194116  -0.0183257   -0.591557    -1.55957   -0.580936           0   0.0500807   0.0409753   0.0574637   0.0134368   -0.897181    0.414779    0.454708   -0.898785   -0.238182    0.375753    0.237836    -0.91376   -0.574277   -0.294314   -0.845804 -0.00279953    0.393495  -0.0832518
    0.319598     -0.05217     0.769997     0.135617      1.50953    -0.169567    -0.156465     -1.91986     -0.15877     0.595732    -0.190174   -0.0198853    -0.594476     -1.56143    -0.583818            0    0.0525808    0.0394599     0.056823    0.0134477    -0.901149     0.419182     0.450972     -0.89378     -0.23444     0.377085      0.23727    -0.919623    -0.572596    -0.297815    -0.841306 -0.000839018     0.394636    -0.079065
  0.314266 -0.0695107   0.767337   0.140069    1.53549  -0.167795  -0.240114   -1.91986   -0.25175   0.536537  -0.162614 -0.0574766  -0.608559   -1.59703  -0.603319          0  0.0564447  0.0129641 -0.0284231  0.0641416  -0.987967   0.374696   0.371324  -0.904076  -0.307689   0.431255   0.222351   -1.36218  -0.734854  -0.313927  -0.746945 -0.0504317   0.702923  0.0707055
  0.312801 -0.0704714   0.767362   0.140071    1.53511  -0.167591   -0.24557   -1.91986   -0.25756   0.533419  -0.159583 -0.0596136  -0.608755     -1.599  -0.603528          0  0.0584374  0.0116398 -0.0313578  0.0644766  -0.992275   0.376585   0.367978  -0.901537  -0.307187   0.433971   0.221019   -1.36631  -0.734942  -0.318771  -0.742069 -0.0487503    0.70186  0.0736451
   0.405142  -0.0586209    0.751533   0.0147005     1.46164   -0.114074   -0.523412    -1.91986   -0.558505    0.848583   -0.438793  -0.0832517   -0.673652    -1.69265   -0.673024           0    0.204317    0.023837 -0.00159414   0.0529162   -0.779776    0.297433    0.596555   -0.832977   -0.476748    0.195801     0.30085    -1.18922   -0.606001   -0.345402   -0.613026  -0.0779868    0.460349   0.0904844
   0.405435  -0.0581757    0.751495   0.0135491     1.46155   -0.113561   -0.523348    -1.91986   -0.558505    0.849464   -0.439574  -0.0826172   -0.665497    -1.69213   -0.664755           0    0.204619   0.0255927 -0.00201925   0.0527138   -0.779822    0.295452      0.5997   -0.834114   -0.478814    0.195611    0.298922    -1.18959   -0.605812   -0.347275   -0.610631  -0.0803452    0.458413   0.0942653
  0.397177 -0.0623504    0.75286  0.0984561    1.44669  -0.191149  -0.523599   -1.91986  -0.549392   0.855871  -0.430864 -0.0867559  -0.705274   -1.69207   -0.69466          0    0.21568  0.0161255 -0.0253508  0.0709119   -1.20537   0.488738   0.373802  -0.675638  -0.293483   0.519415   0.178726   -1.19738  -0.631035  -0.374416  -0.570987 -0.0860312   0.446681   0.112187
    0.396492   -0.0633775      0.75299    0.0859887      1.44681    -0.177528    -0.523599     -1.91986    -0.551244       0.8538    -0.428886   -0.0885684    -0.704802     -1.69268    -0.695996 -3.46945e-18     0.216266    0.0143517   -0.0246027    0.0700038     -1.20882     0.490608     0.373894    -0.670527    -0.292298     0.517855      0.17602     -1.20049    -0.630938    -0.373214    -0.566879   -0.0832238     0.445178      0.10918
    0.436179   -0.0375389     0.744431  -0.00390008      1.50816    -0.124825    -0.523599     -1.91986    -0.554598      0.84732    -0.483859   -0.0524687    -0.722344     -1.69309    -0.723243 -3.46945e-17     0.154367    0.0480681   -0.0105904     0.228228     -1.20644     0.296872     0.324663    -0.759503    -0.430499     0.508647     0.291714     -1.61836    -0.872649    -0.296802      -0.5355    -0.033179     0.753445     0.205468
   0.436118  -0.0376078     0.74445 -0.00602454     1.50812    -0.12262   -0.523599    -1.91986   -0.554748    0.847207   -0.483712  -0.0525974   -0.721817    -1.69311   -0.722852 -3.1225e-17    0.154468   0.0480094  -0.0112243    0.227833    -1.20683    0.296667    0.324863   -0.759581    -0.43144    0.509079    0.291398    -1.61861   -0.873024   -0.297178   -0.534418  -0.0339953    0.752709    0.205927
   0.539188    0.118791    0.666728   -0.484933     1.38862    0.101638   -0.478568    -1.91986   -0.558505     1.34082   -0.856935    0.196306   -0.933607    -1.71294   -0.978693 5.44752e-17    0.262218    0.261799    0.202435    0.341137   -0.885934   0.0754801    0.328206   -0.786982    -1.01401    0.502924     1.00854    -1.33404     -0.8955   -0.469812   -0.376948   -0.336574    0.625174    0.622146
   0.493316  -0.0148051    0.737977    -1.45656    0.964446     1.32152   0.0869432    -1.91986   -0.558505    0.989275   -0.546168  -0.0921252   -0.965818    -1.66377     -1.5708 1.39269e-17    0.141739 -0.00195219    0.523599    0.152653    -1.22694    0.253999    0.436232   -0.384287    -1.13111    0.307632    0.846812    -1.48019    -0.95182   -0.321206   -0.208135   -0.405089    0.461111    0.445876
    0.595618    0.0999392     0.711303     -1.75903      1.05281      1.55998    0.0210849     -1.77864    -0.506508     0.816636    -0.628607    0.0974097     -1.05265     -1.60589      -1.5708 -4.42241e-19   0.00541133     0.162523     0.504972     0.324397     -1.02538            0     0.126834    -0.715082     -1.30345     0.497791      1.22829      -2.0455     -1.16914    -0.139926    -0.320036    -0.216789     0.847771     0.551101
    0.596309     0.100104     0.711749     -1.75827      1.05456      1.56134    0.0276765     -1.77475    -0.497638     0.811367    -0.626585     0.098932     -1.05442       -1.604      -1.5708 -4.91378e-19   0.00472048     0.162481     0.502719     0.320638     -1.02435            0     0.130281    -0.715879     -1.30798     0.496822      1.22938     -2.04383     -1.16789    -0.142585    -0.318658    -0.217725     0.845568       0.5523
    0.691868    -0.169638     0.741227     -1.20645      1.14119      1.17021     0.784571     -1.17652     0.388338     0.328586    -0.530901    -0.144707    -0.924847     -1.79344     -1.36557 -2.40775e-18     0.213244    -0.217725    0.0346037    0.0810995     -0.84388     0.394319     0.350015    -0.526018     -1.23183     0.111768     0.918159     -1.32996    -0.888503    -0.477799    -0.190174    -0.525554     0.361889     0.348488
    0.717955   -0.0854776     0.738131     -1.38401      1.13102      1.26491      0.78585     -1.23623     0.367516     0.425147    -0.609028     -0.02763    -0.907397     -1.75888     -1.35689 -2.40775e-18     0.171166   -0.0937736     0.161591    0.0423228    -0.646526     0.257914     0.506831    -0.833545     -1.32512     0.167829     0.985173     -1.32131    -0.809853    -0.470489    -0.302339    -0.574074     0.413912     0.471086
    0.625955    -0.307187     0.715802    -0.871828      1.34066      1.11936     0.992829     -1.56536     0.784675     0.304836    -0.208989    -0.261799      0.19771     -1.91986   -0.0111291 -2.40775e-18     0.448753    -0.261799    -0.301902   -0.0887665     -1.30357     0.582651      0.42472    0.0492398     -1.16821   -0.0175729     0.530863     -1.50037     -0.93777    -0.221244   -0.0993707    -0.335862     0.408355   -0.0916249
    0.625589    -0.307275      0.71576    -0.872868      1.33929      1.12076     0.996471     -1.56603     0.786985     0.305392    -0.208771    -0.261799     0.200317     -1.91986  -0.00977202 -2.40775e-18     0.449049    -0.261799    -0.297256   -0.0895614     -1.30284     0.584975     0.428613    0.0506335     -1.16604   -0.0202326     0.528363     -1.50109    -0.934679    -0.215995    -0.105205    -0.327847     0.412339    -0.101735
    0.696752    -0.274554     0.722621     -1.11941      1.47113      1.24433     0.614508      -1.3486     0.527252    0.0184216    -0.179084    -0.237649    -0.284434     -1.91986    -0.405293 -2.40775e-18     0.355034    -0.261799    -0.318922     0.188573     -1.18325     0.366939     0.403686    -0.212621     -1.10518    -0.084827      0.55326     -2.04007     -1.20524   -0.0740326    -0.285252   -0.0643917      0.80615   0.00781177
    0.696678    -0.274425     0.722606     -1.12058      1.47055      1.24512     0.612799     -1.34663     0.525105    0.0146487     -0.17716    -0.237858    -0.284901     -1.91986    -0.406405 -2.40775e-18     0.355002    -0.261799    -0.318002     0.189081     -1.18284     0.366926     0.401182    -0.213232     -1.10339   -0.0845401     0.554342      -2.0414     -1.20459   -0.0762369    -0.284678   -0.0610717     0.806091   0.00838253
    0.718481    -0.219785     0.737029     -1.17422      1.45777      1.25386     0.506285     -1.32401     0.406459 -2.42861e-17    -0.192071    -0.178391    -0.127904     -1.87135    -0.248693  2.63068e-16     0.327113    -0.154644    -0.195967     0.184284     -1.53612     0.357941     0.411292   -0.0165411     -1.07992     0.108595     0.548147       -2.003     -1.11115   -0.0504052    -0.285074   -0.0523785     0.767386    0.0181403
   0.691989   -0.241463    0.733762    -1.47373     1.10867     1.56322     1.16066    -1.39741    0.705595  0.00812579   -0.137304    -0.20247   0.0482755    -1.89052   -0.433823 -9.1073e-18    0.295285   -0.222841    0.180946    0.228552    -1.58931    0.294832    0.751679   -0.136531   -0.688937    0.181891   -0.179902    -2.21117    -1.08992    0.100838   -0.278884   0.0520551    0.840825  -0.0324097
  1.20197 -0.128455  0.584621  -1.48891  0.672728   1.09906   1.15816 -0.261514  0.470493         0 -0.872665 -0.261799 -0.590853  -1.91986   -1.5708   1.23021 -0.842315 -0.148729  0.523599 -0.078569 -0.150332  0.427941   1.14651  0.196826 -0.253145  -1.06889 -0.303419  -1.04364 -0.287493 -0.222438     0.292  0.211077 -0.534617 -0.594447
  0.971066   0.157731   0.680333    -1.8437   0.800535    1.56769   0.826258     -1.095  0.0628114          0  -0.472855   0.246387  -0.800528   -1.58411    -1.5708 0.00784632 -0.0056571   0.261799   0.523599   0.108667   -1.08847  0.0983776    1.20921   0.182558 -0.0655148   -1.03595   -1.07799   -1.38804    -1.2379   0.256355   0.117217   0.939274  -0.769536    -1.6877
  0.963275  -0.213525   0.719235   -1.52491   0.672171    1.33603    1.47535  -0.927229   0.622384    0.20082  -0.552653  -0.261799  -0.618339   -1.91986    -1.5708    0.31832  -0.123352  -0.253325   0.332204   0.410091   -1.18832    0.24054   0.963439 -0.0607347  -0.248368  -0.244837   -1.03524   -1.70132   -1.49716   0.425006  0.0494696    1.62342  -0.637901      -2.55
  0.938277 -0.0548725   0.718812   -1.74745    1.11131      1.532   0.817916   -1.06088   0.401983          0  -0.457804  0.0192355 -0.0372068   -1.89914  -0.522611    0.13697    0.16754  0.0496583 -0.0185665   0.490026   -1.31972  0.0123175    1.02388   0.117925 -0.0694924  -0.614023   -1.25694  -0.860527   -1.94629  -0.132174 -0.0964192    1.23288  -0.884157   -2.47632
   1.03102  0.0968539   0.717983     -1.834    0.71581    1.70531    1.00888   -1.39624    0.16372          0  -0.273685   0.146173  -0.720808   -1.57567    -1.5708          0  -0.101339   0.169639   0.523599  0.0893894   -1.01364  0.0647512   0.794804 -0.0669789   0.116817  -0.844115  -0.952536   -1.72818   -1.42887  0.0509775  -0.164089    1.78836  -0.783326   -2.26562
  0.972348  -0.201579   0.750912   -1.53644   0.991286    1.50428    1.50184    -1.3801   0.926564   0.306154  -0.384733  -0.130928 0.00474938   -1.91986  -0.609929   0.299931  0.0272016  -0.176155  0.0229499   0.252132   -1.15237   0.231024   0.742111   -0.23394  -0.203047  -0.183874  -0.840217   -2.07748   -1.43793   0.425335   0.156309    1.87084  -0.574723   -2.45459
  0.97487 -0.193579  0.751209  -1.56182  0.966849   1.52375   1.51982   -1.3778  0.921309  0.286546 -0.377146 -0.123676 0.0518706  -1.91986 -0.585003  0.301989 0.0198967 -0.160482  0.145935  0.212155  -1.35501         0  0.934786 -0.718308 -0.728747  0.283025 -0.530984  -2.24731  -1.24281  0.628202     0.292   1.84136 -0.499897  -2.42175
   0.974074   -0.193776    0.751066    -1.56326    0.967359     1.52593     1.52273    -1.37897    0.924761    0.285477   -0.376096   -0.123486   0.0510343    -1.91986   -0.585141    0.297886   0.0226964   -0.160849    0.143618    0.211914    -1.35379 4.33681e-19    0.922006   -0.720753   -0.731644     0.28834    -0.51907    -2.25334    -1.24529    0.631846       0.292     1.84251   -0.502161    -2.42227
    1.2713  0.0411019   0.722283   -1.70017     1.2204    1.59946   0.340287   -1.24556 -0.0105678  0.0579471  -0.393007   0.105828 -0.0564107   -1.35988  -0.415737          0  -0.203219   0.186947  0.0440571 -0.0938259   -0.81638   0.242332    1.09737 -0.0788198  -0.191737  -0.793217  -0.737529   -1.30432  -0.951088   -0.71725      0.292    1.22192  -0.508821   -1.04324
  0.942048   -0.27336   0.728305   -1.75739    1.43853    1.87982    1.41796   -1.53708    1.29335          0 -0.0494524  -0.152343  -0.282291   -1.91986  -0.425571          0   0.279629  -0.261799  -0.463554  0.0627528   -1.75887   0.389024    1.11768      0.298   0.816695  -0.411157   -2.36027   -2.30644     -1.284   0.786336      0.292    1.76368  -0.572282      -2.55
    1.07689   -0.265777    0.752635    -1.32429    0.991418     1.37607      1.6366    -1.43105     1.05711     0.30933   -0.271479   -0.205241   0.0737348    -1.91986   -0.543221    0.671329   -0.261386   -0.261799    0.259993 -0.00266272    -1.47182    0.569505    0.781205   -0.166102   -0.511016    0.242487    -0.37874    -1.58245   -0.666202   -0.711083   -0.204075    0.509502    0.390993   -0.232634
    1.07641   -0.265771    0.752686    -1.32542    0.990524     1.37713     1.63797    -1.43086     1.05755    0.307296   -0.269919   -0.205305   0.0742002    -1.91986    -0.54369    0.669655   -0.260226   -0.261799    0.258383 -0.00288201    -1.47329    0.566636    0.779975   -0.169866   -0.518442    0.245976   -0.373627    -1.58319   -0.668779   -0.714298    -0.20254    0.505751    0.390186   -0.227945
   1.08611 -0.0613676   0.773679   -1.46546    1.11525    1.43423    1.55378     -1.659    1.10822          0  0.0995029  0.0965527  -0.303671   -1.61315  -0.757739   0.143333 -0.0526021 -0.0119004   0.523599   0.120077   -1.32059   0.316951    0.98053  -0.372671  -0.515469   0.118215  -0.159839   -1.74911  -0.713535  -0.584576  -0.207053   0.564245   0.479843  0.0669445
    1.08555  -0.0588439    0.773416    -1.46611     1.11866     1.43445     1.54117    -1.66214     1.09923           0     0.10112   0.0996608   -0.316851    -1.61052    -0.76738    0.138064  -0.0500413 -0.00973425    0.523599     0.12146    -1.32119    0.311044    0.984808   -0.378996   -0.519592    0.120486   -0.157753    -1.75321   -0.715373   -0.583563   -0.206321    0.564324    0.482235   0.0719163
   1.37916 -0.0452019   0.741769    2.77419    1.73201   -2.80766   0.199848   -1.59846   0.147274   0.806989  -0.627383  0.0335152  -0.362771   -1.46298  -0.411544   0.620283  -0.566775  0.0729728   0.238731  0.0357891   -0.89306   0.403775   0.511243  -0.411215   0.566071  -0.042367  -0.485923  -0.794039  -0.437168  -0.477672  -0.848047   0.157772   0.335566  0.0409536
