   0.375431  -0.0968118    0.736999    0.160123      1.4966   -0.167712  -0.0275845    -1.59199  -0.0151363    0.664783   -0.570418  0.00772875   0.0327892    -1.59046   0.0453382    0.655796    -0.56298  0.00893742  -0.0528316 -0.00699379   -0.687385    0.391496    0.412926    -1.13812   -0.204272    0.438762    0.205728   -0.677028   -0.420759    -0.41611      -1.062   0.0754917    0.356733   -0.189807
   0.375431  -0.0968118    0.736999    0.160123      1.4966   -0.167712  -0.0275845    -1.59199  -0.0151363    0.664783   -0.570418  0.00772875   0.0327892    -1.59046   0.0453382    0.655796    -0.56298  0.00893742  -0.0528316 -0.00699379   -0.687385    0.391496    0.412926    -1.13812   -0.204272    0.438762    0.205728   -0.677028   -0.420759    -0.41611      -1.062   0.0754917    0.356733   -0.189807
   0.419996    -0.11591    0.740192    0.213082     1.52935    -0.12222  -0.0138954    -1.88152 -0.00938775    0.735966   -0.384061  -0.0936121   -0.210336     -1.4493   -0.205664    0.464054   -0.541849   -0.066068  -0.0958251  -0.0812271   -0.656525    0.385173    0.398596    -1.10487   -0.216564    0.350991    0.194613   -0.622433    -0.34175   -0.500202    -1.05729    0.143595    0.245042   -0.219443
  0.418328  -0.115107   0.740481   0.210797    1.52856  -0.122897 -0.0241099   -1.88483 -0.0201415   0.739297  -0.383337 -0.0939661  -0.207261   -1.45277  -0.202385   0.466923  -0.540625  -0.064194 -0.0936405  -0.079299  -0.658433   0.385836   0.399257     -1.105  -0.216006   0.353437   0.195363   -0.62544  -0.345028  -0.497064    -1.0569   0.140946   0.249193  -0.217335
   0.228798    -0.10691    0.764983    0.111778     1.48417    -0.13835   -0.492767    -1.91986   -0.522122    0.396185 -0.00335552   -0.144956   -0.579974    -1.68082   -0.575905           0    0.178306    -0.03304  -0.0730451  0.00712552     -1.1177    0.541287    0.331288   -0.805076   -0.161455    0.548953   0.0932609    -1.09771   -0.554631   -0.385603   -0.726785  0.00593706    0.450595  -0.0428826
    0.225838    -0.108468     0.764514     0.109897      1.48304    -0.136899    -0.506506     -1.91986    -0.536896     0.389139   0.00246731    -0.148997    -0.569956     -1.68454    -0.566183 -1.38778e-17     0.183151    -0.033728   -0.0765052   0.00724353     -1.12607      0.54388     0.328924     -0.80012    -0.161448     0.553202    0.0888902     -1.10411    -0.554568    -0.387939    -0.721953   0.00653706     0.452249   -0.0417158
  0.256589  -0.109239   0.762149   0.113204     1.5305  -0.141481  -0.523599   -1.91986  -0.552569   0.379993 -0.0388268  -0.152261  -0.543275   -1.68699  -0.542946          0   0.139551 -0.0316771  -0.107634  0.0990619   -1.15868   0.423536    0.27342  -0.826105  -0.248028   0.531697   0.128651   -1.49491  -0.786939  -0.340067  -0.656448 -0.0197407   0.735047  0.0658514
  0.254998  -0.109445   0.762131   0.110384    1.52932  -0.138393  -0.523599   -1.91986   -0.55275   0.378192 -0.0358601  -0.152587  -0.555142   -1.68809  -0.555008          0   0.140964 -0.0337115  -0.108401   0.100428   -1.16702   0.423324   0.271807  -0.813465  -0.250891    0.52805    0.12979   -1.50242  -0.790377   -0.33868  -0.644309 -0.0188128   0.730815  0.0674395
    0.280334    -0.108884     0.759593     0.117638      1.56702    -0.145659    -0.523599     -1.91986    -0.551052     0.375272   -0.0706062    -0.152037    -0.562839     -1.68804    -0.565603  1.73472e-18     0.102848   -0.0347874   -0.0657663  -0.00982639      -1.5822     0.596171     0.247779    -0.697739    -0.220501     0.779305 -0.000373149     -1.52788    -0.637731    -0.273186    -0.667275    0.0401013     0.707047   0.00199745
   0.280078   -0.108927    0.759597     0.11805     1.56684   -0.146011   -0.523599    -1.91986   -0.551057    0.374974  -0.0701315   -0.152098   -0.565217    -1.68823   -0.567983 1.73472e-18    0.103041  -0.0351864  -0.0648917 -0.00926552    -1.58353    0.596308     0.24912   -0.694843   -0.220466     0.77759  -0.0010915    -1.52966   -0.637729   -0.272125   -0.665209   0.0417328    0.706697  0.00135559
  0.456463 -0.0395068   0.759339   0.136987    1.57018  -0.139887  -0.446986   -1.69174  -0.449737    0.43862  -0.328756 -0.0494866  -0.476709   -1.42423  -0.480945          0   -0.12952  0.0704477  0.0191789  0.0828707   -1.10659   0.338063   0.317576  -0.980072  -0.300016   0.574952   0.228828   -1.57558  -0.794052  -0.284308  -0.737432 0.00943284   0.843115    0.15657
  0.459683  -0.038254    0.75931   0.137744    1.56832  -0.139518  -0.439294   -1.68487  -0.441517   0.438112  -0.332187 -0.0467493  -0.475961   -1.41754   -0.48021          0  -0.133685  0.0722934  0.0230576  0.0796614   -1.09616   0.337047   0.323181  -0.982076  -0.300364   0.568099    0.23196   -1.56643  -0.789685  -0.284461  -0.739919  0.0091735   0.839362   0.155481
   0.546532 -0.00573327    0.760376    0.108545     1.52998   -0.167122  -0.0464155    -1.48507  -0.0395389    0.341731   -0.386889    0.062329   -0.704357    -1.52528   -0.696897           0  0.00534899   0.0879399    0.122249   0.0557226   -0.887077    0.273106    0.531617   -0.946863    -0.38515    0.335643    0.310194     -1.4258   -0.680311   -0.245124   -0.645054  0.00546735    0.652116    0.144267
  0.500455 -0.0330984    0.76623   0.113816    1.52844   -0.14517  0.0109714   -1.59904  0.0172087   0.432286   -0.36189  0.0321001  -0.901353   -1.57898  -0.895496          0  0.0471046    0.02517  0.0470528  0.0794197   -1.04492   0.318452   0.451447  -0.825565  -0.374624    0.38375    0.25219   -1.51768   -0.75561   -0.26568  -0.562446 0.00186231   0.657969   0.140875
    0.560064   -0.0227436     0.745558    0.0999391      1.62157    -0.173722       0.1269     -1.50145       0.1189     0.248155    -0.366785     0.065909    -0.786957     -1.59919    -0.794915 -9.83892e-18   -0.0300567    0.0537884   -0.0125801     0.249796     -1.01542    0.0667215     0.397292      -1.0121    -0.572611     0.389061     0.286155     -2.04694    -0.942976    -0.163583    -0.529854    0.0937519     0.941861     0.267711
  0.476611  -0.248718   0.737959  0.0852698    1.62747 -0.0807026   0.816412   -1.37757    0.82934          0   -0.18828  -0.146576  -0.817269   -1.91986  -0.837958   0.176545 0.00399757  -0.261799  -0.366683    0.26453   -1.42341    0.24436   0.220705  -0.793824  -0.230648   0.617628  -0.224383   -2.29138   -1.08741  -0.154105  -0.454759   0.182158    0.98418  0.0862283
    0.51905   -0.264913      0.7272    0.167535     1.52944   -0.077047    0.500475    -1.30906    0.513079   0.0472125   -0.234747   -0.217706   -0.456647    -1.91778   -0.485006   0.0285925    0.322811   -0.249798   -0.384042    0.142882    -1.28348    0.356242    0.283664   -0.640283   -0.149151    0.467185     -0.2906    -1.88704    -1.05513   -0.301319   -0.370932   0.0545334    0.799673 -0.00739293
   0.522959    -0.26127    0.729292    0.163727     1.52615  -0.0810613    0.500846    -1.30509    0.513825   0.0561657   -0.243819   -0.211957    -0.46547    -1.91762    -0.49436   0.0422028    0.310951   -0.244763   -0.378799    0.146543    -1.27024    0.358021    0.288573   -0.642359   -0.149378     0.45664   -0.285593     -1.8748    -1.04934   -0.305097   -0.368542   0.0500696    0.789787 -0.00554655
    0.643701    -0.142477     0.714556    0.0526494      1.69638    -0.202839     0.566568     -1.24211     0.588847 -1.21431e-17    -0.401219    -0.029721    -0.796192     -1.91986    -0.820763            0     0.116184    -0.103216     -0.18689     0.549908    -0.942767            0     0.238822     -1.15471    -0.220683     0.351634    -0.119653     -2.87193    -0.916387     0.151881    -0.312865     0.469571      1.10626     0.207322
    0.643671    -0.141523     0.714452    0.0521154      1.69769      -0.2027     0.566462      -1.2437     0.588346 -1.21431e-17    -0.401219   -0.0283278    -0.788026     -1.91986    -0.812784            0     0.116922    -0.100894    -0.186141       0.5488    -0.940163  1.33574e-16     0.236676     -1.16096    -0.224831     0.354429    -0.113924     -2.87592    -0.914223     0.152837    -0.308185     0.470619      1.10482     0.206898
  0.721184 -0.0675674   0.708329 -0.0249053    1.54754  -0.133432   0.289685   -1.17033    0.31342    0.23457  -0.594023  0.0380293  -0.179436    -1.9169  -0.188762  0.0392997    0.32423  0.0946607  -0.022628   0.360708  -0.822677  0.0507141   0.586457  -0.647302  0.0312422  -0.145568  -0.384757   -2.17122  -0.904556  -0.112133  -0.300743   0.241226   0.868303   0.159058
   0.706626  -0.0899362    0.709943 -0.00199082     1.54637   -0.109066    0.286304    -1.19954    0.306024    0.245659   -0.576506  0.00172106   -0.113279    -1.91986   -0.118703   0.0144515    0.356686    0.070561  -0.0600169    0.358638   -0.861786   0.0675769    0.538882   -0.644534    0.026502  -0.0944646   -0.384794     -2.2123   -0.944109   -0.102036   -0.315951      0.2614    0.895598     0.15173
  0.704498 -0.0987837   0.709257 0.00424565    1.55042  -0.107813   0.296744   -1.19815   0.317128   0.233518  -0.568586 -0.0100348  -0.142562   -1.91986  -0.150359          0   0.365755  0.0523061  0.0835187   0.512372   -1.22739  0.0744287   0.610397  -0.583888 0.00782929    0.22438  -0.355026   -2.23584   -0.88395  0.0426458  -0.350757    0.42224   0.971614   0.072233
   0.70428 -0.0987834   0.709295 0.00453171    1.55025  -0.107386   0.296004     -1.199   0.316247   0.234463  -0.568631  -0.010191   -0.13909   -1.91986  -0.146646          0   0.366108  0.0528513  0.0820847    0.51145   -1.22829  0.0736907   0.610523  -0.584644 0.00224081   0.225309  -0.351409   -2.23694  -0.885239  0.0417218  -0.350595   0.421739   0.971399  0.0732837
  1.00668 0.0951475  0.555319    16.827   0.72316  -17.4518   1.09799  -0.52309  0.404481         0 -0.872665  0.216204 -0.689995  -1.87331   -1.5708  0.820777 -0.685092  0.261799  0.419513  0.245067    -3.352   2.99058      2.55  -1.64955  -1.16358   1.44107   1.18873 -0.967153  -1.75176  0.869789  -0.71571 0.0200094 -0.643489  -2.16476
   1.00668  0.0951946   0.555337    16.8275     0.7233   -17.4521    1.09756  -0.522965   0.404047 4.7225e-19  -0.872665   0.216239  -0.690138   -1.87301    -1.5708   0.821099    -0.6852   0.261799   0.419491   0.244687     -3.352    2.99056       2.55   -1.64896   -1.16325    1.44101    1.18921   -0.97026    -1.7497   0.870395  -0.713496  0.0241491  -0.644413   -2.16626
   1.05462  -0.181864   0.654828    11.1953   0.947486   -11.2656   0.921878  -0.818715   0.369705   0.101456  -0.657356  -0.231252  -0.817279   -1.85175   -1.47248   0.948534  -0.757445  -0.261799   -0.14975 -0.0431653     -3.352    2.32159       2.55   -1.60717  -0.520181   0.992667    1.13019  -0.910538  -0.992429  -0.523425  -0.292864   -1.48764   0.593554   0.657734
    0.907803     -0.12683     0.704236      10.1741      1.37147     -10.3793     0.766655     -1.20816     0.661305     0.119554    -0.527968  -0.00660407     -1.33893     -1.91986     -1.46723 -8.67362e-18   -0.0843189    -0.135022     -0.14255   -0.0820759       -3.352      1.78269         2.55     -2.05015    -0.342559      1.34953      1.75447     -2.19039    -0.827579     0.214858    -0.285462    -0.555936     0.789813     0.100611
  1.03483 -0.195552  0.668981   11.1998   1.01174  -11.3007  0.912492 -0.842181  0.427972  0.132566  -0.64798 -0.227122 -0.666142      -1.9   -1.2725  0.946047 -0.677602 -0.261799  0.190604 -0.147394    -3.352   1.89792      2.55  -1.75539 -0.141858  0.993811   1.58383  -1.57689 -0.687239  0.140827 -0.211572 -0.703602  0.457543 0.0275638
  1.06072 0.0114344  0.643907   16.1698   1.69025  -16.6197  0.203781 -0.796264  0.380867  0.133839 -0.795534  0.189563  -1.63882  -1.91986   -1.5708  0.575141 -0.497305  0.103227 0.0135533  0.160489    -3.352   2.37416      2.55  -1.70705 -0.479026    1.2143   1.87567  -1.69039 -0.666707  0.410187 -0.415099 -0.597472  0.654696  0.068928
   1.04932 -0.0522706   0.716227    13.9729     1.1074   -14.2265  -0.141392   -1.10897   0.361916          0  -0.476095  0.0857105   -1.56687   -1.79293   -1.10701   0.323831  -0.263787  0.0456282  -0.523599 -0.0780539     -3.352    1.94638       2.55   -1.83139   -0.32795    1.22174    1.93144   -1.87158  -0.596739   0.316703  -0.253759     -0.562   0.531419  0.0807627
  1.08923 -0.191934  0.702437   8.97536   1.67013  -8.94701  0.304783  -1.06417  0.280795 0.0592028 -0.460023 -0.165773  -1.50433  -1.80118   -1.5708  0.714671 -0.623939 -0.261799 -0.361209 -0.250085    -3.352   1.99923      2.55  -1.61634 -0.272621  0.926438   1.57031  -1.55543 -0.687823  0.406099 -0.055048  -1.36053  0.299725  0.383156
  1.12852 -0.182385  0.683312   8.89576   1.69157  -8.82963  0.249984  -1.02697  0.199949 0.0922603 -0.526759 -0.173073  -1.47121  -1.76198  -1.55878  0.853908 -0.749635 -0.261799 -0.197104 -0.358098    -3.352   1.58564      2.55  -1.79059 0.0842062  0.918466   1.75284  -1.65592 -0.445933  0.526079  0.107958  -1.29651  0.194861  0.374565
  1.08666 -0.203647  0.709071   11.2549   1.08525  -11.1641  0.794113  -1.21624  0.324632   0.19885 -0.457478 -0.221356 -0.522055   -1.7485  -1.02081  0.842862  -0.66984 -0.261799 -0.103031 -0.118999  -2.03822  0.150663      2.55 -0.923147   1.33932  0.135782   1.96422 -0.905134  -1.13906  0.295602 -0.650217  -1.30979  0.328216 -0.215996
 0.956038 -0.236266  0.737977    11.007   1.02753  -11.0123   1.26711  -1.27002  0.745002         0 -0.215392 -0.199515 -0.294361  -1.91986 -0.870703  0.142984 0.0962951 -0.261799  0.234166 0.0346621  -2.30937  0.299464   2.43287 -0.796253   1.10852 -0.149975   2.30591  -1.92887  -1.00745  0.676527 -0.359327 -0.719076   0.67887 -0.248887
   1.00106  -0.218637   0.744047    11.0513   0.850399   -11.0945    1.35389    -1.1842   0.657178  0.0126718  -0.257462  -0.214318  -0.468615   -1.86928    -1.2202   0.254174 -0.0810963  -0.261799   0.396781  0.0550323   -2.15295   0.340064    2.52875  -0.737049    1.09384 -0.0601654    2.29462    -1.6982   -1.01923   0.564369  -0.359862  -0.789774   0.566769  -0.215704
    0.9228  -0.272687   0.728531    10.9896    1.35142   -10.8587    1.65806   -1.54498    1.44146          0 -0.0330143  -0.153309  -0.165861   -1.91986  -0.401145          0     0.2933  -0.261799 0.00688139  0.0309475   -2.20393   0.447244    2.39831  -0.404522    1.01856  -0.362589       2.55   -2.16619  -0.874227   0.695844  -0.239296  -0.372204   0.780114  -0.314891
   0.922803   -0.272687    0.728531     10.9896     1.35142    -10.8587     1.65806    -1.54497     1.44146 6.93889e-18  -0.0330184   -0.153308   -0.165869    -1.91986   -0.401154           0    0.293295   -0.261799  0.00702006   0.0310362     -2.2043    0.447667     2.40033   -0.404662     1.01654   -0.362237        2.55    -2.16589   -0.873862    0.693467   -0.239426   -0.369882    0.780319     -0.3148
   0.981918   -0.258184    0.730213     10.6642     1.31424    -10.5773     1.65317    -1.51238     1.42409 5.62568e-17   -0.111937   -0.132847   -0.327342    -1.91986   -0.571091           0    0.192045   -0.261799    0.147048   -0.153482    -2.63576    0.568519     1.97483   -0.504911     1.10279   -0.622048        2.55    -2.13564   -0.528289    0.751859   -0.249985    -0.30589    0.743574   -0.496847
   0.981895   -0.258176    0.730216     10.6646     1.31399    -10.5777      1.6538    -1.51237     1.42446 5.87758e-17   -0.111928   -0.132848   -0.327104    -1.91986   -0.571119           0    0.192029   -0.261799    0.146949   -0.153861    -2.63471    0.567774     1.97118   -0.504773      1.1064    -0.62292        2.55    -2.13548   -0.528388    0.751021    -0.24992   -0.305862    0.743276   -0.496549
   1.37916 -0.0452019   0.741769    2.77419    1.73201   -2.80766   0.199848   -1.59846   0.147274   0.806989  -0.627383  0.0335152  -0.362771   -1.46298  -0.411544   0.620283  -0.566775  0.0729728   0.238731  0.0357891   -0.89306   0.403775   0.511243  -0.411215   0.566071  -0.042367  -0.485923  -0.794039  -0.437168  -0.477672  -0.848047   0.157772   0.335566  0.0409536
