   0.375431  -0.0968118    0.736999    0.160123      1.4966   -0.167712  -0.0275845    -1.59199  -0.0151363    0.664783   -0.570418  0.00772875   0.0327892    -1.59046   0.0453382    0.655796    -0.56298  0.00893742  -0.0528316 -0.00699379   -0.687385    0.391496    0.412926    -1.13812   -0.204272    0.438762    0.205728   -0.677028   -0.420759    -0.41611      -1.062   0.0754917    0.356733   -0.189807
  0.353211  0.0617625   0.703525  0.0524593    1.50255  -0.313191 -0.0237008   -1.82532 -0.0027202    1.02822  -0.708753   0.260683  0.0935295   -1.57408   0.114682   0.555469  -0.487279   0.261799    0.29068   0.152829  -0.670306   0.141079   0.637091   -1.23069  -0.362791   0.432861   0.387655  -0.800636  -0.638945   -0.18152    -1.0537  -0.155037   0.575608  0.0920422
 0.285765 0.0343045  0.724842 0.0765588   1.54266 -0.278748 0.0321919  -1.91986 0.0429759  0.946154 -0.570308  0.216944  0.129082  -1.68103  0.138134  0.518319 -0.382065  0.217474 0.0859261   0.23857  -1.00107  0.107014  0.500379  -1.13081 -0.517538  0.562774  0.256243   -1.4169 -0.870057 -0.235943 -0.846478 -0.187548  0.896706  0.214802
  0.208626  -0.040773    0.75367   0.147128    1.59386   -0.22362  0.0739747   -1.91986  0.0727167   0.664646  -0.338891   0.101353   0.126692    -1.7611   0.123319   0.394177  -0.227761  0.0998495 -0.0516719   0.180115   -1.30629   0.230544    0.35526  -0.928275   -0.44925   0.653841   0.142219   -1.69283  -0.944327  -0.204548   -0.70769  -0.120853   0.910484   0.176402
  0.476228  0.0537851   0.716014  0.0320039    1.51704  -0.292328  0.0262816   -1.36115  0.0423129   0.470989  -0.628956   0.251827  -0.213532   -1.56495  -0.197973   0.324671  -0.278937   0.261799   0.256531    0.10443  -0.713375          0   0.993729  -0.958974  -0.321239 -0.0051598  0.0243363   -1.11935  -0.588742  -0.130092  -0.794901  -0.138397   0.565945   0.159185
   0.24286  -0.186755   0.766664   0.195747    1.53729  -0.161867   0.348069   -1.50096   0.353508   0.123994  -0.156417 -0.0580445  -0.112086   -1.91986  -0.114871   0.361911  0.0181177 -0.0731661  -0.175654  0.0668685   -1.36327   0.383395   0.647236  -0.633514  -0.264594   0.457625  -0.353773   -1.51991   -0.78071  -0.246167  -0.637904  0.0292543   0.733002  -0.118014
   0.440635   -0.289107    0.780091    0.102194     1.41273   -0.157439    0.744248    -1.19532     0.76394   0.0222656   -0.138156   -0.202517    0.523599     -1.2519    0.545291  0.00253338   -0.119447   -0.108313   -0.523599    0.131779    -1.20193    0.642616   0.0287604   -0.252476    -0.13988    0.120773  -0.0744265    -1.10833   -0.549435   -0.689793   -0.424576   -0.181329    0.181299 -0.00828061
     0.44053     -0.28968     0.779996    0.0985202      1.41237     -0.15378     0.744397      -1.1939     0.763584    0.0206141    -0.137188    -0.203409     0.523599     -1.24992     0.544829 -8.67362e-19    -0.118253    -0.109218    -0.523599     0.131904     -1.20388     0.644215    0.0228359    -0.249446    -0.133919     0.119862   -0.0756676     -1.10993    -0.548956    -0.692084     -0.42262    -0.178959     0.180552  -0.00801975
  0.401692  -0.163171   0.781091   0.103671    1.49447  -0.124724   0.554863   -1.42014   0.563401  0.0125743 -0.0642731 -0.0590105   0.328301   -1.60114   0.338673   0.275465  -0.171146   0.031471  -0.235546 -0.0125653   -1.44269   0.623181   0.079475  -0.406312  -0.236217   0.463192   0.125599   -1.30811  -0.542359  -0.703454  -0.388161  0.0265406   0.265553   0.181806
    0.280968   -0.0980458     0.762454     0.142578      1.55076    -0.115227     0.550266     -1.66868     0.555735 -1.09288e-15     0.103083     0.024391     0.461554     -1.91986     0.492547     0.410246   -0.0796999     0.135107    -0.111039   -0.0830304     -1.68178     0.588873     0.157704    -0.448632    -0.320998     0.659873     0.112337     -1.62163    -0.627208    -0.552042    -0.414891     0.158691      0.54199     0.168102
  0.296308  -0.205693   0.737491   0.203269    1.53011 -0.0250509   0.458954   -1.64288   0.462318  0.0274445  0.0777116  -0.145911   0.441036   -1.91986   0.473255          0   0.354487 -0.0215327   -0.29623  -0.274027   -1.68768   0.655518   0.156122  -0.389194  -0.306944   0.677488 -0.0784868   -1.47849  -0.512522  -0.619243  -0.428586    0.17889     0.4669 -0.0254167
  0.295424  -0.206662   0.737207   0.202783    1.52938 -0.0246947   0.460147   -1.63983     0.4634  0.0218215  0.0813003  -0.147069   0.432474   -1.91986   0.464371          0   0.356547 -0.0241386  -0.293873  -0.272917   -1.69125   0.658319   0.158085   -0.38463  -0.304048   0.675554 -0.0822109   -1.48231  -0.511205  -0.615552  -0.427427   0.187512   0.468609 -0.0331974
   0.33872  -0.178404   0.739365   0.175187    1.59842 -0.0469882   0.518948   -1.63165   0.517612          0  0.0252178 -0.0979392   0.400303   -1.91986   0.417734          0   0.293321  0.0110869  -0.258099 -0.0213444   -1.67326   0.416482   0.115509  -0.454655   -0.31977   0.631409   0.032861   -1.94018  -0.865812  -0.506856  -0.415562   0.263099   0.793238   0.116971
  0.338671  -0.178535    0.73935   0.174495     1.5984 -0.0462845   0.520617   -1.63163   0.519301          0  0.0251713 -0.0978692   0.399329   -1.91986    0.41675          0   0.293471  0.0107642  -0.258164 -0.0214021   -1.67343   0.416707   0.115525  -0.454544  -0.319497   0.631457  0.0324981   -1.94081  -0.865735  -0.506767  -0.414574   0.263754   0.792742   0.116544
  0.454422  -0.261664   0.726426   0.206128    1.47625  0.0220131   0.445616   -1.57126   0.443543   0.375112  -0.280215  -0.227954   0.254236   -1.91986   0.276991          0   0.431709  -0.134152  -0.396178  -0.144566   -1.39601   0.567665   0.205179   -0.30966  -0.179895   0.399122   -0.16963   -1.44319  -0.696046  -0.675134  -0.372945   0.176154   0.506405 -0.0736861
   0.454554   -0.262207      0.7264    0.204135     1.47656   0.0244014    0.439388    -1.56819    0.436971    0.369328    -0.27752   -0.229686    0.252324    -1.91986    0.274632 2.22045e-16    0.431591   -0.135343   -0.397129   -0.145209    -1.39641    0.567935    0.205492   -0.309701   -0.180164    0.399647   -0.170989    -1.44265   -0.695662   -0.675647   -0.373118    0.175734    0.506122  -0.0742136
   0.452102    -0.24335    0.728083    0.213129     1.46848  0.00475605    0.522491    -1.62429    0.525366 8.67362e-19    0.148671   -0.191002    0.340575    -1.91986    0.373667           0    0.429852  -0.0920705   -0.360036   -0.127865    -1.37721      0.5544    0.215091   -0.316436   -0.184978    0.382725   -0.130681    -1.45589   -0.705505    -0.66041   -0.372728    0.186784    0.515024  -0.0544028
   0.452108    -0.24328    0.728099    0.212629     1.46847  0.00525961    0.521685    -1.62432    0.524505 3.20924e-17    0.148728   -0.191034    0.341183    -1.91986    0.374272           0    0.429794  -0.0918811    -0.35984   -0.127858     -1.3772    0.554384     0.21512   -0.316262   -0.185027    0.382525   -0.130506    -1.45601   -0.705582   -0.660271     -0.3725    0.186849    0.514907  -0.0544078
  0.518355  -0.198788   0.738301   0.197972    1.56542 -0.0508203   0.577266   -1.62443   0.578347 2.1684e-19  0.0503252  -0.117892   0.347094   -1.91522    0.36788          0   0.328433 -0.0254334   -0.28803   0.120179   -1.32401   0.316954    0.16372  -0.464985  -0.278804   0.311826  0.0338459   -1.97495   -1.02392  -0.487236  -0.427109   0.292489   0.844079   0.141653
   0.517678   -0.198524    0.738043    0.197722     1.56614  -0.0497034    0.576708    -1.62637    0.577778  1.0842e-18   0.0512485   -0.117728    0.349803     -1.9171    0.370815 2.90161e-17    0.329153  -0.0247286   -0.288754    0.119727    -1.32435    0.315612     0.16142   -0.468597   -0.279569    0.315545   0.0354046    -1.97875     -1.0258   -0.487022   -0.425991    0.293344    0.845008    0.143233
   0.537529   -0.180841    0.739101    0.177157     1.59764   -0.048529    0.548299    -1.63138    0.546957           0   0.0249638  -0.0971566    0.383636    -1.91986    0.400575 3.46945e-18    0.296369  0.00518284   -0.251925  -0.0164527    -1.67833    0.419741    0.126984   -0.446616   -0.312448     0.62495    0.020889    -1.94824   -0.859881   -0.494322   -0.415521    0.275651    0.796744     0.10517
   0.537592   -0.180747     0.73911     0.17628      1.5977  -0.0476917    0.547322    -1.63138    0.545998  2.1684e-17     0.02494  -0.0971638    0.384152    -1.91986    0.401122 5.20007e-17    0.296239  0.00539624   -0.252729  -0.0170662    -1.67816    0.419633    0.125781   -0.447056   -0.313103    0.625593   0.0218155    -1.94819   -0.860453   -0.495741   -0.414215    0.275198    0.795696    0.105953
    0.636962   -0.0899025     0.762024      0.14672      1.51277    -0.119205     0.619431     -1.69562     0.634304 -8.67362e-19     0.158557    0.0466129     0.513413     -1.91986     0.558505      0.35879 -0.000778197      0.15522   -0.0800869    0.0814489     -1.31832     0.415661     0.231566    -0.498786    -0.361161     0.382874     0.275816     -1.70453     -0.79901    -0.529558    -0.368524     0.243113     0.614592      0.17756
   0.637323   -0.089994    0.762079    0.149263     1.51273   -0.121615    0.610052    -1.69504    0.624941 9.54098e-18    0.158801   0.0451999    0.513264    -1.91986    0.558505    0.359647 -0.00160784    0.155091  -0.0814961   0.0805817    -1.31721    0.415124    0.232722   -0.500577   -0.363093    0.383724    0.275404    -1.70225   -0.798885   -0.531611   -0.369798    0.240858     0.61423    0.179017
   0.669814   -0.090783    0.760435    0.143942     1.55335   -0.115525    0.551895    -1.68934    0.558127 9.54108e-18    0.118126   0.0342434    0.523599    -1.91986    0.556283    0.371322  -0.0538825    0.153201  -0.0798842  -0.0719519    -1.71408    0.591961    0.174906   -0.418787   -0.315667    0.650409     0.10995    -1.67686   -0.631271   -0.529445    -0.39127    0.216301    0.559969    0.150103
   0.669897  -0.0908095     0.76045    0.143828     1.55329   -0.115369    0.549674    -1.68917    0.555892 8.34086e-18    0.118174   0.0338849    0.523599    -1.91986    0.556298    0.371608  -0.0541123    0.153164  -0.0797917  -0.0719299    -1.71363    0.591922    0.175564   -0.419185   -0.315696    0.650366    0.109613    -1.67657   -0.631126    -0.52941    -0.39149    0.216398    0.559945    0.149951
  0.764272   -0.12657   0.759891   0.124016    1.59522 -0.0993559   0.543792   -1.58705   0.541193          0 -0.0103012 -0.0162918   0.301868   -1.89189   0.312073   0.506536  -0.224352  0.0724333 -0.0466987   0.145407   -1.54626   0.283525   0.685132  -0.658724  -0.382927   0.547771  -0.243739   -2.08858  -0.773398   -0.36283  -0.255069   0.512867   0.719633  0.0262625
    0.76461   -0.126916    0.759946    0.123216     1.59512  -0.0988549    0.546217    -1.58623    0.543644 5.55112e-17  -0.0109231  -0.0163822     0.29869    -1.89115    0.308749    0.506465   -0.224575   0.0715124  -0.0454688    0.145763    -1.54663    0.281453     0.69634   -0.661067   -0.383852    0.547021   -0.253121    -2.08893   -0.771737   -0.361615   -0.252664    0.515716    0.718222   0.0230066
    0.83339   -0.116759    0.759709    0.112048     1.60662   -0.120307    0.424262    -1.50376    0.421743 -3.4972e-15  -0.0966939  -0.0191217   -0.173261    -1.54761   -0.177759   0.0551792   -0.113526   0.0123236   0.0431938   0.0119622    -1.82383    0.528846    0.767519   -0.606715   -0.485266    0.738974   -0.297727    -1.93878   -0.539024    -0.34937   -0.253126    0.542974    0.615708   -0.108217
  0.887671  -0.125128   0.764922  0.0724635    1.54156  -0.071334   0.321387    -1.4306   0.325121   0.102922  -0.206606 -0.0458056 -0.0957559   -1.40436 -0.0945073  0.0378513  -0.174361  0.0144557 -0.0112316 -0.0180608   -1.62836   0.567137    0.65288  -0.543887  -0.369746   0.626378  -0.219506   -1.72423  -0.567908  -0.401526  -0.251123   0.446218   0.478686  -0.120771
   1.31767 0.00801698   0.649455   -1.22786    1.11847   0.887092   0.528219  -0.520219   0.222343          0  -0.754572  0.0890431   0.411518  -0.795854  0.0559606  0.0863244  -0.580552   0.248779   0.520912   0.180786  -0.806225   0.273414    1.06129   0.112278 -0.0661633  -0.598041  -0.437783  -0.705224  -0.505202  -0.541272 -0.0338357   0.420332  -0.396652  -0.281994
    0.776801    -0.184925     0.736278    -0.836722      1.69809      0.93202     0.527924     -1.59822     0.629228            0   -0.0535395   -0.0830445     0.144045     -1.91986     0.254629 -1.38778e-16     0.262635   -0.0126517    -0.111917   -0.0935875     -2.18027     0.698717     0.511213    -0.218817    -0.500203     0.721654    -0.226927     -2.08924    -0.470959    -0.235726    -0.259655     0.570443     0.745437    -0.235867
    0.965157    -0.049719     0.740712     -1.37705      1.65335      1.22757     0.796007     -1.57769     0.873628     0.539901    -0.563123     0.153642   -0.0756765     -1.61281    0.0021078 -1.38778e-17    0.0143163     0.148561     0.111189     0.478659     -1.59297     0.299463     0.742655    -0.238572    -0.364893     0.249969   -0.0283493     -2.18749    -0.761627    -0.150441    -0.204445     0.636993     0.807998    0.0442756
    0.850103    -0.201958     0.726314    -0.685947      1.80027     0.703186      1.42271     -1.58092       1.5708     0.204345    -0.378721   -0.0201317     -0.34825     -1.91986    -0.198115 -1.38778e-17     0.167968   -0.0987098    -0.366905     0.211606     -2.14553     0.240934     0.458188    -0.274196    -0.622688     0.686936    -0.054401     -2.68187    -0.738685    -0.434234    -0.280783     0.881412     0.990829    0.0746158
   1.07504  -0.197078   0.760411  -0.813786    1.43175   0.897895   0.517309   -1.43533   0.406992   0.160955  -0.198835  -0.142613  -0.379385   -1.71897  -0.499157   0.678696  -0.461698  -0.159798 -0.0332043  0.0145044   -1.44606   0.570603   0.801379 -0.0524339  -0.508982   0.095648  -0.217402   -1.55312  -0.590999  -0.688225  -0.471788   0.485254   0.558091 -0.0423871
 0.898139 -0.303616  0.729011  -1.20393    1.9961   1.27359   1.15454  -1.50882    1.5708         0 -0.121313  -0.15731 -0.906826  -1.91986 -0.503595  0.101147 0.0846268 -0.261799 -0.523599  0.197645  -2.03661  0.536158   0.80733 -0.150164 -0.402834  0.532039 -0.509347  -2.30715 -0.581174 -0.179669  -0.38483  0.738746  0.995418 -0.222429
   0.959122   -0.278441    0.722641    -1.13585      2.1028     1.17819    0.973484     -1.5365     1.47834   0.0185781   -0.217177   -0.127013   -0.944582    -1.84276   -0.437999 1.73472e-18   0.0508051   -0.208447   -0.468569   0.0101151    -2.44332    0.765133    0.677065   -0.222841   -0.520736    0.836404   -0.470078    -2.17197   -0.268116   -0.100134   -0.511908     0.71187     1.03674    -0.31431
   1.27841  -0.235038   0.743445   -2.56154    1.89788    2.40868   0.297113  -0.867339   0.544577   0.175725  -0.547131  -0.172375   0.116918  -0.887273   0.360041          0  -0.403842 -0.0510261   -0.51388   0.239717   -1.36168    0.47376   0.739252  -0.312611  -0.648012   0.306616  -0.192433   -1.28104   -0.63135  -0.649297   0.204367 -0.0419607  -0.210282  0.0660045
  0.979969  -0.155479   0.742926   -2.19823    1.45279    2.27056   0.855815   -1.61912   0.763365          0 -0.0410411 -0.0354005   0.380385   -1.89105   0.297177 0.00893133   0.221979  0.0236239  0.0798092 -0.0720327    -2.1499   0.588498   0.777579   -0.32306  -0.766611   0.732759  -0.228454   -2.08382  -0.529323  -0.189302  -0.253423   0.453298   0.722605  -0.167877
  0.980622  -0.158069   0.742872   -2.19594    1.45362    2.26842   0.866466   -1.61586   0.774581          0 -0.0430417 -0.0374627   0.371972   -1.88399   0.288665          0   0.225617  0.0188676  0.0786187 -0.0721175   -2.14914    0.59292   0.778566   -0.32156   -0.76234    0.73181    -0.2342   -2.08002  -0.525604  -0.190952  -0.255482   0.458338   0.722701  -0.173809
   1.37916 -0.0452019   0.741769    2.77419    1.73201   -2.80766   0.199848   -1.59846   0.147274   0.806989  -0.627383  0.0335152  -0.362771   -1.46298  -0.411544   0.620283  -0.566775  0.0729728   0.238731  0.0357891   -0.89306   0.403775   0.511243  -0.411215   0.566071  -0.042367  -0.485923  -0.794039  -0.437168  -0.477672  -0.848047   0.157772   0.335566  0.0409536
