   0.375431  -0.0968118    0.736999    0.160123      1.4966   -0.167712  -0.0275845    -1.59199  -0.0151363    0.664783   -0.570418  0.00772875   0.0327892    -1.59046   0.0453382    0.655796    -0.56298  0.00893742  -0.0528316 -0.00699379   -0.687385    0.391496    0.412926    -1.13812   -0.204272    0.438762    0.205728   -0.677028   -0.420759    -0.41611      -1.062   0.0754917    0.356733   -0.189807
    0.33085   0.0566917     0.71616   0.0603788     1.50281   -0.308502  -0.0240637    -1.83539 -0.00353079    0.983797   -0.654408    0.247774   0.0813708    -1.56199    0.102061     0.47692   -0.420904    0.247894    0.272357    0.161362   -0.739412    0.195262     0.60322     -1.1592    -0.35472    0.449037    0.385589   -0.865353   -0.655169   -0.187954   -0.990998   -0.157345    0.573319    0.104864
   0.40716 -0.0416536   0.748285   0.237977    1.47824  -0.231308  0.0895685   -1.91986   0.121896   0.852682  -0.415811  0.0360621  -0.246063   -1.35848  -0.225358   0.352959   -0.46985  0.0416139  0.0882099  -0.056183  -0.710043   0.303959   0.587608  -0.914489  -0.303357   0.194885   0.280218  -0.767635  -0.473791  -0.336048  -0.839869  0.0893774   0.250326  -0.107327
   0.319436   0.0497095    0.760964    0.283458     1.46269   -0.322529    0.498349    -1.91986    0.580608    0.607054   -0.207139     0.23063   -0.474635    -1.35095   -0.439902    0.184772   -0.281294    0.134419    0.294024 -0.00496971   -0.941802    0.324506    0.665345   -0.719019   -0.308822    0.216419    0.340631    -1.11486   -0.637328   -0.155565   -0.646879  -0.0117542    0.435501    0.126625
  0.292344 -0.0136207   0.767001   0.291189    1.53176  -0.286496   0.464834   -1.85309   0.497654   0.341361 -0.0538673   0.128974  -0.433873   -1.44736  -0.423717   0.167149  -0.242262  0.0462577  0.0855151  0.0810169   -1.13198   0.256048   0.556144  -0.731777  -0.438146    0.32219   0.218029   -1.55457  -0.789292  -0.229019  -0.589364  0.0192532   0.712968   0.158213
  0.288758 -0.0149496   0.767186    0.29083    1.53367   -0.28721   0.460468   -1.84854   0.491717   0.323482 -0.0411636   0.126443  -0.432057   -1.45354  -0.422317   0.165321  -0.236712  0.0446269   0.081919  0.0853856   -1.14275   0.256451   0.552706  -0.728983  -0.438163   0.328471    0.21295   -1.56354  -0.794244  -0.229019   -0.58718  0.0197006   0.717059   0.159197
    0.31433  -0.0800885    0.776941    0.284411     1.51337   -0.274474    0.554953    -1.68489    0.576924    0.165831  -0.0145459   0.0527585   -0.666107    -1.57035   -0.650495           0    0.054946 -0.00917748  -0.0424598    0.048968    -1.12333    0.365343    0.508889   -0.607159   -0.400102    0.256399    0.151356    -1.43219   -0.751671   -0.295897   -0.543699  -0.0149031    0.580767   0.0607372
    0.31226  -0.0816774    0.776807    0.284389     1.51322   -0.274631     0.56554    -1.68161    0.587382    0.156614 -0.00859469     0.05216   -0.664759    -1.57385   -0.649214           0   0.0578704  -0.0111195  -0.0462581   0.0506699    -1.12997    0.366461    0.506842   -0.603599   -0.399466    0.259674    0.146578    -1.43537   -0.754375   -0.296891   -0.541535  -0.0155859    0.582038   0.0602576
   0.350872   -0.107674     0.76356    0.286528     1.60169   -0.283266    0.674375    -1.62048    0.665392   0.0189208 -0.00936696    0.027624   -0.475193    -1.61567   -0.483607  0.00116745    0.008915  -0.0239433   -0.134247    0.220787    -1.19187    0.171284    0.421336    -0.68258   -0.513428    0.273552    0.129633    -1.96847    -1.01686   -0.206852   -0.513302   0.0648515    0.886679    0.177603
   0.348943   -0.108255     0.76325    0.286321     1.60269   -0.283613    0.678989    -1.61902    0.669676   0.0111745 -0.00385256   0.0274519   -0.475865    -1.61876    -0.48456           0   0.0118411  -0.0248531   -0.136009    0.224658    -1.19825     0.16891    0.418211   -0.681117   -0.514236    0.277378    0.128812    -1.97878    -1.02085   -0.204219   -0.511478   0.0678242    0.890021    0.179688
  0.384252  -0.221043    0.75574    0.31722    1.51792  -0.233365   0.628603   -1.48974   0.639874  0.0509667 -0.0644099  -0.131882  -0.453686   -1.78704  -0.455545          0   0.246488  -0.178187  -0.362942   0.097517   -1.22628   0.395449   0.316644  -0.384934  -0.362763   0.178489 -0.0426745   -1.61911  -0.998268  -0.411727  -0.412829  -0.075965   0.680846  0.0410598
  0.561715 -0.0405884   0.753159   0.843111    1.59745  -0.923311    0.26321   -1.48747   0.243072   0.286031  -0.382897  0.0603781  -0.760602   -1.64157  -0.782258   0.112889 -0.0787476  0.0305152   0.130392  0.0626088  -0.862952   0.296244    0.87684  -0.235752  -0.244033  -0.475352  -0.102358   -1.27901  -0.807862   0.113031   -1.00618  -0.142434   0.818009  -0.220441
  0.550262 -0.0455437   0.762832   0.743957    1.50842  -0.826337   0.228118     -1.493   0.273899   0.385996  -0.418523  0.0623004  -0.785773   -1.64523  -0.743333   0.165728   -0.06857  0.0329695   0.127043    0.22311   -1.23544   0.355047   0.874022  -0.135289  -0.246123  -0.134941   -0.19253   -1.23531  -0.926417   0.119246  -0.940631  -0.119281   0.828746  -0.221618
  0.449308  0.0799787     0.7332   0.665024     1.5418  -0.788796   0.367457   -1.91986    0.41327   0.809014   -0.46651   0.261799   -1.59179   -1.55279    -1.5708          0  0.0204318    0.14201    0.27993    0.33767   -1.41278 0.00010891     1.1562  -0.608296  -0.689506   0.215875 -0.0113852   -1.88126  -0.951454    0.29558  -0.455096  -0.126718   0.847543   0.193173
 0.453904 0.0647727  0.751519  0.704421    1.5538 -0.756657  0.609425  -1.91986  0.653492  0.282836 0.0111408  0.261799  -1.58329  -1.50845   -1.5708         0 0.0123983  0.114669  0.259421  0.258313   -1.4143 0.0555673   1.08703 -0.565541 -0.692324  0.201611 0.0368515  -1.89713 -0.936555  0.298751 -0.433967 -0.124312  0.809621  0.169842
 0.453835 0.0647689  0.751526  0.703169   1.55367 -0.755401  0.609342  -1.91986  0.653504   0.28287 0.0112149  0.261799  -1.58337  -1.50845   -1.5708         0 0.0125068  0.114668  0.258725  0.257983  -1.41277 0.0564828   1.08058 -0.565409 -0.694785  0.202776 0.0450432   -1.8975 -0.936717    0.2983 -0.432769 -0.124807  0.808747  0.170395
   0.594097    0.069925    0.744873    0.578252     1.43234   -0.662878    0.391316    -1.91986    0.522282    0.822021   -0.405797    0.261799    -1.65806    -1.53032    -1.56809           0    0.108982    0.130012    0.170264   0.0687637    -1.16737    0.315282     1.16014  -0.0226788 -0.00443686   -0.347281   -0.591465    -1.50336   -0.791633     0.13772   -0.259118   -0.337317    0.419759    0.250698
  0.579641 -0.0635263   0.754774   0.593197    1.40061  -0.657439  -0.467523   -1.91986  -0.403185   0.873818  -0.415008 -0.0645357   -1.65806   -1.69204   -1.56992          0   0.135578 -0.0510583 -0.0287175  0.0726905  -0.987341   0.336502   0.830721  -0.444081    1.00066 0.00509792   -1.38637   -1.43818  -0.719271   0.176627  -0.195444  -0.226576   0.302597  -0.106112
  0.624817 -0.0468074   0.745915   0.624344    1.48675  -0.732517  -0.523599   -1.91986  -0.503655   0.839804  -0.467832 -0.0562318   -1.59267   -1.70846    -1.5453          0  0.0665918 -0.0279614 -0.0343726    0.21759  -0.988927   0.158158   0.711419  -0.561763    1.02048 -0.0549905   -1.42813    -1.8453  -0.912401   0.158888  -0.208218  -0.231313   0.594493   0.115264
   0.644828  -0.0377504    0.751189     0.67888     1.52606   -0.759915   -0.501429    -1.84312   -0.490112    0.711734   -0.437425  -0.0454649    -1.54145    -1.67151    -1.51414 5.55112e-17    0.038307  -0.0190754    0.049795    0.147513     -0.8943    0.163518    0.713265    -0.68686     1.08237  -0.0213205    -1.38999    -1.86006   -0.818076    0.238326   -0.217392   -0.191506    0.586546   0.0455159
 0.739567 0.0337072  0.744214  0.746392   1.56842 -0.846829 -0.303304  -1.64325 -0.302238  0.554893 -0.484089  0.078926  -1.42422  -1.59168  -1.42247  0.150056 -0.145408 0.0797762  0.523599  0.275974  -1.11393  0.200926   1.12316 -0.470933   1.25387  0.172207  -1.55322  -1.78496 -0.644632  0.541662   -0.3139 0.0696127  0.729944 -0.112742
   0.734532 -0.00295034    0.754675    0.780241     1.56373    -0.84665  -0.0515497    -1.58393  -0.0461914     0.42772   -0.409847   0.0659345    -1.42699    -1.60985    -1.42195    0.146971   -0.136496   0.0277839    0.460914    0.234147    -1.12772    0.261429     1.14419   -0.447273     1.20983    0.201626    -1.57571    -1.76258   -0.644728    0.549196   -0.349983    0.072532    0.728107   -0.191699
  0.713352 -0.0452061   0.767392   0.803289    1.53665  -0.825495 -0.0680384   -1.91986 -0.0460768    0.52477   -0.15286 0.00676242   -1.43038    -1.6241   -1.40669    0.12331   -0.09141 -0.0301159   0.311806   0.181167   -1.20178   0.356417    1.08764  -0.345612    1.12301   0.164086   -1.58023   -1.75898  -0.683415   0.481445  -0.333029  0.0576634   0.676667  -0.237292
  0.711591 -0.0444465   0.767511   0.803602    1.53604  -0.825537 -0.0621498   -1.91986 -0.0392885    0.52135  -0.148932 0.00882152   -1.43123    -1.6228   -1.40708   0.119444 -0.0873705 -0.0290989   0.308377   0.182524   -1.20898   0.357152      1.085   -0.33849    1.11893   0.158739   -1.58002   -1.76207  -0.687872   0.477333  -0.331817  0.0549339   0.676509  -0.231194
  0.790402 -0.0100932   0.757107   0.802327    1.51226  -0.852043  0.0267966   -1.91986  0.0764859   0.734524  -0.347806  0.0767652   -1.39411   -1.59919   -1.35114   0.305815  -0.261076  0.0228182     0.4568   0.158099   -1.35918   0.708777    1.07221  0.0301538    1.08299   0.159373    -1.4122   -1.63489  -0.594923   0.544711  -0.344992   0.128562   0.650665  -0.285334
   0.660144  -0.0353599    0.764006   -0.188152     1.56908    0.171374   0.0412895    -1.91986   0.0436538    0.356169 -0.00567304   0.0317467    -1.57047     -1.6113     -1.5708           0  0.00169528  -0.0237373      0.1182   0.0712502    -1.80613    0.667477   -0.172517    -0.16042    0.136534    0.450246    0.204666    -1.85291   -0.757101    0.206417   -0.279973  -0.0802679    0.612923 -0.00582491
  0.902333  0.0625856   0.731271    1.25278    1.40904   -1.40912   0.306873   -1.79616    0.47968   0.784613   -0.55777   0.261799   -1.55394   -1.59207   -1.39483  0.0567057 -0.0269739   0.137471   0.523599   0.239316  -0.875914    0.46971   0.375353  -0.459474    1.71023  0.0734912  -0.996038   -1.26196  -0.766661   0.512102  -0.847454  0.0426361   0.834723  -0.187618
  0.903969  0.0625501   0.730883    1.26241    1.40696   -1.42011   0.302813   -1.79425   0.477569   0.784227  -0.560305   0.261799   -1.55356   -1.59294   -1.39211  0.0572799 -0.0287548   0.137905   0.523599   0.240331  -0.870017   0.467463   0.376511   -0.46459    1.72545  0.0727733   -1.00839   -1.25856  -0.767832   0.515111  -0.853204  0.0426197   0.837127  -0.190012
  0.771405  -0.314457   0.720446     1.6907    1.09947   -1.56258   0.635227   -1.49044    1.10755   0.212416   -0.24451  -0.199052  -0.851876   -1.91986  -0.403043          0   0.327011  -0.261799  -0.523599   0.107336   -1.67378   0.802159 -0.0856621 -0.0724381    1.05032   0.405606  -0.892001   -2.01876  -0.651591   0.558355  -0.291513  0.0620361   0.861152  -0.542977
   0.860605    -0.24561       0.754    -1.20413     1.44722     1.22338    0.807079     -1.3448     0.69734 6.93889e-18   -0.131842   -0.166165   -0.550259    -1.91986   -0.706658     0.36403  -0.0506957   -0.245847   -0.231784   0.0648339     -1.8002    0.517157   -0.487682    0.291473    0.758163   0.0747966   -0.549856     -1.4572   -0.556149   -0.895318   -0.897341    0.224153    0.789133     0.18535
 0.927336 -0.209561  0.751243  -1.32081   1.49557   1.29333  0.639961  -1.28378  0.583375         0   -0.2205 -0.129855 -0.559274  -1.91986 -0.666078  0.482209 -0.182205 -0.186286  -0.10294 0.0708909  -1.97055  0.627741 -0.572506  0.188835  0.669324  0.290692 -0.315969  -1.42967 -0.275152  -0.92456  -1.10089  0.376026  0.761255  0.299499
   0.920565   -0.176273    0.757419    -1.36477     1.50881     1.32402    0.576279    -1.31156    0.528855 1.56125e-17   -0.209689  -0.0893521   -0.590697    -1.86346   -0.674639    0.373474   -0.126815    -0.14099  -0.0736026   0.0898978    -1.93721    0.617243   -0.551428    0.136752    0.561611    0.296748   -0.162294    -1.45976   -0.324147   -0.922241    -1.06012    0.366553    0.766465    0.351294
   0.813822   -0.189949     0.74128    -1.41988     2.10169       1.525     1.04284    -1.67768      1.5708           0  -0.0233142 -0.00454649  0.00471164    -1.91986    0.558505   0.0526231    0.223374   0.0708359   -0.523599  -0.0860175    -2.01355    0.881331    -0.43302   -0.174498    0.564408    0.607536   -0.207164    -1.94056   -0.425501   -0.463559   -0.314703    0.772812    0.687832    -0.24067
   1.35434  -0.289982   0.649919   -1.73306    1.74799    1.54021   0.396011  -0.839935   0.717002          0  -0.600239  -0.261799   0.293185  -0.966575   0.555258  0.0152829  -0.551294  -0.111862  0.0127111  0.0857704  0.0163286     1.0639  -0.593208  -0.804579    1.58927  -0.742329   0.172741   -1.08233 -0.0266532   -1.30836   0.212251   0.255762  -0.870165    1.00857
  0.925386  -0.285796   0.725269   -1.18126    1.57188    1.32845    1.09378   -1.53861    1.09505          0 -0.0149708  -0.175874  -0.322837   -1.91986  -0.340892          0   0.330199  -0.261799  -0.488121  -0.321304   -2.06361   0.602222    -1.2463   0.231705   0.924468   0.498925  -0.324699   -1.71686  -0.636894  -0.460257      0.292  -0.584591 0.00435603   0.461312
    1.07266  -0.0984451     0.77954   -0.352449     1.45803    0.350731    0.199258    -1.33231    0.160833           0    -0.12954  -0.0384737    -1.10572     -1.6697    -1.15607    0.170631  -0.0243489   -0.091373    0.031858 -0.00830598    -1.38549    0.664239   -0.609455   0.0303576     1.54121  0.00936171   -0.695517    -1.24224   -0.526904   -0.628824   -0.305313    0.316616     0.15351   0.0106089
    1.01624  -0.0640826    0.770856    -0.30711     1.45674    0.294581    0.547163    -1.67936    0.522386  2.1684e-19    0.203484   0.0651054    -1.04242    -1.62683    -1.08175 3.46945e-18    0.135609   -0.039064    0.149542  0.00889126    -1.45156    0.692066   -0.610281   0.0483679     1.52888   0.0799288   -0.595151    -1.39567    -0.55621   -0.481251   -0.296314    0.429838    0.306249  -0.0551284
   0.943729   -0.308703    0.726693     1.53186     1.07785     -1.3916     1.08851    -1.52438      1.5708  2.1684e-19   0.0846599   -0.165899   -0.925777    -1.88717   -0.471969 -3.1225e-17    0.369131   -0.261799   -0.523599  -0.0849058    -1.54936     1.10751   -0.644093   -0.193223     1.50903    0.459367   -0.716483    -1.57826   -0.318335   -0.143981   -0.266868    0.831005    0.569557   -0.841423
   1.03239  -0.213233   0.762824     1.0583    1.47266    -1.0263    1.35825   -1.55992     1.4417          0  0.0494203 -0.0406676  -0.570169   -1.84731  -0.509322   0.186922   0.107368  -0.163543  -0.221343  0.0921462   -1.61208   0.666127   -0.77143  0.0201172    1.40469   0.181947  -0.633358    -1.9095  -0.748932  -0.242381  0.0185588   0.501562   0.424345  -0.348203
 0.991684 -0.298113  0.736829    1.5797    1.1881  -1.47801   1.19148  -1.51744    1.5708         0 0.0347772 -0.148383 -0.877198  -1.90723 -0.526586 0.0814011  0.247586 -0.261799 -0.523599 0.0705124  -1.64742  0.846454 -0.804021 -0.179103   1.36325  0.357033 -0.557884  -1.90616 -0.623224 -0.172233 -0.232896  0.533698  0.686559 -0.431112
   1.37916 -0.0452019   0.741769    2.77419    1.73201   -2.80766   0.199848   -1.59846   0.147274   0.806989  -0.627383  0.0335152  -0.362771   -1.46298  -0.411544   0.620283  -0.566775  0.0729728   0.238731  0.0357891   -0.89306   0.403775   0.511243  -0.411215   0.566071  -0.042367  -0.485923  -0.794039  -0.437168  -0.477672  -0.848047   0.157772   0.335566  0.0409536
