   0.375431  -0.0968118    0.736999    0.160123      1.4966   -0.167712  -0.0275845    -1.59199  -0.0151363    0.664783   -0.570418  0.00772875   0.0327892    -1.59046   0.0453382    0.655796    -0.56298  0.00893742  -0.0528316 -0.00699379   -0.687385    0.391496    0.412926    -1.13812   -0.204272    0.438762    0.205728   -0.677028   -0.420759    -0.41611      -1.062   0.0754917    0.356733   -0.189807
  0.0790939   -0.220148    0.755232    0.261887     1.55309    -0.19682     1.11937    -1.63284     1.12462           0   0.0442362 -0.00906181   -0.579546    -1.91986   -0.608326    0.355768  -0.0477979   -0.261799   -0.153007   -0.114665    -1.73592    0.729023    0.294332   -0.431727   -0.161357    0.679719    -0.24452    -1.60851   -0.510857   -0.262173   -0.464314    0.286152    0.586375   -0.282478
   0.120369   -0.154916    0.754035   0.0402017     1.63871  -0.0214156       1.192    -1.68446      1.1857 1.73472e-18  -0.0254504   0.0868373   -0.565108    -1.84693   -0.573714    0.212826  -0.0478149   -0.167607   -0.130947    0.179372    -1.74088    0.382499    0.210527   -0.453586   -0.263824     0.59436  0.00549765    -2.20595   -0.856865   -0.168373   -0.351455    0.320601     0.85814    0.053634
   0.120151   -0.148865    0.754227   0.0416112     1.63993  -0.0266131     1.18419    -1.68917     1.17734 1.73472e-18  -0.0240197   0.0946621   -0.566418    -1.83826   -0.574439    0.197528   -0.041244   -0.159396   -0.124488    0.187002     -1.7383    0.374411    0.209191   -0.458016   -0.269997    0.594213   0.0198512    -2.21531   -0.860589   -0.165526   -0.350586    0.322218    0.861133   0.0644931
  0.206099 -0.0453747   0.754036  0.0992787    1.63358  -0.134071    0.42905   -1.84291   0.427659   0.431926  -0.245912   0.146949  -0.664552   -1.67738  -0.671401   0.178321  -0.157121 -0.0313375  0.0628173  0.0625912   -1.89539   0.539122   0.302309  -0.464266  -0.358849   0.748578  0.0701122   -1.98916  -0.670699  -0.204699  -0.379146   0.248896   0.755003   0.109488
  0.206237 -0.0526986   0.754909   0.102121    1.63357  -0.131066   0.425708   -1.83265   0.423674   0.416206  -0.239199   0.135979  -0.663469   -1.68442  -0.670226   0.188132  -0.161358 -0.0414623  0.0541718  0.0515597   -1.90033    0.54671   0.301565  -0.460601  -0.357107   0.748773  0.0566426   -1.98174  -0.664347  -0.206444  -0.381727   0.248903   0.750921  0.0961789
  0.264684  -0.137119   0.763026   0.123935    1.55997  -0.116561     0.4548   -1.64633   0.457537    0.37984  -0.301317  0.0259394  -0.696604   -1.70499  -0.700729          0   0.113622 -0.0937477  -0.079435 -0.0446201   -1.75667   0.631037   0.325946  -0.400323  -0.319929   0.639465  -0.060968   -1.70077  -0.610763  -0.291785  -0.365681   0.201684   0.559986 -0.0671829
  0.264061  -0.139342   0.762915   0.124335     1.5609  -0.115297   0.459695   -1.64392   0.462206   0.373156  -0.297883  0.0235273  -0.695226   -1.70721  -0.699553          0   0.114509 -0.0967173  -0.083019 -0.0480071    -1.7611   0.632579   0.324316       -0.4  -0.320972   0.642368 -0.0648925   -1.70152  -0.608801  -0.292413  -0.366556   0.202293   0.560507  -0.070723
   0.314657  -0.0792953    0.774332    0.125512     1.53108   -0.117424     0.51308    -1.67822    0.522334     0.12634  0.00636612   0.0455416   -0.701826    -1.58192   -0.697467           0   0.0479584  -0.0151666   0.0126389 -0.00863819    -1.57051    0.586794    0.382242   -0.404598   -0.289384     0.50268    0.054848    -1.60777   -0.650708   -0.303253   -0.331676    0.179804    0.478189    0.018056
    0.314487   -0.0791592     0.774303     0.125324      1.53119    -0.117273     0.512626     -1.67847     0.521869     0.126116   0.00671804     0.045657    -0.703994     -1.58212     -0.69966 -9.54098e-18      0.04798   -0.0152723    0.0122982  -0.00881841     -1.57088     0.586519     0.381468    -0.405187    -0.290073     0.503519    0.0556382     -1.60837    -0.651036    -0.303841    -0.331121      0.17924     0.478062    0.0190835
  0.388817   -0.10036   0.769322   0.119485    1.57835  -0.119204   0.554015   -1.61391   0.553347   0.126531 -0.0973385  0.0223583  -0.655627   -1.63243  -0.657144    0.16223  -0.120932 -0.0379291 -0.0509426   0.163117    -1.5017   0.380773    0.31243  -0.467039  -0.336627   0.431674   0.126464   -1.93719  -0.851198  -0.261014  -0.351847   0.234505   0.722228   0.101619
  0.388883  -0.100921   0.769344    0.11914    1.57814  -0.118865   0.556786   -1.61304   0.556137   0.125975 -0.0973791  0.0220092  -0.657675   -1.63395  -0.659211   0.164986  -0.122353 -0.0389525 -0.0521156   0.162552   -1.50175   0.381598   0.311588  -0.466741  -0.336156   0.431883    0.12575   -1.93642  -0.851166  -0.261806  -0.351088   0.234054   0.721158    0.10093
  0.328607  -0.219921   0.735231   0.196088    1.59032 -0.0633689   0.911289    -1.6077   0.909796          0 0.00315543  -0.103568   0.109689   -1.91986   0.114555 0.00475425   0.322787 -0.0935892   -0.20567  0.0203589    -1.7385   0.450968   0.375924  -0.363605  -0.321085   0.566061  -0.181271   -2.04232  -0.820817  -0.230612  -0.315236   0.298894   0.783755  -0.082694
  0.328119   -0.21887   0.735125   0.197093    1.59077 -0.0635705   0.907599      -1.61   0.906069          0  0.0042241  -0.102645   0.121227   -1.91986   0.126677 0.00266451    0.32398 -0.0902684  -0.204427  0.0203997   -1.73871   0.449243   0.375589  -0.364735  -0.321867   0.566784  -0.179022   -2.04458   -0.82169  -0.229949  -0.315737   0.299317   0.785373 -0.0805444
  0.383169  -0.171555   0.741848   0.193149     1.6489  -0.118034   0.856723   -1.61509   0.845406  0.0309265 -0.0791477 -0.0415076   0.189478   -1.91986   0.186366  0.0459924   0.219894 -0.0111443 -0.0630785  -0.133768   -2.08604    0.64961   0.326456  -0.398984  -0.406421   0.825543  -0.180186   -2.00054  -0.538035  -0.175272  -0.350956   0.309627    0.73791  -0.151592
  0.382676  -0.171669   0.741636   0.195909    1.64946  -0.120304   0.854702   -1.61517   0.843126  0.0286225 -0.0772607 -0.0419978   0.191141   -1.91986   0.187795  0.0439152   0.221342 -0.0111378 -0.0628955  -0.134527   -2.08818   0.649492   0.325589  -0.398898  -0.406964   0.826814  -0.180299   -2.00204  -0.537601  -0.174993  -0.351436   0.309776   0.739265  -0.151492
   0.460554   -0.098004    0.761142     0.13886     1.55385   -0.120229     1.12052     -1.6927      1.1273 3.46945e-18   0.0694704   0.0914508    0.418744    -1.91986    0.447134     0.36297  -0.0287019    0.129897   0.0167606  -0.0109775    -1.74761    0.612806     0.43109   -0.347089   -0.337277     0.57401  -0.0321108    -1.79015   -0.636805   -0.221459   -0.267634    0.270276    0.554949    -0.05973
   0.460188   -0.097277    0.760993    0.139715     1.55389   -0.120815     1.11917    -1.69403     1.12604 3.46945e-18    0.070145   0.0923122    0.425444    -1.91986    0.454145    0.361249  -0.0280146    0.131815   0.0179471  -0.0107015     -1.7483    0.612391    0.430997   -0.346496   -0.337518    0.573962   -0.030757    -1.79183   -0.637271   -0.221217   -0.267194    0.270928    0.555939  -0.0584258
  0.546457  -0.112867   0.761209   0.128121    1.61706  -0.121948    1.11433   -1.65581    1.10664   0.068152 -0.0760704  0.0700303  -0.542799   -1.63687  -0.547778          0  0.0106019 -0.0404903  -0.070398   0.185767   -1.64455   0.291148   0.504722  -0.513143  -0.465222   0.527594 -0.0254758   -2.15713  -0.864282  -0.199176  -0.284464   0.323527   0.777629  0.0910673
   0.72182  -0.204492   0.771864  0.0962528    1.44885   -0.13901   0.719659     -1.367   0.730462   0.358493  -0.389327 -0.0926984   0.271272   -1.30797   0.288694   0.137327  -0.268542 -0.0307767  -0.270309   0.101153   -1.26017   0.462075   0.667846   -0.39854  -0.368502   0.231867  -0.287258   -1.44029  -0.706333  -0.511938  -0.256503  0.0915142   0.335783 -0.0523261
   0.72133  -0.194528   0.763641  0.0237455    1.50426 -0.0440797   0.584772   -1.35313   0.590599      0.187  -0.301692  -0.100417   0.216737   -1.34379   0.221908  0.0957548  -0.250711 -0.0292141  -0.161562 -0.0253624   -1.63952    0.60757     0.6176  -0.416114  -0.451782   0.561967  -0.251581   -1.53697  -0.554972   -0.34491  -0.308922   0.263827   0.401498  -0.239065
  0.719281  -0.194371    0.76369   0.020605    1.50625 -0.0405252   0.581831   -1.35249   0.587624   0.176677  -0.294265  -0.100643   0.217082   -1.34669   0.221928  0.0926111  -0.246715 -0.0290148  -0.158675 -0.0256177   -1.64588   0.610121   0.615368  -0.413239  -0.450289   0.563633  -0.251307   -1.54359  -0.554991  -0.340585  -0.309989   0.266224   0.407026  -0.239974
    0.732647    -0.147004      0.77214   -0.0240334      1.50717    -0.043234      0.51113     -1.34437     0.517758     0.172138    -0.305726   -0.0442295     0.350417     -1.54236     0.352664 -8.67362e-18    0.0368906    0.0574309   -0.0594969    0.0504074     -1.57256     0.583247     0.658678    -0.405308    -0.407176     0.486601    -0.192111     -1.54448      -0.5892    -0.312162    -0.293795     0.270889     0.399052    -0.175227
     0.73111    -0.147002     0.772013   -0.0242584       1.5083   -0.0412408      0.50948     -1.34664     0.515906     0.169427    -0.302359   -0.0445289     0.347855     -1.54591     0.349986 -1.04083e-17     0.039076    0.0569567   -0.0582671    0.0489177     -1.57686      0.58478     0.657689    -0.403817    -0.406674     0.488414    -0.192469     -1.54887    -0.589033     -0.30991    -0.294633     0.272604     0.403002    -0.175724
  0.711726 -0.0996474   0.744787   -1.17724    1.75953    1.11308   0.166574   -1.41405   0.344518          0  -0.230851 0.00413827 -0.0425515   -1.91986   0.131233   0.299628 -0.0364822   0.101945  -0.124513   0.418563   -1.81224   0.262115   0.693284  -0.283992  -0.488154   0.414565  -0.044457   -2.42776  -0.790329 -0.0276689  -0.224369   0.576422    0.90214  0.0541086
  0.712327 -0.0993544   0.744854   -1.18786    1.76108    1.12308   0.162364   -1.41198   0.342597          0  -0.231891 0.00434816 -0.0446965   -1.91986   0.131361   0.302127 -0.0379747   0.102601  -0.125884   0.418147   -1.80956   0.263021   0.693674  -0.283992  -0.487333   0.413155 -0.0445293   -2.42493  -0.790636 -0.0284704  -0.222589   0.575838    0.89972  0.0530463
  0.776603   -0.10409    0.74773   -1.47893     1.4565     1.4448   0.356085    -1.2808   0.251713          0  -0.266965 -0.0380267   0.216394   -1.91986    0.11013   0.211693   0.149851  0.0709086   0.215387   0.294615   -1.57957    0.37853    0.82037  -0.231637   -0.34316   0.257596  -0.217207   -2.11474  -0.763775 -0.0821686  -0.123007   0.520632   0.699861 -0.0970614
   0.77697  -0.103408   0.747658   -1.48987    1.45393    1.45506   0.359031   -1.28147   0.251986          0  -0.267133 -0.0372252   0.219758   -1.91986   0.110808    0.21195    0.14873  0.0718543   0.223518   0.297776   -1.57931   0.380844   0.824828  -0.225389  -0.333426   0.252432  -0.225221   -2.11416  -0.760209 -0.0784099   -0.12575   0.523882   0.703461 -0.0985121
    1.0017   -0.20282    0.74499   -1.25991   0.826836    1.38679    1.02275   -1.29459   0.287915   0.153124  -0.293893  -0.252902  -0.455528   -1.66329   -1.20329   0.714277  -0.556154  -0.261799   0.420808 -0.0970357   -1.23421   0.552136   0.905463  0.0490624  -0.011213  -0.133311  -0.883226   -1.43864  -0.780689  -0.744039      0.292   -0.23416   -0.12341   0.468496
   0.729195   -0.258923    0.729562   -0.427459     1.58946    0.566112     1.04646    -1.56766     1.05651           0  -0.0173113   -0.141455   -0.160119    -1.91986   -0.158717 2.77556e-17    0.329344   -0.192849   -0.166072   0.0557866     -1.8194     0.64165   -0.207705   -0.136249    0.437445    0.442008   -0.309299    -2.15436   -0.649627   -0.664377   -0.224876    0.980485    0.753928   -0.206706
  0.852205 -0.0475739   0.761891   -1.67084    1.23435    1.65914    1.14618   -1.68398   0.811733   0.272177  -0.223284  0.0986581   -1.08413   -1.63797    -1.4178          0 -0.0187457 -0.0498332   0.523599    0.10021    -2.0038   0.709195  -0.422951   0.187816    0.81842   0.289697  -0.278585   -1.95226   -0.51551  -0.554611  -0.293613   0.809101   0.649998  0.0275171
  0.821331  -0.162616   0.755424   -1.62737    1.05167    1.65216    1.52351   -1.51684    1.00827          0 -0.0691432 -0.0598027  -0.801747   -1.76588   -1.31651 0.00248907  0.0063019  -0.203048   0.523599 0.00492249      -2.07   0.810658  -0.496355 -0.0614455   0.554459   0.530005  -0.169568   -1.92217  -0.444878   -0.55079  -0.386711    0.73429   0.682472  -0.104027
    1.00651   -0.256844    0.753969    -0.72162     1.41979    0.813178    0.696532    -1.38865    0.583669 8.67362e-19   -0.048323   -0.197818   -0.448984    -1.85312   -0.594157    0.737034   -0.396024    -0.25482   -0.181131   -0.119758    -1.66163    0.776211   -0.654283   0.0452719    0.882712    0.268881   -0.420924    -1.33601   -0.362788   -0.889156   -0.394788    0.639586    0.245344   -0.261103
    0.861616     -0.25579     0.752072    -0.993706       1.5719      1.04479      1.56979     -1.52032       1.5708  3.86764e-17 -0.000436042    -0.101596    -0.707434     -1.88602    -0.731472     0.213509      0.02432    -0.259756    -0.159295    -0.112521     -1.99978     0.915998    -0.676312    -0.171098     0.657538     0.589654    -0.239171     -1.78862    -0.415692    -0.557464    -0.284541     0.725555     0.526156    -0.367091
  0.972371  -0.142887   0.764779  -0.481178    1.58923   0.473543    1.47038    -1.6166    1.47826   0.217927  -0.229917  0.0531423  -0.672891   -1.73637  -0.669363   0.250185  -0.136064 -0.0949873 -0.0116964   0.227015   -1.69542   0.580255  -0.583307  -0.096454   0.779166    0.23966 -0.0694912    -2.0913  -0.701088  -0.569746  -0.256567   0.835825   0.709135  -0.022927
   0.971347   -0.137415    0.764778   -0.476446      1.5918    0.467175     1.47229    -1.62265     1.48105    0.213519    -0.22742   0.0608012   -0.677669    -1.72693   -0.672167    0.230629   -0.126622  -0.0879243 -0.00530122    0.233137    -1.70028    0.571164   -0.584943  -0.0891197    0.778667    0.235098  -0.0610877    -2.10128   -0.703556   -0.565613   -0.256432    0.838597    0.714292  -0.0132121
    1.1185 -0.0396614   0.738951   -1.19624    1.24609    1.20211    1.15873   -1.75959   0.880414    0.77389   -0.53603   0.122627  -0.525494   -1.52822  -0.826359   0.665834  -0.579042 0.00788505   0.523599  0.0251922   -1.64509   0.715161  -0.258568   0.118174    1.03444   0.190676  -0.447789    -1.6247  -0.486445  -0.630945  -0.409465   0.705755   0.576774  0.0738114
   1.11938 -0.0413403    0.73901   -1.19627    1.24139    1.20428    1.15335   -1.75898   0.870273   0.776552  -0.536665   0.118373  -0.515777   -1.52719  -0.821246   0.668709  -0.581807 0.00592832   0.523599  0.0210813   -1.64657   0.715116  -0.256252   0.122694    1.03609   0.188233  -0.457159   -1.61743  -0.482641  -0.637962  -0.419384   0.700804   0.576838  0.0790292
   1.15478  -0.112406   0.758768   -1.39837    1.06151    1.38453    1.31946   -1.56958   0.817637   0.550389  -0.460403   -0.01028  -0.666731   -1.69646   -1.18201   0.489736  -0.350776  -0.126111   0.523599 -0.0369672   -1.75956   0.727389  -0.329264   0.290511    1.25602    0.11233  -0.868902   -1.55417  -0.435825  -0.900058  -0.351455   0.757649   0.378709  0.0303469
   1.15413  -0.113952   0.758868   -1.40012    1.05728    1.38873    1.32141   -1.56842   0.814977    0.54367  -0.455812 -0.0134562  -0.669492   -1.69657   -1.18915   0.487697  -0.350865  -0.128866   0.523599 -0.0412089   -1.76869   0.727759  -0.335231      0.298    1.26309   0.112524  -0.879902   -1.55712   -0.43362  -0.907953  -0.351289   0.761618   0.377583  0.0310807
   1.37916 -0.0452019   0.741769    2.77419    1.73201   -2.80766   0.199848   -1.59846   0.147274   0.806989  -0.627383  0.0335152  -0.362771   -1.46298  -0.411544   0.620283  -0.566775  0.0729728   0.238731  0.0357891   -0.89306   0.403775   0.511243  -0.411215   0.566071  -0.042367  -0.485923  -0.794039  -0.437168  -0.477672  -0.848047   0.157772   0.335566  0.0409536
