4
0
    0.699984     0.100015 -5.36576e-08
0.000670656 -0.00101999     197.868           0           0           0
0 0 1
1
    0.699995    -0.299988 -4.54467e-06
7.71211e-05 -0.00100949     196.931           0           0           0
-0 -0  1
4
-1.16295e-05 -9.20368e-06  4.82732e-06
-4.51133e-05  0.000984798      117.982      2.33797     -9.43837            0
0 0 1
5
-5.55721e-06    -0.200009  5.16095e-06
-0.000681834   0.00104507      117.516      2.33799     -9.40113            0
-0 -0  1
3
0
   0.699987     0.10001 1.04731e-05
-0.0016573 0.00262514    333.328          0          0          0
0 0 1
1
   0.699998   -0.299997 1.50784e-05
0.000517855 -0.00024871     83.7066           0           0           0
-0 -0  1
5
-4.8944e-06   -0.200007 1.34024e-05
 0.00093713 -0.00256595     213.263     17.0599     17.0623           0
-0 -0  1
4
0
   0.699985    0.100007 1.97787e-05
  0.00104299 -0.000877518      196.113            0            0            0
0 0 1
1
   0.699989    -0.30002 3.13546e-05
 -0.00188516 -0.000916525      194.766            0            0            0
-0 -0  1
5
-1.1918e-07   -0.199992 2.21753e-05
-4.86681e-05   0.00107519       104.95      3.35967     -8.39575            0
-0 -0  1
4
  0.200001  0.0499986 2.1427e-05
0.000923078 0.000658959     134.469     3.36787    -10.7575           0
-0 -0  1
3
0
   0.699992     0.09999 4.18741e-05
0.00365374 -0.0208899     339.48          0          0          0
0 0 1
5
 8.2216e-06   -0.199966 3.90776e-05
 -0.00731031 -0.000114328      198.271     -15.8606     -15.8627            0
-0 -0  1
4
   0.199989   0.0500134 6.14369e-05
0.0035726 0.0206208   92.5479  -7.40359  -7.40407         0
-0 -0  1
4
0
   0.699994    0.100044 6.17091e-05
-0.000133236   9.6089e-06      159.543            0            0            0
0 0 1
5
1.52003e-05   -0.199973 5.20236e-05
-0.000201794  0.000270655      156.412      10.5814    0.0617668            0
-0 -0  1
4
   0.199971   0.0499957 0.000121263
-0.000140894 -0.000507287      159.045      10.5814    0.0617668            0
-0 -0  1
1
    0.899962    -0.299985 -2.89519e-06
-0.000227841  0.000647918      155.298            0            0            0
-0 -0  1
3
0
   0.699996     0.10008 7.58289e-05
-0.0156672 0.00899283    172.956          0          0          0
0 0 1
4
   0.199958   0.0499828 0.000163801
 0.0148443 -0.0332757    321.858   -25.7479    25.7495          0
-0 -0  1
1
    0.899934    -0.299976 -4.90201e-06
0.000293605   0.0245316     135.484           0           0           0
-0 -0  1
4
0
   0.699993    0.100097 8.38679e-05
2.85685e-05 0.000118259     157.403           0           0           0
0 0 1
4
   0.199976   0.0500087 0.000173686
 0.000529527 -0.000496213      159.849      4.48354      5.34132            0
-0 -0  1
1
    0.899927    -0.299969 -3.57056e-06
-0.000269029  0.000594971      154.541            0            0            0
-0 -0  1
5
   0.200001   -0.250002 5.13411e-06
-0.000243697  0.000259504      158.504      4.48354      5.34132            0
0 0 1
3
0
   0.699989    0.100112 9.08839e-05
 0.0211323 -0.0573288    297.347          0          0          0
0 0 1
4
   0.199992   0.0500323 0.000182653
-0.0350403  0.0736959    88.5371   -7.08323    -7.0827          0
-0 -0  1
5
   0.200003   -0.250005 9.76806e-06
 0.0140709 -0.0160441    244.414   -19.5527   -19.5535          0
0 0 1
4
0
   0.699996    0.100126 9.90528e-05
-0.000128781  5.19519e-05      157.362            0            0            0
0 0 1
4
  0.199996  0.0500363 0.00018992
  0.00057986 -0.000883679      160.746      4.33814      7.20171            0
-0 -0  1
5
   0.199998   -0.250003 1.64969e-05
 -0.00034418 -0.000131343      159.444      4.33814      7.20171            0
0 0 1
1
     1.09996    -0.300016 -1.04052e-05
-0.000483764  0.000959905      152.746            0            0            0
0 0 1
3
0
        0.7    0.100136 0.000104961
-0.0243929  0.0117458    120.407          0          0          0
0 0 1
4
        0.2   0.0500405 0.000194704
 0.0143072 -0.0376499     324.66   -25.9718    25.9738          0
-0 -0  1
1
     1.09993    -0.300028 -1.88032e-05
0.00977607  0.0258459     185.23          0          0          0
0 0 1
4
0
   0.700002    0.100141 0.000109252
-0.000251068  0.000738533      154.199            0            0            0
0 0 1
4
   0.200001   0.0500402 0.000200631
  0.0010814 -0.00010239     161.029    -10.5693     12.6006           0
-0 -0  1
1
     1.09993    -0.300026 -1.81145e-05
-0.00040997 0.000837487     153.389           0           0           0
0 0 1
5
         0.4    -0.250012 -3.06825e-06
-0.000401102  -0.00153265       161.68     -10.5693      12.6006            0
-0 -0  1
3
4
   0.200011   0.0500257 0.000211948
0.0788293 0.0783884   319.133   25.5303   -25.531         0
-0 -0  1
1
    1.09994   -0.300014 7.88046e-06
-0.0561586  -0.312473    304.128          0          0          0
0 0 1
5
   0.400012   -0.250012 1.62439e-05
-0.0221781   0.235015    7.03748    0.56303  -0.562966          0
-0 -0  1
4
4
   0.200008   0.0500134 0.000223546
  -0.001315 0.000264545     153.702      3.2694    -9.69553           0
-0 -0  1
1
    1.09994   -0.300003 1.56275e-05
   0.0001682 -0.000425255      161.283            0            0            0
0 0 1
5
   0.400008   -0.250011 2.84774e-05
0.000119695 0.000597928      154.66      3.2694    -9.69553           0
-0 -0  1
0
   0.900008    0.100015 1.67093e-05
 0.000766481 -0.000124525      160.653            0            0            0
0 0 1
3
1
    1.09995   -0.300007 2.20332e-05
0.0284151 0.0598476    1.5063         0         0         0
0 0 1
5
   0.400009   -0.250011 2.85502e-05
 0.0206853 -0.0812445    293.281    23.4613    23.4637          0
-0 -0  1
0
   0.900014    0.100011 2.15806e-05
-0.0491866  0.0214397     335.51          0          0          0
0 0 1
4
1
    1.09995   -0.300007 2.23743e-05
0.00347283 0.00660642    124.246          0          0          0
0 0 1
5
   0.400009   -0.250011 2.85508e-05
 0.00280879 -0.00664865     146.229     11.6978     9.47189           0
-0 -0  1
0
   0.90001   0.100011 2.2039e-05
-0.00360282  0.00311349     176.251           0           0           0
0 0 1
4
        0.4        0.05 -1.2128e-09
-0.00270903 -0.00306188     183.572     14.6858     9.47759           0
-0 -0  1
3
1
    1.09995   -0.300007 2.26465e-05
0.131397 0.155755  133.263        0        0        0
0 0 1
0
   0.900007     0.10001 2.24715e-05
-0.0761306  0.0520463    177.178          0          0          0
0 0 1
4
         0.4         0.05 -2.47432e-09
-0.0553329  -0.207817    319.857   -14.3175    25.5886          0
-0 -0  1
4
1
   1.09995  -0.300009 2.4654e-05
 0.000933277 -5.48447e-05      118.722            0            0            0
0 0 1
0
   0.899998    0.100023 2.48544e-05
-0.00146321 -0.00128797      189.14           0           0           0
0 0 1
4
    0.400001    0.0500006 -2.49702e-06
-0.000482765  0.000560123      187.065      14.9652     -12.6887            0
-0 -0  1
5
   0.599999       -0.25 2.91224e-06
0.000908542 0.000917464     135.371     10.8297    -10.8296           0
0 0 1
3
0
   0.900003    0.100027 2.72231e-05
 -0.0055172 -0.00562317     285.841           0           0           0
0 0 1
4
   0.399996   0.0499994 2.44319e-07
 0.0105843 0.00596636    82.4095    -6.5928   -6.59272          0
-0 -0  1
5
   0.599999       -0.25 3.38536e-06
 -0.00498773 -0.000369153      262.047     -20.9637     -20.9638            0
0 0 1
4
0
   0.900001    0.100028 2.72051e-05
-3.33955e-05 -0.000128637      158.977            0            0            0
0 0 1
4
   0.399995   0.0499997 7.13101e-07
-9.76594e-06  5.85376e-05      158.177      6.53876    -0.944635            0
-0 -0  1
5
   0.599997       -0.25 3.41693e-06
-2.06899e-05   3.5278e-05      156.405      6.53876    -0.944635            0
0 0 1
1
         1.3    -0.299998 -3.03906e-07
-1.85699e-05  4.00781e-05      156.739            0            0            0
-0 -0  1
3
4
   0.399993   0.0500031 1.08041e-05
0.0157632 0.0204784   284.274   22.7433  -22.7406         0
-0 -0  1
5
   0.600005   -0.250002 6.42102e-06
-0.00534918   0.0143279      118.57     9.48601    -9.48525           0
0 0 1
1
    1.30001   -0.299987 1.35769e-05
-0.010548 -0.034032   227.453         0         0         0
-0 -0  1
4
4
   0.399991   0.0500133 1.28032e-05
0.053706 0.161208  155.198   3.2074 -6.35057        0
-0 -0  1
5
   0.600005   -0.250002 6.68427e-06
-0.0537237  0.0895807    155.506     3.2074   -6.35057          0
0 0 1
1
        1.3   -0.299983 1.57122e-05
-0.0716845  -0.161195    159.791          0          0          0
-0 -0  1
0
        1.1     0.09999 9.73498e-07
 0.0716833 -0.0895041    159.803          0          0          0
0 0 1
3
5
   0.600005   -0.250002 1.02986e-05
 0.235865 -0.943857   288.697   23.0948   23.0968         0
0 0 1
1
       1.3  -0.299982 1.8648e-05
0.355531 0.707385  129.126        0        0        0
-0 -0  1
0
        1.1   0.0999917 4.44091e-06
-0.591368  0.236851   212.475         0         0         0
0 0 1
4
5
   0.600006   -0.250002 1.49902e-05
 0.000201082 -0.000353032       159.55     -5.36491      3.90238            0
0 0 1
1
        1.3   -0.299974 2.46342e-05
0.000306731 0.000651433     157.086           0           0           0
-0 -0  1
0
    1.10002    0.100005 1.93291e-05
-0.000258359  0.000350781      155.721            0            0            0
0 0 1
4
  0.599996  0.0499998 5.6926e-06
-0.000243515 -0.000402925      157.941     -5.36491      3.90238            0
-0 -0  1
3
5
   0.600006   -0.250002 1.88649e-05
-0.000494739   0.00148899      205.397      15.7969     -14.5096            0
0 0 1
1
        1.3   -0.299968 2.90885e-05
-0.00094584 -0.00291406     214.765           0           0           0
-0 -0  1
4
   0.599993   0.0499996 1.03987e-05
0.00144593 0.00162281    210.136    15.7969   -14.5096          0
-0 -0  1
4
5
   0.600005   -0.250002 1.99661e-05
-2.069e-05 2.5394e-05    158.079   -3.53058  -0.072577          0
0 0 1
1
        1.3   -0.299969 2.93577e-05
-2.3049e-05 3.50532e-05     158.306           0           0           0
-0 -0  1
4
   0.599991   0.0500001 1.25552e-05
-1.00812e-05 -7.70405e-07      157.019     -3.53058    -0.072577            0
-0 -0  1
0
        1.3   0.0999985 5.12981e-07
-7.52884e-06 -6.67852e-05      156.894            0            0            0
-0 -0  1
3
1
       1.3  -0.299969 2.9737e-05
-3.31344  -3.0934  175.272        0        0        0
-0 -0  1
4
  0.599991  0.0500001 1.2587e-05
 1.32701  6.19118  340.891 -27.2713  27.2713        0
-0 -0  1
0
       1.3   0.100018 1.6031e-06
1.98638 -3.0977 114.134       0       0       0
-0 -0  1
4
1
    1.29998   -0.299957 2.14819e-05
-0.000205367   6.5685e-06      157.802            0            0            0
-0 -0  1
4
   0.599968    0.050001 2.53742e-05
-0.000226035 -1.96197e-05       156.44      7.12421     -5.50802            0
-0 -0  1
0
     1.29999     0.100032 -2.44735e-06
-7.26834e-05  0.000177045      160.652            0            0            0
-0 -0  1
5
   0.799981   -0.249996 3.18585e-06
-0.000104482  0.000138014      155.404      7.12421     -5.50802            0
0 0 1
3
4
 0.599949 0.0500014  3.59e-05
-0.00389559   0.0024749     135.979    -10.8784    -10.8783           0
-0 -0  1
0
     1.29997     0.100043 -5.03903e-06
  0.0021111 -0.00198356     276.771           0           0           0
-0 -0  1
5
   0.799966   -0.249993 5.87543e-06
  0.00135215 -0.000262649      217.548     -17.4037     -17.4039            0
0 0 1
4
4
   0.599961   0.0499967 4.26925e-05
0.00148236 0.00532191     129.39   -10.3513    10.3512          0
-0 -0  1
0
    1.29997     0.10005 2.92339e-07
-0.00515235 -0.00239422     50.2838           0           0           0
-0 -0  1
5
   0.799958   -0.249997 7.78083e-06
 0.00435055 -0.00441455     243.658    -19.4931     19.4921           0
0 0 1
1
        1.5   -0.300002 4.11737e-06
-0.000593262   0.00138343      206.966            0            0            0
-0 -0  1
3
4
   0.599947   0.0499948 4.72724e-05
-0.000620101 -0.000116639      205.721      6.65075     -15.8699            0
-0 -0  1
5
   0.799944   -0.249999 9.17514e-06
-0.000102839    7.851e-05        206.9      6.65075     -15.8699            0
0 0 1
1
     1.49998    -0.300008 -9.12767e-06
 0.000173066 -3.56623e-06      217.677            0            0            0
-0 -0  1
4
4
 0.599946 0.0499951 4.766e-05
-0.000134548  0.000383976      155.643     -12.4514      1.58715            0
-0 -0  1
5
   0.799944   -0.250001 9.34189e-06
 4.97587e-06 -0.000227627      161.388     -12.9111      1.58731            0
0 0 1
1
      1.4999    -0.300019 -1.85013e-05
 -0.00013361 -0.000350585        160.7            0            0            0
-0 -0  1
0
    1.49999    0.100006 3.36922e-06
-0.00036276 9.41397e-05     152.567           0           0           0
-0 -0  1
3
5
   0.799958   -0.250021 3.26817e-05
0.00604518 0.00613255    332.209    26.5754    26.5781          0
0 0 1
1
     1.49989     -0.30003 -9.05136e-06
 -0.0085714 -0.00244054     134.982           0           0           0
-0 -0  1
0
    1.49999    0.100011 1.25146e-05
 0.00249688 -0.00395957     163.107           0           0           0
-0 -0  1
4
5
   0.799958   -0.250021 3.26818e-05
  0.0021677 0.000337845     184.773    -12.1247     14.7812           0
0 0 1
1
     1.49988    -0.300027 -1.09623e-05
 -0.00144901 -0.000251332      134.614            0            0            0
-0 -0  1
0
    1.49999    0.100012 1.23557e-05
1.97846e-05 3.14838e-05     129.755           0           0           0
-0 -0  1
4
        0.8        0.05 1.50721e-10
 -0.00079658 -9.25043e-05      181.155     -12.1273      14.4923            0
-0 -0  1
3
1
    1.49989   -0.300017 2.96657e-06
0.000118064  -0.0161608     480.669           0           0           0
-0 -0  1
0
        1.5    0.100016 3.12921e-05
-0.0017762  0.0152899    36.5074          0          0          0
-0 -0  1
4
   0.800002   0.0499882 9.78584e-06
 0.00194904 0.000600619     113.121    -9.04964    -9.04977           0
-0 -0  1
4
1
    1.49987   -0.300019 -6.3763e-06
-1.51851 -2.27719   160.83        0        0        0
-0 -0  1
0
    1.49999    0.100023 2.39426e-05
 1.51825 -2.27558  128.363        0        0        0
-0 -0  1
4
   0.799987   0.0499869 1.20603e-05
  1.1384  3.03609  161.677 -12.9343   12.934        0
-0 -0  1
5
    0.999987    -0.249999 -1.15642e-06
-1.13868  1.51685  179.427 -14.3541  14.3542        0
-0 -0  1
3
1
     1.49987    -0.300034 -9.77289e-07
-0.00235791  0.00193915     120.154           0           0           0
-0 -0  1
0
    1.49999    0.100022 2.54098e-05
 0.00424731 -0.00395831     209.537           0           0           0
-0 -0  1
5
    0.999988    -0.249999 -7.24511e-07
-0.00194413  0.00200081     300.607     24.0486     24.0485           0
-0 -0  1
4
1
    1.49988   -0.300036 2.57803e-07
 -0.00010984 -4.39542e-05      153.221            0            0            0
-0 -0  1
0
    1.49998     0.10002 2.87033e-05
 0.000407388 -8.09794e-05       153.74            0            0            0
-0 -0  1
5
    0.999989        -0.25 -2.07023e-07
-0.000106811  4.26467e-05      161.474      1.30099      12.9179            0
-0 -0  1
4
          1    0.050002 6.66797e-07
-3.91175e-05  4.04065e-05      161.862      1.30096      12.9489            0
-0 -0  1
3
0
    1.49998     0.10002 2.86585e-05
  -0.014472 0.000808401     123.029           0           0           0
-0 -0  1
5
    0.999989        -0.25 -2.06053e-07
-0.00384488  0.00258481     457.284    -36.5834    -36.5821           0
-0 -0  1
4
          1    0.050002 6.68758e-07
  0.0183784 -0.00362003     49.9845    -3.99882     -3.9987           0
-0 -0  1
4
0
    1.49998    0.100027 4.00719e-05
0.000328265  0.00121526     140.875           0           0           0
-0 -0  1
5
  0.999971  -0.249983 1.0127e-05
  0.00041106 -0.000528309      174.721     -13.9777      13.9776            0
-0 -0  1
4
    1.00003   0.0499822 6.46703e-06
-0.000413013 -0.000671311      161.151     -12.8918      12.8923            0
-0 -0  1
1
        1.7        -0.3 7.72206e-06
-0.000317759 -0.000132845      153.551            0            0            0
0 0 1
3
5
   0.999975   -0.249997 1.30561e-05
 3.51634e-05 -3.95502e-05      212.445     -10.7825      6.20093            0
-0 -0  1
4
    1.00003   0.0499822 6.62131e-06
-5.10731e-05 -0.000108924       209.21     -10.7825      6.20093            0
-0 -0  1
1
        1.7   -0.300001 6.75448e-06
3.81096e-06 6.27971e-07     208.643           0           0           0
0 0 1
4
0
    1.69999    0.100002 1.24677e-06
-0.000161737  0.000419219       200.51            0            0            0
-0 -0  1
1
    1.69999   -0.299999 6.65117e-07
0.000384696 0.000420987     199.293           0           0           0
0 0 1
4
   0.999994   0.0500011 3.16951e-06
-0.000327717 -0.000416267      115.701       3.0413     -9.25605            0
-0 -0  1
5
   0.999994   -0.249999 2.46368e-06
 0.000124477 -0.000423283      114.794      3.04137     -9.18352            0
-0 -0  1
