4
0
    0.699984     0.100015 -5.36576e-08
0.000670656 -0.00101999     197.868           0           0           0
0 0 1
1
    0.699995    -0.299988 -4.54467e-06
7.71211e-05 -0.00100949     196.931           0           0           0
-0 -0  1
4
-1.16295e-05 -9.20368e-06  4.82732e-06
-4.51133e-05  0.000984798      117.982      2.33797     -9.43837            0
0 0 1
5
-5.55721e-06    -0.200009  5.16095e-06
-0.000681834   0.00104507      117.516      2.33799     -9.40113            0
-0 -0  1
3
0
   0.699984    0.100014 6.27751e-07
1.68114 -3.9278 203.931       0       0       0
0 0 1
4
-1.51995e-05  -1.6267e-05  4.21507e-06
 2.10116e-09  2.10181e-09  -4.9201e-09 -4.52518e-09 -4.52563e-09            0
0 0 1
5
-5.54067e-06    -0.200009   5.8672e-06
-1.67969  3.92514  426.367  -34.107 -34.1116        0
-0 -0  1
4
0
   0.699972    0.100008 2.42288e-05
-0.000365027  -0.00013709      148.181            0            0            0
0 0 1
4
 1.41074e-05 -5.68477e-06  3.18086e-05
-0.000196249 -0.000111859      168.265     -4.53582      13.4608            0
0 0 1
5
-3.58974e-06    -0.200018  5.72528e-05
0.000513478 3.28738e-05     169.167    -4.53515     13.5328           0
-0 -0  1
1
   0.899966    -0.30003 1.65395e-05
-0.000583615 -0.000179195      144.686            0            0            0
-0 -0  1
3
4
4.42442e-05  5.7543e-06 5.54812e-05
0.000377102  0.00122345      217.05     17.3649    -10.2389           0
0 0 1
5
1.36584e-06    -0.20003 0.000102564
-0.000610639  -0.00117367       206.25      16.5017     -10.2418            0
-0 -0  1
1
   0.899935   -0.300055 3.01718e-05
-0.000227332 -0.000403561          207            0            0            0
-0 -0  1
4
4
 2.83646e-05 -8.95825e-06  0.000140642
 4.97609e-05 -7.83863e-05       163.17      8.09407      10.6345            0
0 0 1
5
9.41419e-06   -0.200036 0.000160173
 0.000150409 -0.000236468      161.551      8.09407      10.6345            0
-0 -0  1
1
   0.899904   -0.300067 7.42505e-05
-0.000816881 -2.26616e-05      151.171            0            0            0
-0 -0  1
0
   0.899979    0.100019 4.41006e-05
-0.000923368  0.000221334      154.409            0            0            0
0 0 1
3
4
 1.68294e-05 -2.07088e-05   0.00020689
   0.011981 -0.00205613     319.875    -16.0825     25.5899           0
0 0 1
1
   0.899879    -0.30008 0.000109135
-0.00277055  0.00119066     158.437           0           0           0
-0 -0  1
0
  0.899962   0.100031 7.8541e-05
 -0.0104544 0.000699124     151.988           0           0           0
0 0 1
4
4
 2.32657e-05 -1.01768e-05  0.000214593
0.000401402 -0.00312971     162.775    -2.34958     10.9317           0
0 0 1
1
    0.89988   -0.300075 0.000113243
0.00136538 0.00284554    153.643          0          0          0
-0 -0  1
0
   0.899957    0.100045 8.56722e-05
-0.00169878   0.0027813     152.702           0           0           0
0 0 1
5
   0.200001   -0.250002 4.49841e-06
-0.000169128  -0.00224252      161.177     -2.34958      10.9317            0
0 0 1
3
1
   0.899881   -0.300071 0.000116623
 0.078551 0.0941417   105.065         0         0         0
-0 -0  1
0
   0.899953    0.100056 9.15415e-05
-0.101991 0.0978921   164.378         0         0         0
0 0 1
5
   0.200003   -0.250005 8.20187e-06
0.0233085 -0.191801   360.855   28.8686   28.8682         0
0 0 1
4
1
    0.89988   -0.300071 0.000117188
0.000966595 0.000147109      152.63           0           0           0
-0 -0  1
0
   0.899953    0.100057 9.23053e-05
0.000282334 0.000218496     153.776           0           0           0
0 0 1
5
  0.200004  -0.250006 9.5271e-06
-0.000425053 -0.000197475      161.516      2.86623      12.4922            0
0 0 1
4
        0.2   0.0500006 4.74488e-07
-0.000818123 -0.000171531      162.376      2.86623      12.4922            0
-0 -0  1
3
0
   0.899953    0.100057 9.24993e-05
 -0.0018961 -0.00433218     224.191           0           0           0
0 0 1
5
   0.200004   -0.250005 9.52583e-06
-0.0036334 0.00276295     223.72   -17.8973   -17.8978          0
0 0 1
4
        0.2   0.0500007 5.12153e-07
0.00554831 0.00155462    182.387   -14.5912   -14.5908          0
-0 -0  1
4
0
   0.899953    0.100057 9.24709e-05
-0.00124681  0.00247824     155.752           0           0           0
0 0 1
5
   0.200002   -0.250003 1.08356e-05
 0.00118377 -0.00342565     160.229     1.92156     7.35625           0
0 0 1
4
   0.200002   0.0500022 5.55868e-07
-0.00148954  -0.0034059     160.805     1.92156     7.35625           0
-0 -0  1
1
        1.1   -0.300001 2.64622e-07
0.00153893 0.00438759    153.512          0          0          0
0 0 1
3
0
   0.899953    0.100057 9.24428e-05
-0.0465933  0.0866021     110.44          0          0          0
0 0 1
4
   0.200003   0.0500038 6.14722e-07
-0.046189 -0.222125   319.009  -25.5204   25.5211         0
-0 -0  1
1
        1.1   -0.300001 5.18774e-07
0.0927327  0.135498   200.848         0         0         0
0 0 1
4
0
    0.89995    0.100056 9.17274e-05
-0.000306859   0.00808757      132.055            0            0            0
0 0 1
4
   0.200011   0.0500086 1.94295e-06
-0.00524258   -0.011523     186.334    -14.9064      14.907           0
-0 -0  1
1
         1.1    -0.300004 -5.59329e-07
0.00313533  0.0102247    130.252          0          0          0
0 0 1
5
    0.399985    -0.249998 -6.10421e-07
 0.00236831 -0.00677638     181.657    -14.5328     14.5322           0
-0 -0  1
3
4
   0.200017   0.0500123 2.89986e-06
-0.000452936 -0.000791324      213.565      6.39418      5.67505            0
-0 -0  1
1
     1.09999    -0.300006 -1.32461e-06
0.000267316  0.00114926      206.22           0           0           0
0 0 1
5
    0.399975    -0.249996 -1.08856e-06
 0.000162321 -0.000340662      210.512      6.39418      5.67505            0
-0 -0  1
4
4
   0.200018    0.050012 3.68937e-06
-0.000116137 -0.000417731      181.779     -9.73631      14.5425            0
-0 -0  1
1
     1.09999    -0.300005 -5.37675e-07
5.01462e-05 0.000370057     138.697           0           0           0
0 0 1
5
    0.399975    -0.249996 -5.56802e-07
 0.000299907 -0.000283031       175.02     -9.73458      14.0012            0
-0 -0  1
0
       1.1   0.100002 8.7069e-07
-0.000239814  0.000383774      134.802            0            0            0
0 0 1
3
1
    1.09999   -0.300004 1.53627e-07
0.000249072  0.00276711     90.8568           0           0           0
0 0 1
5
    0.399975    -0.249996 -1.12628e-07
 0.00331198 -0.00530497     403.694     32.2943     32.2968           0
-0 -0  1
0
        1.1    0.100005 1.62358e-06
-0.0036235 0.00260221    135.747          0          0          0
0 0 1
4
1
    1.09999   -0.300006 2.87147e-07
0.00262064 0.00481625     141.92          0          0          0
0 0 1
5
    0.39997   -0.249994 1.00468e-06
 0.00225308 -0.00489699     172.208     2.92908     13.7768           0
-0 -0  1
0
      1.1  0.100004 1.443e-06
-0.00280884  0.00481295      143.09           0           0           0
0 0 1
4
   0.400001   0.0500005 6.25588e-07
-0.00211876 -0.00474401      173.08     2.92767     13.8463           0
-0 -0  1
3
5
   0.399966   -0.249992 1.78121e-06
-0.00163643  0.00185106     216.343    -17.3069    -12.5603           0
-0 -0  1
0
        1.1    0.100004 1.29967e-06
0.000994348 -0.00382079     209.447           0           0           0
0 0 1
4
   0.400002   0.0500012 1.07045e-06
0.000616475  0.00195686     204.507    -16.3607    -12.5616           0
-0 -0  1
4
5
   0.399982   -0.250004 2.23309e-06
 0.000152369 -0.000230223      163.235      1.28104      13.0589            0
-0 -0  1
0
    1.09999    0.100007 2.61872e-06
-5.97562e-05  0.000174015      153.428            0            0            0
0 0 1
4
   0.400005   0.0500027 3.31266e-06
-1.98304e-05 -0.000232964      163.617      1.28096      13.0893            0
-0 -0  1
1
        1.3   -0.299999 6.56412e-07
0.000144209 0.000292726     150.018           0           0           0
-0 -0  1
3
5
   0.399987   -0.249997 5.61832e-06
  0.00259041 -0.000484558      127.992      10.2398     -10.2389            0
-0 -0  1
4
   0.400002   0.0499958 7.06605e-06
-0.000953746  0.000801843      218.518      17.4812     -17.4817            0
-0 -0  1
1
    1.29999   -0.300023 4.10543e-06
 -0.00175426 -0.000562147      283.788            0            0            0
-0 -0  1
4
5
   0.399987   -0.249995 1.01158e-05
-3.71295e-05 -5.20393e-05       157.27     -10.0046     -4.00984            0
-0 -0  1
4
   0.400008   0.0499947 2.35688e-05
-3.85604e-05  8.25497e-05      154.269     -10.0046     -4.00984            0
-0 -0  1
1
    1.29999   -0.300055 1.20639e-05
 -5.3704e-05 -0.000190097       161.38            0            0            0
-0 -0  1
0
     1.29999    0.0999913 -4.66778e-07
 6.65705e-05 -0.000315461      157.378            0            0            0
-0 -0  1
3
4
   0.400013   0.0499936 3.66709e-05
0.00233578 0.00290432    278.802   -22.3032    22.3052          0
-0 -0  1
1
    1.29999    -0.30008 1.84523e-05
0.00271133 0.00323682    278.072          0          0          0
-0 -0  1
0
     1.29999    0.0999843 -7.97448e-07
-0.00512477 -0.00661035     73.4232           0           0           0
-0 -0  1
4
4
   0.400017    0.049997 3.91405e-05
5.28505e-05 0.000134213     157.797    -4.19663     1.70407           0
-0 -0  1
1
    1.29999   -0.300091 2.14207e-05
6.52401e-07 3.28824e-06     157.732           0           0           0
-0 -0  1
0
     1.29998    0.0999831 -6.77878e-07
-1.18612e-05 -8.94509e-05      156.053            0            0            0
-0 -0  1
5
   0.600004   -0.249991 1.38298e-06
-3.03447e-05 -3.68095e-05      158.715     -4.19663      1.70407            0
0 0 1
3
4
    0.40002   0.0499997 4.10898e-05
-0.00749436  0.00688019     98.5984    -7.88832    -7.88743           0
-0 -0  1
0
     1.29998    0.0999822 -6.26378e-07
 0.00180374 -0.00179032     247.351           0           0           0
-0 -0  1
5
   0.600006   -0.249984 2.52421e-06
 0.00574331 -0.00515493     284.348    -22.7482    -22.7475           0
0 0 1
4
4
   0.400037   0.0499912 3.40912e-05
0.000313914 -6.2131e-05       163.3    0.481185     10.2791           0
-0 -0  1
0
       1.3  0.0999839 1.4563e-05
0.000109022 2.21215e-05     154.073           0           0           0
-0 -0  1
5
   0.600025   -0.249987 8.20935e-07
-3.12455e-06 -2.94875e-05        161.1     0.481185      10.2791            0
0 0 1
1
    1.50002   -0.300001 2.04547e-05
0.000202853 3.59232e-05     151.825           0           0           0
-0 -0  1
3
4
   0.400049   0.0499848 2.90053e-05
-0.00162096  0.00111573     298.389    -23.8701     23.8722           0
-0 -0  1
0
    1.30001   0.0999854 2.55794e-05
0.000462372 -0.00203621     118.239           0           0           0
-0 -0  1
1
    1.50003   -0.300002 3.53302e-05
 0.00158544 0.000851762     213.669           0           0           0
-0 -0  1
4
4
   0.400026   0.0499833 4.13723e-05
-1.9466e-05 6.53208e-05     162.633    -4.19247     9.47917           0
-0 -0  1
0
       1.3   0.099988 1.8143e-05
-0.000236519 -8.86266e-05      153.892            0            0            0
-0 -0  1
1
    1.50002   -0.300013 2.64221e-05
-0.000183177 -6.64863e-05      153.673            0            0            0
-0 -0  1
5
   0.799975   -0.250002 7.74206e-08
 -0.00042976 -0.000132942      160.099     -4.19247      9.47917            0
0 0 1
3
0
        1.3   0.0999915 1.39764e-05
 0.000127334 -0.000497402      166.869            0            0            0
-0 -0  1
1
    1.50001   -0.300023 2.14059e-05
 0.00215155 -0.00129128     69.6325           0           0           0
-0 -0  1
5
   0.799955   -0.250003 2.48394e-07
-0.00306865  0.00159144     393.795     31.5039     31.5034           0
0 0 1
4
0
    1.29999   0.0999908 1.41447e-05
-0.000391641  2.49181e-05       167.52            0            0            0
-0 -0  1
1
    1.50001   -0.300023 2.03327e-05
-0.00083999 6.86743e-05      184.84           0           0           0
-0 -0  1
5
   0.799965   -0.250006 -2.1833e-06
0.000958639 9.23415e-06     146.835    -11.7469    -11.7467           0
0 0 1
4
        0.6   0.0500005 7.64529e-07
 0.000392384 -5.32044e-05      131.102     -10.4882     -10.4882            0
-0 -0  1
3
1
        1.5    -0.30002 2.16883e-05
-0.000502819  -0.00240689       207.92            0            0            0
-0 -0  1
5
     0.79997    -0.250007 -1.70443e-06
-0.000386937   0.00074576      211.192     -3.29707      4.91036            0
0 0 1
4
    0.600005    0.0500008 -1.10438e-07
0.00100505  0.0016736    211.185   -3.29707    4.91036          0
-0 -0  1
4
1
       1.5  -0.300017 2.2522e-05
-1.14983e-05  0.000127758      153.221            0            0            0
-0 -0  1
5
   0.799947       -0.25 1.66259e-06
-0.000233671  6.11807e-05      160.518      1.07439      10.3462            0
0 0 1
4
   0.599993   0.0499906 1.79278e-05
-0.000103522  1.82882e-05      162.909      1.07439      10.3462            0
-0 -0  1
0
        1.5    0.100027 5.85173e-06
-0.000234824  0.000145668      153.651            0            0            0
-0 -0  1
3
1
        1.5   -0.300016 2.38451e-05
  0.00234134 -0.000709244       122.24            0            0            0
-0 -0  1
5
   0.799952   -0.250002 2.63443e-06
-0.000283588   0.00108942      375.718       25.235      30.0567            0
0 0 1
0
        1.5     0.10004 1.05199e-05
 -0.00200527 -0.000372877       132.34            0            0            0
-0 -0  1
4
1
    1.49997   -0.300017 7.65585e-06
-0.000842969  0.000673663      181.094            0            0            0
-0 -0  1
5
  0.799928  -0.250015 1.0086e-05
 0.00169802 0.000858226     179.985    -14.3988    -5.57786           0
0 0 1
0
     1.49997     0.100048 -5.83211e-06
-0.00136758 -0.00110105     128.455           0           0           0
-0 -0  1
4
    0.79997   0.0499917 6.35205e-06
-0.000431011 -0.000384321      140.762     -11.2608     -5.57332            0
-0 -0  1
3
5
   0.799928   -0.250015 1.02642e-05
   13.66 -14.6904  367.702 -29.4161 -29.4166        0
0 0 1
0
     1.49997      0.10005 -5.66063e-06
-8.41002   29.384  138.193        0        0        0
-0 -0  1
4
    0.79997   0.0499917 6.51135e-06
-5.24992 -14.6938  124.403 -9.95185 -9.95241        0
-0 -0  1
4
5
   0.799937    -0.25004 7.87111e-05
-0.000757692    0.0018668      161.293      -6.3842      6.90065            0
0 0 1
0
    1.49995    0.100037 3.46392e-06
 0.00027255 -0.00171197     154.227           0           0           0
-0 -0  1
4
   0.799941   0.0499862 3.88461e-05
0.000295177  0.00161227     159.377     -6.3842     6.90065           0
-0 -0  1
1
    1.69995   -0.300054 5.87031e-06
-0.00148171 -0.00258183     155.401           0           0           0
0 0 1
3
5
    0.79995   -0.250066 0.000131575
-0.000630269  -0.00603235      201.083      16.0898     -16.0834            0
0 0 1
4
   0.799919   0.0499825 6.43393e-05
-0.00375682 -0.00500954     205.901      16.189    -16.4698           0
-0 -0  1
1
    1.69991   -0.300096 9.99745e-06
0.00315371    0.01037    223.315          0          0          0
0 0 1
4
5
    0.79994   -0.250061 0.000141394
-0.000830531 -0.000136634      153.867      2.12709     -7.52933            0
0 0 1
4
   0.799905   0.0499782 7.43525e-05
-0.000245469  5.97768e-06      154.505      2.12709     -7.52933            0
-0 -0  1
1
    1.69988    -0.30013 1.37675e-05
 0.000117011 -0.000105976      160.537            0            0            0
0 0 1
0
    1.69999   0.0999915 1.14144e-07
 0.000326879 -7.69627e-05      161.389            0            0            0
-0 -0  1
3
4
   0.799894   0.0499748 8.22431e-05
 0.00779558 0.000552436     267.436    -21.3984     21.3914           0
-0 -0  1
1
    1.69986   -0.300161 1.74308e-05
-0.000477241   0.00107773      217.866            0            0            0
0 0 1
0
    1.69998   0.0999839 8.11148e-07
-0.00785587 -0.00194659     144.995           0           0           0
-0 -0  1
4
4
   0.799879    0.049967 9.92413e-05
-0.000711955  0.000209504      153.449     -5.09652     -6.72183            0
-0 -0  1
1
    1.69985   -0.300154 1.27275e-05
 3.2785e-05 0.000188104     161.283           0           0           0
0 0 1
0
    1.69997    0.100013 3.54137e-06
-9.20048e-05  0.000141343      159.244            0            0            0
-0 -0  1
5
   0.999982   -0.250005 6.02437e-06
5.44653e-05  -0.0001723     156.323    -5.09652    -6.72183           0
-0 -0  1
3
1
   1.69984  -0.300149 9.2838e-06
-0.000736987 -0.000334977      140.887            0            0            0
0 0 1
0
   1.69996   0.100036 5.5134e-06
-0.00137518 0.000118636     189.013           0           0           0
-0 -0  1
5
   0.999969   -0.250008 1.05151e-05
 0.00154787 0.000504537     300.397      24.032     24.0316           0
-0 -0  1
4
0
    1.69999    0.100002 1.24677e-06
-0.000155923  0.000394297       200.51            0            0            0
-0 -0  1
1
    1.69999   -0.299999 6.65117e-07
0.000383944 0.000396065     199.293           0           0           0
0 0 1
4
   0.999994   0.0500011 3.16951e-06
-0.000322724 -0.000429699      115.701       3.0413     -9.25605            0
-0 -0  1
5
   0.999994   -0.249999 2.46368e-06
 0.000124546 -0.000436716      114.794      3.04137     -9.18353            0
-0 -0  1
