4
0
    0.699984     0.100015 -5.36576e-08
0.000670656 -0.00101999     197.868           0           0           0
0 0 1
1
    0.699995    -0.299988 -4.54467e-06
7.71211e-05 -0.00100949     196.931           0           0           0
-0 -0  1
4
-1.16295e-05 -9.20368e-06  4.82732e-06
-4.51133e-05  0.000984798      117.982      2.33797     -9.43837            0
0 0 1
5
-5.55721e-06    -0.200009  5.16095e-06
-0.000681834   0.00104507      117.516      2.33799     -9.40113            0
-0 -0  1
3
0
    0.699984     0.100015 -5.36576e-08
-2.18492e-05 -5.88991e-06      233.858            0            0            0
0 0 1
1
    0.699995    -0.299988 -4.54467e-06
-7.34667e-05  0.000503134       188.52            0            0            0
-0 -0  1
5
-5.55721e-06    -0.200009  5.16095e-06
 9.52386e-05 -0.000478691      207.919      16.6335     0.465374            0
-0 -0  1
4
0
   0.699988    0.100012 4.01027e-06
 0.00335627 -0.00526147     199.053           0           0           0
0 0 1
1
   0.699998   -0.299995 2.88395e-06
-0.00321319 -0.00526632     200.716           0           0           0
-0 -0  1
5
-1.74317e-06     -0.20002  7.01422e-06
-0.00210018  0.00762841     99.7723    -4.16643    -7.98208           0
-0 -0  1
4
   0.199991   0.0500275 1.07526e-05
0.00202785 0.00298746    130.757   -4.15911   -10.4606          0
-0 -0  1
3
0
   0.699992     0.10001 7.54494e-06
 -0.00054689 -0.000327501      178.754            0            0            0
0 0 1
1
   0.700001   -0.300001 9.30043e-06
 8.03364e-05 -3.53133e-05      245.329            0            0            0
-0 -0  1
4
   0.199983    0.050052 2.02345e-05
0.000497393 0.000418409     206.214    -16.4977     14.3072           0
-0 -0  1
4
0
   0.699983    0.100037 2.17988e-05
-0.000215958  0.000301171       154.12            0            0            0
0 0 1
1
   0.699995   -0.299982 1.71445e-05
0.000137921 0.000295076     154.645           0           0           0
-0 -0  1
4
   0.199961   0.0500413 3.51869e-05
 6.62247e-06 -0.000197881       160.57     -1.31242       12.767            0
-0 -0  1
5
   0.200019   -0.250028 9.62574e-06
-9.68409e-06 -0.000231369      160.963     -1.31242       12.767            0
0 0 1
3
0
   0.699976    0.100058 3.30172e-05
-0.000517197 -0.000126241      190.789            0            0            0
0 0 1
4
   0.199943   0.0500321 4.74557e-05
0.00107755 0.00173127    199.276   -15.9414   -15.9427          0
-0 -0  1
5
   0.200037   -0.250054 1.73135e-05
-0.000598695  -0.00152627      240.233     -19.2184     -16.2638            0
0 0 1
4
0
   0.699981    0.100061 5.05145e-05
-5.06791e-05  0.000509536      151.848            0            0            0
0 0 1
4
   0.199939    0.050032 5.22999e-05
  0.00028464 -0.000579218      165.668     -0.55806      13.2534            0
-0 -0  1
5
   0.200034   -0.250042 1.84103e-05
-0.000123412 -0.000522638      165.832    -0.558331      13.2665            0
0 0 1
1
  0.899987  -0.299998 1.1507e-05
-0.000169087  0.000927891       146.95            0            0            0
-0 -0  1
3
4
   0.199935   0.0500321 5.62179e-05
0.000676901 -0.00230503     231.373     18.5102    -7.14428           0
-0 -0  1
5
   0.200032   -0.250034 1.88933e-05
-0.000370007   0.00174588      202.589      16.2073     -7.14288            0
0 0 1
1
   0.899977   -0.299996 1.97268e-05
-0.000351639  0.000815908      196.336            0            0            0
-0 -0  1
4
4
   0.199932   0.0500327 5.89305e-05
-0.0282172 -0.0691712    170.458   -1.81244    13.6365          0
-0 -0  1
5
   0.200033   -0.250035 1.74057e-05
 0.0293362 -0.0691062    170.995   -1.81284    13.6795          0
0 0 1
1
  0.899978  -0.299996 2.0558e-05
0.0393339  0.069144   144.785         0         0         0
-0 -0  1
0
   0.900001   0.0999983 1.78913e-07
-0.0404623  0.0691116    144.059          0          0          0
0 0 1
3
4
   0.199929   0.0500332 6.16144e-05
0.0473064  0.140036   182.642  -14.6106  -14.6122         0
-0 -0  1
5
   0.200034   -0.250036 1.59061e-05
-0.123737  0.131411   247.129  -19.7696   -19.771         0
0 0 1
0
  0.900003  0.0999969 6.6326e-08
0.0764398 -0.271499   200.526         0         0         0
0 0 1
4
4
   0.199909   0.0500747 7.58894e-05
0.0206789 0.0555897   158.209   8.84626  -1.73125         0
-0 -0  1
5
  0.200033   -0.25003 2.3873e-05
-0.0210662  0.0560325    155.555    8.84626   -1.73125          0
0 0 1
0
        0.9     0.10004 1.41387e-05
  0.027751 -0.0414581    159.863          0          0          0
0 0 1
1
     1.09997    -0.299994 -2.52534e-06
-0.0279855 -0.0691872    156.671          0          0          0
0 0 1
3
4
    0.19989   0.0501155 8.91587e-05
-0.200189   -1.1109   280.475  -22.4397   22.4362         0
-0 -0  1
0
   0.899998    0.100078 2.67243e-05
-0.315895  0.348283   173.072         0         0         0
0 0 1
1
     1.09995    -0.299987 -4.77907e-06
  0.5155 0.763521  176.752        0        0        0
0 0 1
4
4
   0.199895   0.0501468 9.32175e-05
-0.000256528 -5.27782e-05      155.867      12.1686     -7.85247            0
-0 -0  1
0
   0.899997    0.100078 2.73133e-05
 0.000331852 -0.000244495      161.972            0            0            0
0 0 1
1
     1.09995    -0.299991 -3.22889e-06
 3.85088e-06 -0.000156634      158.674            0            0            0
0 0 1
5
    0.400008    -0.249998 -6.24015e-07
5.43531e-05 0.000805115     153.786     12.1686    -7.85247           0
-0 -0  1
3
4
   0.199895   0.0501226 0.000107426
-0.0120587  0.0201523    102.091   -8.16666   -8.16782          0
-0 -0  1
0
   0.900006    0.100093 3.90266e-05
0.00529579 -0.0171593    310.996          0          0          0
0 0 1
5
   0.399995   -0.249973 -6.7073e-07
 0.00670554 -0.00268649     217.211    -17.3767     -17.377           0
-0 -0  1
4
4
   0.199895   0.0501235 0.000108442
0.000683682  -0.0022962     164.412     13.1533    -5.55097           0
-0 -0  1
0
   0.900006    0.100093 3.92569e-05
  0.00044752 -0.000688236      167.743            0            0            0
0 0 1
5
    0.399996    -0.249973 -1.35399e-06
-0.000332222   0.00305304      149.572      11.9658      -5.5484            0
-0 -0  1
1
        1.3        -0.3 9.47439e-08
-0.000789331 -4.82273e-05      148.571            0            0            0
-0 -0  1
3
4
   0.199895   0.0501208 0.000109582
  0.0184222 -0.00668509     343.523    -27.4838     27.4799           0
-0 -0  1
0
   0.900005    0.100098 4.07235e-05
-0.0208141 0.00535871     8.0929          0          0          0
0 0 1
1
        1.3   -0.299999 4.14137e-07
0.00228363  0.0011889    278.682          0          0          0
-0 -0  1
4
4
   0.199904   0.0501105 0.000144666
0.00160896  0.0010231    161.693   -12.9362    12.9347          0
-0 -0  1
0
   0.900022    0.100162 0.000111608
-0.00141158  0.00470021     125.787           0           0           0
0 0 1
1
   1.29996  -0.300018 3.7475e-05
-0.000350332 -0.000442407      159.273            0            0            0
-0 -0  1
5
    0.59998    -0.25003 4.27357e-05
-0.000388053  -0.00534982      183.547     -14.6835       14.684            0
0 0 1
3
4
   0.199911   0.0501028 0.000171888
0.00275254  0.0312364    85.1904   -6.81491   -6.81554          0
-0 -0  1
0
   0.900037    0.100216 0.000168508
-0.00422081 -0.00265804     192.921           0           0           0
0 0 1
5
   0.599961    -0.25005 7.97583e-05
0.00107419 -0.0286319    352.189   -28.1757   -28.1745          0
0 0 1
4
4
   0.199916   0.0501008 0.000173222
 2.22717e-05 -1.31719e-05      157.861     0.347807     0.391146            0
-0 -0  1
0
   0.900039    0.100215 0.000171873
 2.41707e-05 -4.66053e-05      157.605            0            0            0
0 0 1
5
   0.599955   -0.250053 7.88154e-05
-2.91897e-05  2.91912e-07        157.6     0.347807     0.391146            0
0 0 1
1
        1.5   -0.300004 8.24691e-06
 -5.9211e-05 -1.87475e-05      157.231            0            0            0
-0 -0  1
3
4
   0.19992  0.0500987 0.00017436
0.00490508 -0.0112537    258.076    -20.647    20.6451          0
-0 -0  1
0
    0.90004    0.100215 0.000174834
-0.00286292   0.0220908     143.828           0           0           0
0 0 1
1
        1.5   -0.300006 1.29271e-05
-0.00207259  -0.0109352     228.394           0           0           0
-0 -0  1
4
4
   0.199921   0.0500989 0.000177716
-0.000265079 -0.000109432      155.928      9.22479      -4.6611            0
-0 -0  1
0
   0.900036    0.100224 0.000180979
-0.000231279 -0.000824049      159.654            0            0            0
0 0 1
1
        1.5   -0.300004 1.77883e-05
0.000138059 9.47616e-05     158.758           0           0           0
-0 -0  1
5
   0.799999   -0.249999 3.25629e-06
0.000254685 0.000913218     155.957     9.22479     -4.6611           0
0 0 1
3
4
   0.199923   0.0501036 0.000188256
-0.0011339  -0.132449    307.504    24.6013   -24.5993          0
-0 -0  1
1
    1.49999   -0.299997 3.36494e-05
-0.0213633 -0.0741384    275.254          0          0          0
-0 -0  1
5
   0.799992       -0.25 1.43153e-05
0.0223213  0.207411   47.5415   3.80331  -3.80333         0
0 0 1
4
4
   0.199923   0.0501042 0.000188186
0.000682926 2.74173e-05     161.263    -1.89069     5.67443           0
-0 -0  1
1
    1.49999   -0.299997 3.48261e-05
-7.67728e-05  0.000147901      154.548            0            0            0
-0 -0  1
5
   0.799991       -0.25 1.41546e-05
-0.000209857 -0.000112176      158.425     -1.89069      5.67443            0
0 0 1
0
        1.1    0.100002 9.31059e-07
 -0.00039539 -4.24619e-05      156.061            0            0            0
0 0 1
3
4
   0.199924   0.0501047 0.000188138
-0.0236799 0.00804933    101.245   -8.09928    -8.0999          0
-0 -0  1
5
    0.79999       -0.25 1.40231e-05
  0.0129361 -0.00455384     269.365    -21.5494     -21.549           0
0 0 1
0
        1.1    0.100004 1.81727e-06
   0.010779 -0.00349885     259.688           0           0           0
0 0 1
4
4
   0.199924   0.0501047 0.000188124
-0.0290739 -0.0679093    28.8079    2.30472   -2.30454          0
-0 -0  1
5
    0.79999       -0.25 1.40283e-05
 -4.2177e-13  4.03219e-14 -2.18871e-12  2.12018e-13 -2.51609e-12            0
0 0 1
0
       1.1   0.100004 1.7882e-06
0.0819149   0.13308   571.506         0         0         0
0 0 1
1
         1.7    -0.299999 -1.21156e-06
-0.0527432  -0.064843    29.9839          0          0          0
0 0 1
3
5
    0.79999       -0.25 1.40311e-05
-0.000253208  -0.00588248      35.6948      2.85556     -2.85561            0
0 0 1
0
        1.1    0.100004 1.76219e-06
0.00442966 0.00650009    590.916          0          0          0
0 0 1
1
         1.7    -0.299998 -2.31331e-06
 -0.00413918 -0.000369929      3.68704            0            0            0
0 0 1
4
5
   0.799985   -0.250001 1.67772e-05
-0.00111375 -0.00159682     120.792      9.6633    -9.66348           0
0 0 1
0
        1.1    0.100003 1.01372e-06
 0.000113846 -0.000151109      191.972            0            0            0
0 0 1
1
     1.69997    -0.299979 -1.21713e-05
0.000638585 0.000713089     189.633           0           0           0
0 0 1
4
  0.399996  0.0499976 3.9162e-06
6.15706e-05  0.00109773       127.9      10.232     -10.232           0
-0 -0  1
3
5
   0.799981   -0.250018 1.75394e-05
-4.16273e-08  4.16265e-08 -9.74326e-08  8.96356e-08 -8.96405e-08            0
0 0 1
1
    1.69998        -0.3 1.17165e-06
-0.0429745  -0.151004    295.275          0          0          0
0 0 1
4
   0.399988   0.0499687 1.28342e-05
0.0473242  0.162783   335.024   26.8019   -26.802         0
-0 -0  1
4
5
   0.799989   -0.250022 1.66252e-05
-0.000156216  4.76355e-05       147.82      -1.5052     -11.8256            0
0 0 1
1
    1.69998   -0.300007 6.47622e-06
 0.000127887 -1.11396e-05       185.85            0            0            0
0 0 1
4
   0.399989   0.0499694 1.10397e-05
-7.31147e-05 -8.15551e-05      129.432     -1.50536     -10.3546            0
-0 -0  1
0
        1.3   0.0999982 1.36505e-06
 0.000280723 -9.66776e-05      167.196            0            0            0
-0 -0  1
3
5
   0.799969   -0.250028 2.30972e-05
 0.00407665 -0.00435863     185.531     14.8418     14.8431           0
0 0 1
1
   1.69998  -0.299998 2.6535e-06
 -0.00366108 -0.000667979      70.9372            0            0            0
0 0 1
0
   1.29999   0.100002 -1.459e-06
-0.000690908   0.00541625      373.829            0            0            0
-0 -0  1
4
5
   0.799976   -0.250037 2.28933e-05
-0.000485729 -0.000851274      115.133      9.21106     -9.21016            0
0 0 1
1
   1.69998  -0.299998 2.0563e-06
 0.000295441 -7.96706e-05       167.42            0            0            0
0 0 1
0
     1.29999     0.100002 -1.12932e-06
0.000654671 0.000537659     199.828           0           0           0
-0 -0  1
4
    0.600001    0.0500002 -1.76662e-07
-0.000306941  0.000404382      147.917      11.8333     -11.8334            0
-0 -0  1
3
5
   0.799953   -0.250044 3.50111e-05
-0.0040275 -0.0100628    45.5348    3.64315   -3.64241          0
0 0 1
1
     1.69996    -0.299987 -1.95409e-05
0.00391517  0.0120114    313.055          0          0          0
0 0 1
4
   0.599972   0.0499887 1.54023e-05
-0.000818264   -0.0015596      271.707      21.7377     -21.7355            0
-0 -0  1
4
5
  0.799961  -0.250034 4.6536e-05
  -0.0013157 -9.09982e-05      139.727     -3.44758     -11.1783            0
0 0 1
1
     1.69997    -0.300015 -9.06421e-06
  0.00138112 -0.000176077      188.132            0            0            0
0 0 1
4
   0.599993   0.0499807 3.46604e-06
 0.000401919 -0.000570961      127.229     -3.44684     -10.1784            0
-0 -0  1
0
    1.50001   0.0999729 1.05633e-05
-1.07464e-05  -0.00023782       175.21            0            0            0
-0 -0  1
3
1
    1.69999   -0.300045 1.27715e-05
  -1.233e-05 -0.000854813      257.089            0            0            0
0 0 1
4
    0.600003    0.0499675 -2.98939e-06
-0.000877312 -0.000303355      237.775     -19.0225      19.0216            0
-0 -0  1
0
    1.50001   0.0999655 1.55291e-05
 0.00113712 0.000558501     135.433           0           0           0
-0 -0  1
4
1
    1.69999   -0.300061 2.19548e-05
 -0.00013856 -0.000249083      166.196            0            0            0
0 0 1
4
    0.600004    0.0499594 -3.74204e-06
-5.84241e-05  -9.0411e-05      154.782     -12.3828      12.3823            0
-0 -0  1
0
    1.50001   0.0999663 2.58492e-05
0.000506919 0.000399056     132.767           0           0           0
-0 -0  1
5
          1   -0.250001 8.85031e-06
-0.000258966 -0.000368956      176.552     -14.1241      12.5653            0
-0 -0  1
3
1
        1.7   -0.300063 3.17773e-05
0.00277076 0.00137248    88.8522          0          0          0
0 0 1
0
    1.50002   0.0999866 3.99432e-05
  0.00289647 -0.000155045      166.765            0            0            0
-0 -0  1
5
    1.00003   -0.250016 1.66598e-05
-0.00518395 -0.00114577     374.681     10.3526     29.9742           0
-0 -0  1
4
1
        1.7   -0.300063 3.16155e-05
-0.000259072  -0.00101265      163.824            0            0            0
0 0 1
0
    1.50002   0.0999861 4.00523e-05
0.00215748 0.00182686    86.4623          0          0          0
-0 -0  1
5
    1.00003   -0.250016 1.66595e-05
-0.00188174  0.00193705     217.085    -17.3662     17.3675           0
-0 -0  1
4
        0.8        0.05 7.26345e-10
-2.58481e-05  -0.00279313      162.926     -13.0339      13.0342            0
-0 -0  1
3
1
      1.7 -0.300064 3.149e-05
 4.01634e-05 -2.34674e-05      208.522            0            0            0
0 0 1
5
    1.00003   -0.250016 1.66595e-05
-1.53877e-05  3.80869e-05      211.352     -6.07943      4.47717            0
-0 -0  1
4
        0.8        0.05 7.34614e-10
-2.49443e-05 -1.98331e-05      210.423     -6.07943      4.47717            0
-0 -0  1
4
1
        1.7   -0.300064 3.16921e-05
0.0003718  0.003612   186.734         0         0         0
0 0 1
5
    1.00003   -0.250016 1.66619e-05
-0.000571789     0.003261      213.514     -17.0801      17.0821            0
-0 -0  1
4
        0.8        0.05 -1.5999e-08
0.000475889  -0.0027381       144.3    -11.5436     11.5443           0
-0 -0  1
0
        1.7   0.0999975 7.70965e-07
-0.000266452  -0.00419321      85.7495            0            0            0
-0 -0  1
3
1
        1.7   -0.300064 3.18223e-05
  0.0058533 -0.00109383     117.718           0           0           0
0 0 1
5
    1.00003   -0.250016 1.66637e-05
-0.000367657   0.00217625      394.839    0.0442241      31.5871            0
-0 -0  1
0
        1.7   0.0999961 1.27278e-06
-0.00553434 -0.00109189     117.741           0           0           0
-0 -0  1
4
0
    1.69999    0.100002 1.24677e-06
-0.000171691  0.000419996       200.51            0            0            0
-0 -0  1
1
    1.69999   -0.299999 6.65117e-07
 0.00037488 0.000421765     199.293           0           0           0
0 0 1
4
   0.999994   0.0500011 3.16951e-06
-0.000337654 -0.000415731      115.701       3.0413     -9.25605            0
-0 -0  1
5
   0.999994   -0.249999 2.46368e-06
 0.000114644 -0.000422748      114.794      3.04137     -9.18352            0
-0 -0  1
