4
0
    0.699984     0.100015 -5.36576e-08
0.000670656 -0.00101999     197.868           0           0           0
0 0 1
1
    0.699995    -0.299988 -4.54467e-06
7.71211e-05 -0.00100949     196.931           0           0           0
-0 -0  1
4
-1.16295e-05 -9.20368e-06  4.82732e-06
-4.51133e-05  0.000984798      117.982      2.33797     -9.43837            0
0 0 1
5
-5.55721e-06    -0.200009  5.16095e-06
-0.000681834   0.00104507      117.516      2.33799     -9.40113            0
-0 -0  1
3
0
  0.699985   0.100018 5.7752e-06
-0.633902  0.887495   151.558         0         0         0
0 0 1
1
   0.699996   -0.299987 3.15692e-07
0.886222 0.887408  161.112        0        0        0
-0 -0  1
4
-1.25101e-05 -9.17755e-06  8.92118e-06
-0.252452  -1.77466   317.628  -23.8783   25.4086         0
0 0 1
4
0
   0.699981     0.10002 5.42521e-06
 9.25169e-05 -0.000184703      199.877            0            0            0
0 0 1
1
    0.699993    -0.299987 -1.45019e-07
-0.00032158  0.00106173     110.367           0           0           0
-0 -0  1
4
-2.19112e-05 -6.69945e-06  1.68155e-05
0.000990406 -0.00184946     186.767     14.9419    -10.6287           0
0 0 1
5
   0.200013   -0.250028 1.04966e-05
-0.000699748  0.000788878      133.286      10.6628     -10.6168            0
0 0 1
3
0
   0.69998    0.10002 8.0734e-06
  0.00048656 -0.000947652      332.303            0            0            0
0 0 1
4
-2.09464e-05 -6.35793e-06   2.2237e-05
-0.000938931  -0.00229556      8.57496    -0.685962    -0.686031            0
0 0 1
5
   0.200013   -0.250027 1.24542e-05
0.000598304  0.00311318      289.42    -23.1537    -23.1535           0
0 0 1
4
0
  0.699983   0.100018 1.2485e-05
 5.49276e-05 -8.54611e-05      159.156            0            0            0
0 0 1
4
 -1.8801e-05 -1.12394e-05  2.42097e-05
-3.89457e-05  1.89053e-06      154.296    -0.872049     -7.06645            0
0 0 1
5
   0.200015   -0.250025 1.66787e-05
-1.32749e-05 -2.67169e-05      155.928    -0.872049     -7.06645            0
0 0 1
1
   0.900002   -0.300021 9.40133e-06
 3.26418e-05 -0.000110189      160.918            0            0            0
-0 -0  1
3
4
-1.71197e-05 -1.54595e-05  2.58338e-05
 0.00581525 -0.00924839      287.65     23.0131    -23.0109           0
0 0 1
5
   0.200017   -0.250023 2.00519e-05
-0.00629317  0.00975515     49.4218     3.95372    -3.95378           0
0 0 1
1
   0.900003   -0.300037 1.69744e-05
 0.000628237 -0.000422559      293.225            0            0            0
-0 -0  1
4
4
 1.90003e-07 -1.83886e-05  2.79867e-05
 0.000104046 -1.81642e-05      156.439     -4.23734     -1.31722            0
0 0 1
5
   0.200031   -0.250025 2.77268e-05
 6.23219e-05 -5.29227e-05      157.762     -4.23734     -1.31722            0
0 0 1
1
   0.900011   -0.300066 4.09137e-05
  3.6532e-05 -0.000114825      158.896            0            0            0
-0 -0  1
0
  0.900009   0.100015 2.5346e-05
0.000124356 -0.00018079     157.201           0           0           0
0 0 1
3
4
 1.34962e-05 -2.09566e-05  2.99602e-05
-0.000644721 -0.000186877      254.991     -20.3996       20.399            0
0 0 1
1
   0.900017   -0.300087 5.94912e-05
-0.000124786   0.00189846      243.449            0            0            0
-0 -0  1
0
   0.900015    0.100027 4.53593e-05
 0.00100319 -0.00204286     131.858           0           0           0
0 0 1
4
4
1.44129e-05  -2.239e-05 3.39213e-05
-1.11542e-05  0.000104312      159.207      -11.058      5.23034            0
0 0 1
1
   0.90002  -0.300087 6.5318e-05
7.67089e-05 0.000222487     157.818           0           0           0
-0 -0  1
0
   0.900012    0.100037 5.35198e-05
0.000116813 9.20244e-05     153.393           0           0           0
0 0 1
5
        0.4   -0.250002 4.32527e-06
 -0.00022956 -0.000324736      159.879      -11.058      5.23034            0
-0 -0  1
3
1
  0.900015  -0.300086 6.7236e-05
   0.013276 -0.00178923     77.7155           0           0           0
-0 -0  1
0
   0.900002    0.100047 5.70559e-05
  0.00625266 -0.000729325      119.384            0            0            0
0 0 1
5
   0.399989   -0.250003 9.59402e-06
-0.0201715 0.00252488    433.198    34.6563    34.6554          0
-0 -0  1
4
1
    0.90002   -0.300058 8.01177e-05
-0.00291212  0.00267426     201.976           0           0           0
-0 -0  1
0
   0.900016    0.100106 9.05487e-05
-0.0115573  0.0019516    229.696          0          0          0
0 0 1
5
   0.399985   -0.250028 3.31698e-05
  0.00831699 -7.80732e-05      111.985      8.95856     -8.95909            0
-0 -0  1
4
   0.200002   0.0500015 1.99843e-05
 0.00582449 -0.00369955     86.6415     6.93134    -6.93131           0
-0 -0  1
3
0
   0.900026    0.100111 9.93653e-05
 -0.0312161 -0.00293347     440.552           0           0           0
0 0 1
5
   0.399996   -0.250028 4.03386e-05
0.00780236 0.00448979    186.277   -14.9026   -14.9018          0
-0 -0  1
4
   0.200009   0.0500147 2.29236e-05
  0.0238266 -0.00138392     3.46885   -0.277511   -0.277505           0
-0 -0  1
4
0
   0.900027    0.100112 0.000100049
0.00921883 0.00586919    81.7146          0          0          0
0 0 1
5
   0.399996   -0.250028 4.03592e-05
-0.00385503  0.00884165     220.896    -17.6715     17.6719           0
-0 -0  1
4
   0.200009   0.0500147 2.28798e-05
0.00407808  0.0094959    161.667   -12.9334    12.9333          0
-0 -0  1
1
        1.1        -0.3 1.37155e-06
-0.00944834  -0.0242524      166.02           0           0           0
0 0 1
3
0
   0.900027    0.100112 0.000100457
  0.119634 -0.0394459    153.266          0          0          0
0 0 1
5
  0.399996  -0.250028 4.0379e-05
-0.040729  0.158112   405.352  -11.9452   32.4283         0
-0 -0  1
1
        1.1        -0.3 2.19845e-06
-0.0789709  -0.118672    71.6798          0          0          0
0 0 1
4
0
   0.900018    0.100114 9.54876e-05
0.00187091 0.00845057    114.339          0          0          0
0 0 1
5
   0.399988   -0.250028 4.07336e-05
0.00119011 0.00283299    196.939   -15.7553    15.7549          0
-0 -0  1
1
     1.09999    -0.299998 -4.71105e-06
-0.00267389 -0.00667056      165.65           0           0           0
0 0 1
4
   0.399991   0.0499994 9.50799e-08
-0.000696278  -0.00453497       153.37     -12.2697      12.2694            0
-0 -0  1
3
5
   0.399972   -0.250013 4.70234e-05
-0.000193149 -0.000341578      207.941       11.373     -5.18835            0
-0 -0  1
1
     1.09999    -0.299994 -3.50533e-06
8.05727e-05 0.000395004     211.004           0           0           0
0 0 1
4
   0.400004   0.0499955 3.24013e-06
-3.53802e-05  0.000156376      211.353       11.373     -5.18835            0
-0 -0  1
4
5
   0.399972   -0.250012 4.71281e-05
9.18724e-05 0.000913358     162.408    -8.48963     10.1713           0
-0 -0  1
1
     1.09999    -0.299995 -2.81505e-06
-0.000505005 -0.000755539      155.712            0            0            0
0 0 1
4
   0.400004   0.0499944 3.26888e-06
0.000179288 0.000540951     159.861    -8.48963     10.1713           0
-0 -0  1
0
        1.1   0.0999996 4.22296e-07
 0.000239262 -0.000728069      152.316            0            0            0
0 0 1
3
1
     1.09999    -0.299996 -2.33022e-06
-0.0188478 -0.0174259    257.478          0          0          0
0 0 1
4
   0.400004   0.0499934 3.34703e-06
0.0092446 0.0332176   315.258  -25.2211   25.2201         0
-0 -0  1
0
        1.1   0.0999996 7.20803e-07
 0.0095632 -0.0159015    57.5613          0          0          0
0 0 1
4
1
     1.09999    -0.299995 -8.02295e-07
-0.000165086 -0.000388695      162.162            0            0            0
0 0 1
4
   0.400002   0.0499921 7.45647e-06
 5.24419e-05 -0.000157141       156.63     -12.5308      12.0523            0
-0 -0  1
0
        1.1    0.100005 4.16765e-06
 -0.00017845 -0.000150021      142.953            0            0            0
0 0 1
5
   0.599991    -0.25005 8.60967e-06
0.000108403  0.00021914     168.553    -13.4842     12.0513           0
0 0 1
3
4
   0.399989   0.0499887 1.27636e-05
  0.0016832 -0.00982198     130.955    -10.4759    -10.4768           0
-0 -0  1
0
    1.09999   0.0999875 1.13279e-05
 -0.00317595 -0.000683193      174.105            0            0            0
0 0 1
5
   0.599963   -0.250016 4.00005e-05
0.000867747    0.010775     325.238     -26.018      -26.02           0
0 0 1
4
4
   0.399988   0.0499888 1.30637e-05
0.000167699 0.000625086     161.241    -11.4342     11.9584           0
-0 -0  1
0
   1.09999  0.0999878 1.1387e-05
   0.0002216 -0.000429441      152.298            0            0            0
0 0 1
5
   0.599961   -0.250015 4.29594e-05
 8.1473e-05 0.000671142     162.279    -11.4342     11.9584           0
0 0 1
1
         1.3         -0.3 -7.34954e-09
-0.000506273 -0.000855563       154.48            0            0            0
-0 -0  1
3
4
   0.399988   0.0499889 1.33149e-05
-0.000276962 -0.000495798       208.55      9.62689     -9.91465            0
-0 -0  1
5
    0.59996   -0.250014 4.53296e-05
-0.000136745 -0.000498959      207.644      9.62689     -9.91465            0
0 0 1
1
        1.3        -0.3 -9.3415e-09
0.000389025  0.00100537     214.104           0           0           0
-0 -0  1
4
4
   0.399987    0.049989 1.55211e-05
0.000755438  0.00259623     161.187    -5.02392     8.73294           0
-0 -0  1
5
   0.599959   -0.250017 4.71522e-05
-0.00051912  0.00172145     160.948    -5.02392     8.73294           0
0 0 1
1
        1.3        -0.3 5.50245e-07
-0.00118446 -0.00213132     155.086           0           0           0
-0 -0  1
0
        1.3    0.100003 8.24523e-07
0.000885626 -0.00212993     153.076           0           0           0
-0 -0  1
3
5
    0.59996   -0.250017 5.13764e-05
0.0030077 0.0258616    333.58   26.6851   26.6876         0
0 0 1
1
        1.3   -0.299993 6.31632e-06
-0.0160755  -0.011886    96.0613          0          0          0
-0 -0  1
0
        1.3    0.100027 1.29329e-05
 0.0129623 -0.0136158    200.657          0          0          0
-0 -0  1
4
5
   0.599961   -0.250014 5.15399e-05
-2.54588e-05  7.26991e-05      157.593     -2.75498     -1.12661            0
0 0 1
1
        1.3   -0.299994 6.56267e-06
2.90494e-05 2.52382e-06      158.52           0           0           0
-0 -0  1
0
        1.3    0.100026 1.27464e-05
-8.62303e-06  1.95595e-05      157.418            0            0            0
-0 -0  1
4
        0.6   0.0500001 2.33839e-07
 9.31376e-06 -6.86448e-05      156.767     -2.75498     -1.12661            0
-0 -0  1
3
5
    0.59996   -0.250013 7.27846e-05
0.00261889  0.0118327    288.487   -23.0774   -23.0805          0
0 0 1
0
    1.29998    0.100072 3.64662e-05
-0.00613154   0.0142574      276.13           0           0           0
-0 -0  1
4
   0.600005    0.050005 2.61471e-05
0.00337468 -0.0257098    65.6807   -5.25447   -5.25444          0
-0 -0  1
4
5
   0.599963   -0.250013 8.12338e-05
-0.000658294 -0.000279272      149.273      10.6289     -11.9412            0
0 0 1
0
    1.29998    0.100103 5.00186e-05
-0.000217237  0.000146821      164.686            0            0            0
-0 -0  1
4
    0.60001    0.050014 3.93714e-05
-1.96237e-05  0.000148301      152.443      10.6293     -12.1956            0
-0 -0  1
1
        1.5   -0.299987 7.77305e-06
0.000577285 0.000627386     163.896           0           0           0
-0 -0  1
3
5
   0.599969   -0.250003 8.21955e-05
-0.00912139   -0.022712     54.6971     4.37598    -4.37555           0
0 0 1
4
  0.600031  0.0500383 4.2731e-05
 0.00128135 0.000861268     309.961     24.7964    -24.7974           0
-0 -0  1
1
        1.5   -0.299997 1.39152e-05
0.00826857  0.0221782    265.639          0          0          0
-0 -0  1
4
5
    0.59997   -0.250004 8.59843e-05
-8.65532e-05 -0.000287687      155.695      10.2143    -0.770369            0
0 0 1
4
   0.600027   0.0500352 4.54344e-05
5.26666e-05 0.000126481      158.76     10.2143   -0.770369           0
-0 -0  1
1
    1.50001   -0.299993 1.97957e-05
-5.35543e-05  6.44676e-05      155.878            0            0            0
-0 -0  1
0
    1.50002     0.10001 1.04288e-05
9.76193e-05  0.00016014     159.964           0           0           0
-0 -0  1
3
4
   0.600024   0.0500327 4.76249e-05
0.00335328   0.007023     287.55   -19.4248    23.0045          0
-0 -0  1
1
    1.50001   -0.299989 2.48677e-05
-0.00372797 -0.00343434      175.26           0           0           0
-0 -0  1
0
    1.50003    0.100019 1.96371e-05
0.000363842 -0.00353616     167.488           0           0           0
-0 -0  1
4
4
   0.600018   0.0500231 5.71571e-05
-0.00613893  -0.0112499      76.727     6.13805    -6.13828           0
-0 -0  1
1
    1.50003   -0.300007 3.26891e-05
-0.00319707 -0.00448878     183.361           0           0           0
-0 -0  1
0
    1.50004    0.100013 1.92297e-05
 0.0043033 0.00100872    346.754          0          0          0
-0 -0  1
5
   0.800002   -0.250027 1.19988e-05
0.00534225  0.0142548    23.4553    1.87652   -1.87632          0
0 0 1
3
1
    1.50005    -0.30003 3.42147e-05
 3.76101e-05 -0.000166405      208.037            0            0            0
-0 -0  1
0
    1.50004    0.100016 2.04083e-05
-5.23199e-05  5.63184e-05       214.49            0            0            0
-0 -0  1
5
   0.800002   -0.250029 1.23148e-05
 5.72929e-05 -7.51456e-06       207.77      16.1321      -1.5328            0
0 0 1
4
1
    1.50004   -0.300036 3.23509e-05
-0.00292199  0.00106294     241.991           0           0           0
-0 -0  1
0
    1.50003    0.100012 1.81912e-05
 -0.00027849 -4.41725e-05      210.711            0            0            0
-0 -0  1
5
   0.800015   -0.250001 9.51132e-06
 0.00238045 -0.00177864     100.374    -8.02999    -8.02986           0
0 0 1
4
  0.800037  0.0499676 7.8194e-06
 0.00155419 0.000370427     77.2222    -6.17781    -6.17774           0
-0 -0  1
3
1
    1.50004   -0.300047 3.21406e-05
-0.0531514 -0.0482762     268.31          0          0          0
-0 -0  1
0
    1.50002    0.100033 1.93006e-05
 0.0347366 -0.0557673    34.7712          0          0          0
-0 -0  1
4
   0.800037   0.0499676 7.83009e-06
0.0182979  0.103995   327.216  -26.1772   26.1775         0
-0 -0  1
4
1
    1.50004   -0.300047 3.21462e-05
 0.00124796 0.000569204     141.404           0           0           0
-0 -0  1
0
    1.50002    0.100033 1.93016e-05
 0.000797564 -0.000424354      110.458            0            0            0
-0 -0  1
4
   0.800037   0.0499676 7.82841e-06
-0.000578998  0.000917028      186.403     -14.9122      14.9123            0
-0 -0  1
5
          1       -0.25 3.49249e-09
-0.00148109 -0.00107497     192.033    -15.3626     15.3626           0
-0 -0  1
3
1
    1.50003   -0.300055 2.55047e-05
 0.00484067 -0.00162097     90.8474           0           0           0
-0 -0  1
0
    1.50001    0.100027 1.28739e-05
0.000551698 -0.00135956     99.1334           0           0           0
-0 -0  1
5
    0.999981        -0.25 -4.55816e-07
-0.00603932  0.00289907     440.316     20.6964     35.2257           0
-0 -0  1
4
1
    1.50002   -0.300063 3.04596e-05
 0.000226947 -0.000115321      153.801            0            0            0
-0 -0  1
0
    1.50001    0.100026 1.37884e-05
  0.00014879 -5.62754e-05      155.218            0            0            0
-0 -0  1
5
          1   -0.249997 3.92015e-06
-8.26557e-05  0.000136451      160.109      3.54149       12.261            0
-0 -0  1
4
   1.00003   0.050015 7.8988e-06
6.07962e-05  0.00012235     161.171     3.54149      12.261           0
-0 -0  1
3
0
        1.5    0.100024 9.20172e-06
 6.21569e-05 -5.08914e-05       211.25            0            0            0
-0 -0  1
5
          1   -0.249988 6.06755e-06
2.30625e-05 4.70278e-05     212.513    -17.0008    -12.0043           0
-0 -0  1
4
    1.00005    0.050023 1.22032e-05
-8.15352e-06  0.000118718      206.534     -16.5224     -12.0043            0
-0 -0  1
4
0
   1.49999   0.100023 1.0506e-05
5.13917e-05 2.84878e-05     155.895           0           0           0
-0 -0  1
5
    1.00001    -0.24998 7.77561e-06
1.61878e-05  4.7636e-05     159.887    -1.38311     7.01578           0
-0 -0  1
4
    1.00005   0.0500251 1.44412e-05
7.67074e-05 5.68533e-05     159.471    -1.38311     7.01578           0
-0 -0  1
1
        1.7   -0.300005 2.48667e-06
-2.3212e-05 8.22559e-06     155.045           0           0           0
0 0 1
3
5
   1.00001   -0.24998 7.7765e-06
-1.79056e-06   2.0973e-06      210.326     -1.35693     0.488355            0
-0 -0  1
4
    1.00005   0.0500251 1.44418e-05
4.98373e-06 1.11412e-05     209.919    -1.35693    0.488355           0
-0 -0  1
1
        1.7   -0.300005 2.47454e-06
-4.96661e-06 -1.33083e-05      210.052            0            0            0
0 0 1
4
0
    1.69999    0.100002 1.24677e-06
-9.82822e-05  0.000450671       200.51            0            0            0
-0 -0  1
1
    1.69999   -0.299999 6.65117e-07
0.000438605  0.00045244     199.293           0           0           0
0 0 1
4
   0.999994   0.0500011 3.16951e-06
-0.000265455 -0.000368111      115.701      3.04128     -9.25606            0
-0 -0  1
5
   0.999994   -0.249999 2.46368e-06
  0.00017958 -0.000375127      114.794      3.04134     -9.18353            0
-0 -0  1
