4
0
    0.699984     0.100015 -5.36576e-08
0.000670656 -0.00101999     197.868           0           0           0
0 0 1
1
    0.699995    -0.299988 -4.54467e-06
7.71211e-05 -0.00100949     196.931           0           0           0
-0 -0  1
4
-1.16295e-05 -9.20368e-06  4.82732e-06
-4.51133e-05  0.000984798      117.982      2.33797     -9.43837            0
0 0 1
5
-5.55721e-06    -0.200009  5.16095e-06
-0.000681834   0.00104507      117.516      2.33799     -9.40113            0
-0 -0  1
3
0
    0.699984     0.100015 -5.36576e-08
-2.18492e-05 -5.88991e-06      233.858            0            0            0
0 0 1
1
    0.699995    -0.299988 -4.54467e-06
-7.34667e-05  0.000503134       188.52            0            0            0
-0 -0  1
5
-5.55721e-06    -0.200009  5.16095e-06
 9.52386e-05 -0.000478691      207.919      16.6335     0.465374            0
-0 -0  1
4
0
   0.699988    0.100012 4.01027e-06
 0.00335627 -0.00526147     199.053           0           0           0
0 0 1
1
   0.699998   -0.299995 2.88395e-06
-0.00321319 -0.00526632     200.716           0           0           0
-0 -0  1
5
-1.74317e-06     -0.20002  7.01422e-06
-0.00210018  0.00762841     99.7723    -4.16643    -7.98208           0
-0 -0  1
4
   0.199991   0.0500275 1.07526e-05
0.00202785 0.00298746    130.757   -4.15911   -10.4606          0
-0 -0  1
3
0
   0.699993    0.100006 1.67876e-05
-0.00134451 0.000158093     171.574           0           0           0
0 0 1
1
        0.7   -0.300027 2.54456e-05
0.00127686 0.00156215    236.445          0          0          0
-0 -0  1
4
   0.199992    0.050033 2.38684e-05
0.000134513 -0.00194157     222.279    -17.7829     17.7817           0
-0 -0  1
4
0
   0.699987    0.100016 3.36976e-05
1.46025e-05 0.000246376     152.414           0           0           0
0 0 1
1
   0.700001   -0.300025 4.14391e-05
0.000357049 0.000265372     153.395           0           0           0
-0 -0  1
4
   0.19999  0.0500321 2.7902e-05
-3.46058e-05 -3.46983e-05      161.879     -2.45262      12.9502            0
-0 -0  1
5
   0.199997   -0.249991 3.27261e-06
 -0.00034839 -8.03959e-05       162.61     -2.45275      13.0087            0
0 0 1
3
0
  0.699987   0.100022 3.8426e-05
0.000355146 0.000113707     187.058           0           0           0
0 0 1
4
   0.199989   0.0500317 2.93908e-05
0.00100611 0.00185298    197.997   -15.8389   -15.8406          0
-0 -0  1
5
   0.199996   -0.249988 4.45466e-06
-0.00139153 -0.00170991     245.242    -19.6189    -17.0651           0
0 0 1
4
0
   0.699988    0.100022 3.91172e-05
1.73046e-05 0.000496432     152.045           0           0           0
0 0 1
4
   0.199989   0.0500317 2.94838e-05
-3.70184e-05 -0.000681756      165.046     -1.34423      13.2036            0
-0 -0  1
5
   0.199996   -0.249988 4.53592e-06
-7.70557e-06 -0.000685608      165.447      -1.3445      13.2357            0
0 0 1
1
   0.899999   -0.299998 1.09332e-06
1.09129e-05 0.000900676     147.759           0           0           0
-0 -0  1
3
4
   0.199989   0.0500317 2.95545e-05
 0.00026912 -0.00130095     227.358      18.189    -6.69766           0
-0 -0  1
5
   0.199996   -0.249988 4.59753e-06
-9.15936e-05  0.000850848      203.646      16.2919      -6.6962            0
0 0 1
1
   0.899999   -0.299996 1.94642e-06
-0.000186247  0.000487505      199.294            0            0            0
-0 -0  1
4
4
   0.199989   0.0500316 2.98485e-05
-0.00152869 -0.00447127     163.991   -0.422628     13.1192           0
-0 -0  1
5
   0.199996   -0.249988 4.99876e-06
 0.00183517 -0.00446778     164.117   -0.422753     13.1293           0
0 0 1
1
   0.899999   -0.299996 2.19512e-06
 0.0024185 0.00447339    151.179          0          0          0
-0 -0  1
0
        0.9         0.1 1.51259e-07
-0.00272901  0.00447254      151.01           0           0           0
0 0 1
3
4
   0.199989   0.0500316 3.00794e-05
0.0119963 0.0405495   168.566  -13.4844  -13.4862         0
-0 -0  1
5
   0.199996   -0.249988 5.31335e-06
-0.0335271  0.0352244    244.482   -19.5578   -19.5593          0
0 0 1
0
   0.899999         0.1 2.77238e-07
 0.0215517 -0.0758115     217.25          0          0          0
0 0 1
4
4
   0.199988   0.0500319 3.13618e-05
 0.000186171 -0.000170739      162.211      3.95981       10.105            0
-0 -0  1
5
   0.199997   -0.249989 6.35263e-06
-3.99876e-06 -7.17058e-05      161.022      3.95981       10.105            0
0 0 1
0
   0.899998    0.100001 1.18502e-07
-0.000139961  9.89163e-05      155.335            0            0            0
0 0 1
1
         1.1         -0.3 -7.24537e-07
-6.50875e-05  0.000143951       151.73            0            0            0
0 0 1
3
4
   0.199988   0.0500321 3.24184e-05
 0.00472382 -0.00529764     325.279    -26.0243     26.0203           0
-0 -0  1
0
    0.899997     0.100002 -2.23619e-08
-0.00626985 0.000794463      117.58           0           0           0
0 0 1
1
         1.1    -0.299999 -1.31014e-06
0.00149361  0.0044513    187.439          0          0          0
0 0 1
4
4
   0.199987   0.0500319 3.26429e-05
0.000161115 -0.00024179     162.082     10.8778     6.39124           0
-0 -0  1
0
   0.899997    0.100002 4.04523e-08
-4.4764e-05 7.79554e-05     158.152           0           0           0
0 0 1
1
         1.1    -0.299999 -1.27609e-06
-7.31195e-05  8.23059e-05      152.523            0            0            0
0 0 1
5
        0.4       -0.25 6.16055e-08
-6.20774e-05  0.000102651       157.54      10.8778      6.39124            0
-0 -0  1
3
0
   0.899997    0.100002 7.47112e-08
-0.00250839 0.000876759     271.482           0           0           0
0 0 1
1
         1.1    -0.299998 -1.29258e-06
0.00082689 0.00332535     43.019          0          0          0
0 0 1
5
  0.399999      -0.25 1.1616e-07
 0.00161998 -0.00411658     315.797     25.2642     25.2633           0
-0 -0  1
4
0
   0.899997    0.100033 3.34326e-05
-0.000197459  0.000242973      155.196            0            0            0
0 0 1
1
   1.09998  -0.300002 1.8225e-05
-0.000106386  0.000392424      152.462            0            0            0
0 0 1
5
  0.399992  -0.250002 3.8268e-05
 0.000108748 -0.000111049      161.232     0.591853      12.4857            0
-0 -0  1
4
        0.4   0.0499947 3.41728e-05
-0.000153075  -0.00010862      161.409     0.591853      12.4857            0
-0 -0  1
3
1
    1.09997   -0.300006 3.38657e-05
-0.000396312  0.000958504      194.383            0            0            0
0 0 1
5
  0.399986  -0.250003 6.8674e-05
-0.000427162 -0.000752482      200.681      16.0542     -10.6959            0
-0 -0  1
4
        0.4   0.0499902 6.14388e-05
0.000540634  0.00013034     235.235     18.8187     -10.697           0
-0 -0  1
4
1
    1.09997   -0.300008 3.56678e-05
0.00120171 0.00231607    151.653          0          0          0
0 0 1
5
  0.399986  -0.250003 7.0847e-05
 0.00145598 -0.00231398     163.457    0.113559     13.0765           0
-0 -0  1
4
        0.4   0.0499899 6.31468e-05
-0.000656802  -0.00231286       163.49     0.113597      13.0792            0
-0 -0  1
0
        1.1         0.1 7.02766e-07
-0.00201791  0.00232027     151.698           0           0           0
0 0 1
3
5
   0.399986   -0.250003 7.25673e-05
-0.0197847  0.0244375    241.673   -19.3341   -19.3336          0
-0 -0  1
4
        0.4   0.0499897 6.45041e-05
0.00413388  0.0225137    170.246   -13.6197   -13.6197          0
-0 -0  1
0
        1.1         0.1 1.28159e-06
 0.0156601 -0.0469841    218.378          0          0          0
0 0 1
4
5
   0.399988   -0.250006 7.34001e-05
 0.000386354 -0.000135632      161.118      3.93492      10.3338            0
-0 -0  1
4
   0.399999     0.04999 6.57179e-05
 0.000320149 -0.000105403      162.298      3.93492      10.3338            0
-0 -0  1
0
        1.1    0.100001 1.34342e-06
-0.000342886  0.000117146      155.261            0            0            0
0 0 1
1
        1.3        -0.3 -6.2234e-07
-0.000380776  0.000116093       151.62            0            0            0
-0 -0  1
3
4
        0.4   0.0500131 7.31245e-05
0.00789117  0.0135459    285.802   -22.8651    22.8632          0
-0 -0  1
0
    1.09999   0.0999984 5.71084e-06
-0.00285528 -0.00576704     133.158           0           0           0
0 0 1
1
    1.29999   -0.300006 2.84053e-06
-0.00532707 -0.00756392     211.338           0           0           0
-0 -0  1
4
4
  0.400012  0.0500137 8.1812e-05
6.45097e-05  0.00228652     152.734    -12.2191     10.9263           0
-0 -0  1
0
   1.09997   0.100019 2.0988e-05
-0.000693434  3.61021e-05      135.071            0            0            0
0 0 1
1
    1.29999   -0.300003 1.05073e-05
 0.000514062 -0.000189259      166.716            0            0            0
-0 -0  1
5
   0.600015   -0.250025 8.76267e-06
3.49043e-05 -0.00219329     175.777    -14.0621     10.9234           0
0 0 1
3
0
    1.09996    0.100035 3.30396e-05
 0.00809102 -0.00245175     170.978           0           0           0
0 0 1
1
    1.29999   -0.300002 1.66589e-05
-0.00360186 -0.00562165     105.606           0           0           0
-0 -0  1
5
   0.600027   -0.250045 1.58053e-05
-0.00461601  0.00803945     353.714     2.99745     28.2971           0
0 0 1
4
0
    1.09996    0.100028 3.48853e-05
 3.89207e-05 -0.000108488      154.154            0            0            0
0 0 1
1
    1.29999   -0.300028 2.88826e-05
-0.000193936 -0.000285648      158.201            0            0            0
-0 -0  1
5
   0.600029    -0.25005 2.84076e-05
-0.00017055 6.69552e-05     160.838    -12.4453     4.65643           0
0 0 1
4
   0.599994   0.0499928 4.73971e-06
-0.000127078  -0.00022758      157.105     -12.4453      4.65643            0
-0 -0  1
3
1
    1.29999   -0.300028 2.88542e-05
0.000335366    0.001439     171.957           0           0           0
-0 -0  1
5
   0.600029    -0.25005 2.84085e-05
5.84786e-05 -0.00426061     192.637     15.4113    -14.2078           0
0 0 1
4
   0.599994   0.0499928 4.74011e-06
-0.000403002   0.00285288      265.703       21.256     -14.1994            0
-0 -0  1
4
1
       1.3  -0.300033 4.0582e-05
0.000143456 7.45303e-05     157.167           0           0           0
-0 -0  1
5
   0.600026   -0.250035 4.14052e-05
0.000175115 0.000444271     161.631    -10.4225     7.12185           0
0 0 1
4
   0.600018   0.0500171 7.13064e-06
 8.5833e-05 8.70498e-05     158.503    -10.4225     7.12185           0
-0 -0  1
0
    1.30001    0.099998 1.02284e-05
 0.000133683 -0.000241837      152.997            0            0            0
-0 -0  1
3
1
    1.29997   -0.300038 3.95933e-05
0.000515276  0.00887401      252.46           0           0           0
-0 -0  1
4
   0.600015   0.0500439 1.04814e-05
 0.00296373 0.000939586     309.509    -24.7606     24.7608           0
-0 -0  1
0
     1.30001    0.0999997 -3.32943e-07
-0.00376117 -0.00950316     68.3282           0           0           0
-0 -0  1
4
1
    1.29996   -0.300047 4.25629e-05
-0.000211819 -8.13755e-05      159.172            0            0            0
-0 -0  1
4
   0.60001  0.0500392 1.8969e-05
-9.08103e-05 -0.000130694       154.85      5.08636     -8.71829            0
-0 -0  1
0
        1.3    0.100002 2.38263e-06
4.17084e-05 0.000123005     161.207           0           0           0
-0 -0  1
5
   0.800005   -0.250005 4.86368e-06
 0.000104748 -1.05682e-05      155.068      5.08636     -8.71829            0
0 0 1
3
1
   1.29996  -0.300045 4.6999e-05
 0.00593117 -0.00446241     129.007           0           0           0
-0 -0  1
0
       1.3   0.100014 9.5564e-06
-0.0034001 0.00223191    200.523          0          0          0
-0 -0  1
5
   0.800004   -0.250004 1.46518e-05
-0.0028952 0.00246561    300.767    24.0611    24.0617          0
0 0 1
4
1
    1.29996    -0.30004 5.08499e-05
 0.000252539 -0.000235303      153.779            0            0            0
-0 -0  1
0
   1.29999   0.100017 1.0117e-05
-0.000154855   0.00026485      158.691            0            0            0
-0 -0  1
5
  0.800006  -0.250002 1.4997e-05
3.67881e-05 -3.1472e-05     157.072     12.2785     5.35779           0
0 0 1
4
   0.800001   0.0499993 2.56654e-07
-0.000184036  0.000149515      160.756      12.2785      5.35779            0
-0 -0  1
3
0
    1.29998    0.100019 1.17162e-05
 6.61958e-05 -0.000482381       225.63            0            0            0
-0 -0  1
5
   0.800009   -0.250002 1.53163e-05
-0.000689293  0.000415264      203.731     -9.37112     -16.2986            0
0 0 1
4
   0.800004   0.0499985 3.51805e-07
0.000645336 0.000195877     200.937    -9.37046     -16.075           0
-0 -0  1
4
0
    1.29999    0.100024 1.99681e-05
-9.57869e-05  8.64724e-05      158.536            0            0            0
-0 -0  1
5
   0.800021   -0.250004 1.75603e-05
 0.000183703 -0.000306603      157.644      10.0758      5.26981            0
0 0 1
4
         0.8    0.0499796 -5.22264e-07
-0.000161994 -0.000124424      160.667      10.0758      5.26981            0
-0 -0  1
1
    1.50001   -0.299996 1.06248e-05
0.000188884 0.000347575     153.451           0           0           0
-0 -0  1
3
0
    1.29998    0.100024 1.96103e-05
0.00436244 0.00491835    39.0657          0          0          0
-0 -0  1
4
         0.8    0.0499796 -1.80013e-07
-0.00313693 -0.00282797     370.964     -29.678     29.6763           0
-0 -0  1
1
    1.50001   -0.299997 1.02325e-05
-0.00126688 -0.00214442     220.267           0           0           0
-0 -0  1
4
0
    1.29998    0.100026 1.89741e-05
0.000868043 2.12532e-05     138.415           0           0           0
-0 -0  1
4
         0.8    0.0499796 -1.73768e-07
-0.0003939 0.00021269    191.326   -10.9672    15.3056          0
-0 -0  1
1
   1.50001  -0.299996 1.0363e-05
-2.92495e-05 -0.000124062      124.322            0            0            0
-0 -0  1
5
          1       -0.25 7.26974e-09
-0.000482501 -0.000106735      176.235     -10.9693      14.0986            0
-0 -0  1
3
0
    1.29998    0.100027 1.84502e-05
-0.000302687   0.00111755      164.149            0            0            0
-0 -0  1
4
         0.8    0.0499796 -1.70301e-07
 0.00128903 0.000551811     191.681    -15.3339    -12.5355           0
-0 -0  1
5
          1       -0.25 1.18191e-08
 -0.0010028 -0.00170981     274.468    -21.9572    -12.5425           0
-0 -0  1
4
0
    1.29999    0.100026 2.27667e-05
 -0.0078393 -0.00683711     292.989           0           0           0
-0 -0  1
4
   0.800002    0.049979 4.92763e-06
 0.0052623 0.00604434    178.165    14.2538   -14.2526          0
-0 -0  1
5
    1.00001   -0.250001 1.78664e-05
 0.00302758 -0.00572834     27.3152     2.18528    -2.18516           0
-0 -0  1
1
   1.69999  -0.300016 8.0942e-06
-0.000375429   0.00653689      131.829            0            0            0
0 0 1
3
4
   0.800023   0.0499808 1.07317e-05
-0.000654646    0.0104281      376.032       30.084     -30.0811            0
-0 -0  1
5
    1.00001       -0.25 2.84025e-05
0.00587678  -0.023132    2.34025   0.187227  -0.187214          0
-0 -0  1
1
    1.69999   -0.300016 1.91495e-05
-0.00491411   0.0130108     251.926           0           0           0
0 0 1
4
4
    0.80006   0.0499881 2.54534e-05
-0.000159996  0.000195716        160.9       11.731      3.47957            0
-0 -0  1
5
          1   -0.249994 5.31122e-05
-3.87193e-05 -0.000112063      156.685       11.731      3.47957            0
-0 -0  1
1
        1.7   -0.300005 3.87676e-05
-8.44585e-05  0.000114634      153.663            0            0            0
0 0 1
0
    1.49998    0.100018 2.86429e-05
-0.000153073  0.000216713      159.051            0            0            0
-0 -0  1
3
5
   0.999968   -0.249977 7.06277e-05
0.00557938 0.00247625    306.229    24.4976    24.4991          0
-0 -0  1
1
       1.7       -0.3 5.6085e-05
-0.00728813 -0.00490486     48.9525           0           0           0
0 0 1
0
    1.49997    0.100038 4.92787e-05
0.00023303 0.00270384    275.117          0          0          0
-0 -0  1
4
5
   0.999953   -0.249966 0.000101139
-0.000361503  0.000236501      155.829     -10.6996     -11.1666            0
-0 -0  1
1
    1.70002   -0.300092 0.000109494
-0.000500869 -0.000317564      164.182            0            0            0
0 0 1
0
    1.49998    0.100009 7.36991e-05
 0.000266582 -0.000516689      157.668            0            0            0
-0 -0  1
4
    1.00001   0.0499924 7.95217e-06
  0.00095478 -0.000760615       152.62     -10.6996     -11.1666            0
-0 -0  1
3
5
  0.999957  -0.249967 0.00011542
0.00261655 -0.0190688    151.899    12.1525   -12.1513          0
-0 -0  1
1
    1.70001    -0.30012 0.000121947
-0.00587261  0.00190407     227.147           0           0           0
0 0 1
4
   1.00002  0.0499935 1.7016e-05
0.00323661  0.0168451    251.252    20.1001   -20.1002          0
-0 -0  1
4
0
    1.69999    0.100002 1.24677e-06
-0.000584417   0.00100154      200.511            0            0            0
-0 -0  1
1
    1.69999   -0.299999 6.65117e-07
0.00015759 0.00100331    199.294          0          0          0
0 0 1
4
   0.999994   0.0500011 3.16951e-06
-0.000725954   -0.0001762        115.7      3.04105     -9.25602            0
-0 -0  1
5
   0.999994   -0.249999 2.46368e-06
-0.000127079 -0.000183217      114.794      3.04111      -9.1835            0
-0 -0  1
