4
0
    0.699984     0.100015 -5.36576e-08
0.000670656 -0.00101999     197.868           0           0           0
0 0 1
1
    0.699995    -0.299988 -4.54467e-06
7.71211e-05 -0.00100949     196.931           0           0           0
-0 -0  1
4
-1.16295e-05 -9.20368e-06  4.82732e-06
-4.51133e-05  0.000984798      117.982      2.33797     -9.43837            0
0 0 1
5
-5.55721e-06    -0.200009  5.16095e-06
-0.000681834   0.00104507      117.516      2.33799     -9.40113            0
-0 -0  1
3
0
    0.699984     0.100015 -5.36576e-08
-2.18492e-05 -5.88991e-06      233.858            0            0            0
0 0 1
1
    0.699995    -0.299988 -4.54467e-06
-7.34667e-05  0.000503134       188.52            0            0            0
-0 -0  1
5
-5.55721e-06    -0.200009  5.16095e-06
 9.52386e-05 -0.000478691      207.919      16.6335     0.465374            0
-0 -0  1
4
0
   0.699988    0.100012 4.01027e-06
 0.00335627 -0.00526147     199.053           0           0           0
0 0 1
1
   0.699998   -0.299995 2.88395e-06
-0.00321319 -0.00526632     200.716           0           0           0
-0 -0  1
5
-1.74317e-06     -0.20002  7.01422e-06
-0.00210018  0.00762841     99.7723    -4.16643    -7.98208           0
-0 -0  1
4
   0.199991   0.0500275 1.07526e-05
0.00202785 0.00298746    130.757   -4.15911   -10.4606          0
-0 -0  1
3
0
   0.699992     0.10001 7.54494e-06
 -0.00054689 -0.000327501      178.754            0            0            0
0 0 1
1
   0.700001   -0.300001 9.30043e-06
 8.03364e-05 -3.53133e-05      245.329            0            0            0
-0 -0  1
4
   0.199983    0.050052 2.02345e-05
0.000497393 0.000418409     206.214    -16.4977     14.3072           0
-0 -0  1
4
0
  0.699989   0.100028 1.5075e-05
1.03147e-05 5.51646e-05      159.67           0           0           0
0 0 1
1
   0.699998   -0.299986 1.59163e-05
-1.73952e-05  5.08586e-05      157.622            0            0            0
-0 -0  1
4
 0.199983  0.050052 2.562e-05
-3.78949e-05   3.1329e-05      157.271      5.11754     -4.28619            0
-0 -0  1
5
   0.199998   -0.249995 3.77353e-06
3.76633e-05 0.000143129     155.735     5.11754    -4.28619           0
0 0 1
3
0
   0.699986    0.100042 2.07687e-05
 0.0037962 -0.0138256    276.186          0          0          0
0 0 1
4
   0.199983   0.0500519 2.97323e-05
0.00175256  0.0103352     122.65   -9.81155   -9.81249          0
-0 -0  1
5
   0.199996   -0.249991 6.66986e-06
-0.0054736 0.00364116    231.462   -18.5167   -18.5172          0
0 0 1
4
0
   0.699984    0.100056 2.56017e-05
-0.000145187  0.000167153       157.48            0            0            0
0 0 1
4
    0.19998   0.0500514 3.39112e-05
 -6.5642e-05 -0.000226678      159.896      4.84209      5.31711            0
-0 -0  1
5
   0.199995    -0.24999 9.31267e-06
 1.57497e-05 -0.000107558      158.443      4.84209      5.31711            0
0 0 1
1
   0.899992   -0.299982 1.69572e-06
1.06034e-05  0.00042435     154.479           0           0           0
-0 -0  1
3
0
   0.699982    0.100067 2.93456e-05
-0.00579081  0.00630115     134.413           0           0           0
0 0 1
4
   0.199978   0.0500509 3.72264e-05
0.00146176 -0.0137539    305.995   -24.4808    24.4783          0
-0 -0  1
1
   0.899986   -0.299969 2.94516e-06
0.00414181  0.0076059     189.89          0          0          0
-0 -0  1
4
0
  0.699979   0.100068 3.0067e-05
 7.95721e-07 -7.16548e-05      159.142            0            0            0
0 0 1
4
   0.199978    0.050051 3.75756e-05
-2.87582e-05 -3.14681e-05      157.442      5.71487     -2.82896            0
-0 -0  1
1
   0.899986   -0.299969 3.90188e-06
8.33223e-06 4.46357e-05     157.422           0           0           0
-0 -0  1
5
    0.399998    -0.249996 -2.38842e-07
2.83512e-05 0.000151394     156.293     5.71487    -2.82896           0
-0 -0  1
3
4
   0.199978    0.050051 3.78465e-05
-0.000699414   -0.0166725      301.961      24.1586     -24.1552            0
-0 -0  1
1
   0.899986   -0.299968 4.60833e-06
 -0.0121962 -0.00113083     263.558           0           0           0
-0 -0  1
5
    0.399997    -0.249993 -4.06721e-07
0.0130509 0.0181052    64.778   5.18249  -5.18199         0
-0 -0  1
4
4
   0.199967   0.0500515 4.29214e-05
 0.000147971 -0.000142525      161.196      5.37363      7.03939            0
-0 -0  1
1
   0.899976   -0.299968 2.64537e-07
-0.000172853  4.56082e-05      154.388            0            0            0
-0 -0  1
5
   0.399985   -0.249992 6.58317e-07
-0.000167147  7.28405e-05      158.176      5.37363      7.03939            0
-0 -0  1
0
  0.899988   0.100002 -3.464e-06
-0.000175622  6.56433e-05      156.537            0            0            0
0 0 1
3
4
   0.199958   0.0500518 4.69236e-05
-0.00174378 0.000862208     190.856    -15.2677    -15.2693           0
-0 -0  1
5
   0.399976   -0.249991 1.49611e-06
 0.000690039 -0.000387752      209.336      -16.746     -16.7476            0
-0 -0  1
0
    0.899979     0.100004 -6.32657e-06
 0.000771227 -0.000449987      230.106            0            0            0
0 0 1
4
4
   0.199958   0.0500518 4.69801e-05
0.000310663 -0.00026218     162.531     10.2553     7.59468           0
-0 -0  1
5
   0.399976   -0.249991 1.51155e-06
-0.00010735 0.000155654     157.935     10.2553     7.59468           0
-0 -0  1
0
    0.899979     0.100004 -6.27036e-06
-8.16553e-05   0.00011432      157.727            0            0            0
0 0 1
1
        1.1        -0.3 2.09852e-07
-0.000129352 -5.96891e-07      152.105            0            0            0
0 0 1
3
4
   0.199958   0.0500518 4.70248e-05
  0.00451428 -0.000252478      271.809     -21.1605      21.7437            0
-0 -0  1
0
    0.899979     0.100004 -6.22625e-06
 -0.00297103 -0.000111708      186.089            0            0            0
0 0 1
1
       1.1       -0.3 3.6418e-07
-0.00156691 0.000364864     172.399           0           0           0
0 0 1
4
4
   0.199958   0.0500517 4.72781e-05
0.00625026 -0.0113914    194.547    15.5645    -15.563          0
-0 -0  1
0
    0.899965     0.100015 -7.07198e-06
0.00373012 0.00601909    275.116          0          0          0
0 0 1
1
        1.1        -0.3 1.02855e-06
-0.00583184 -0.00279951     75.7667           0           0           0
0 0 1
5
    0.599999        -0.25 -1.07741e-07
-0.00422699  0.00833523     84.8674     6.78937    -6.78941           0
0 0 1
3
4
   0.199956   0.0500506 4.83243e-05
-0.00449564 0.000549781     140.311    -5.27868    -11.2251           0
-0 -0  1
0
    0.899964     0.100014 -7.07297e-06
  0.00264319 -0.000695684      267.176            0            0            0
0 0 1
5
    0.599997    -0.250001 -1.93729e-07
 0.00180953 3.87418e-05     222.811    -5.26935    -17.8248           0
0 0 1
4
4
   0.199944   0.0500707 5.54773e-05
0.00998424 -0.0167023    178.721    14.2985   -14.2969          0
-0 -0  1
0
    0.899965     0.100016 -5.74149e-06
0.00324876 0.00928946    291.005          0          0          0
0 0 1
5
    0.599998    -0.249999 -5.16987e-07
-0.00381732   0.0149793     59.1131     4.72902    -4.72909           0
0 0 1
1
        1.3   -0.299998 2.11937e-06
-0.00944879 -0.00713368     101.458           0           0           0
-0 -0  1
3
4
   0.199932   0.0500915 6.25773e-05
 0.00566591 -0.00471383     227.263     18.1822    -18.1799           0
-0 -0  1
0
    0.899965     0.100018 -4.49764e-06
0.00111797  0.0077144    258.269          0          0          0
0 0 1
1
        1.3   -0.299997 3.84746e-06
-0.00684568 -0.00261763     144.765           0           0           0
-0 -0  1
4
4
   0.199928   0.0500901 6.76611e-05
-0.000343225  4.41435e-05      153.519     -1.60734     -6.35668            0
-0 -0  1
0
   0.899967    0.100007 -1.0469e-06
 9.31901e-05 -6.15227e-05      157.889            0            0            0
0 0 1
1
        1.3        -0.3 2.49467e-06
 7.34037e-05 -5.31038e-05      161.074            0            0            0
-0 -0  1
5
       0.8  -0.250004 2.2697e-06
  7.4493e-05 -5.68731e-05      157.816     -1.60734     -6.35668            0
0 0 1
3
0
   0.899955    0.100024 5.69054e-06
-0.000289655 -0.000309108      273.699            0            0            0
0 0 1
1
    1.29999   -0.300003 4.61761e-06
-0.000814716 -0.000244925      54.0023            0            0            0
-0 -0  1
5
   0.799997   -0.250007 7.39199e-06
0.000825546 0.000588917     302.597     24.2078     24.2077           0
0 0 1
4
0
   0.899959    0.100027 6.99412e-06
 0.000302508 -0.000163605      102.674            0            0            0
0 0 1
1
        1.3   -0.300001 9.76885e-06
-0.000464904 -0.000515069      162.643            0            0            0
-0 -0  1
5
   0.799995   -0.250006 7.12678e-06
-1.64363e-05  0.000916698      201.689     -16.1351      16.1352            0
0 0 1
4
   0.399997   0.0499981 4.24788e-07
  2.9828e-05 -0.000248836      163.292     -13.0634      13.0633            0
-0 -0  1
3
0
   0.899962     0.10003 7.89334e-06
-0.000435507 -0.000480148       129.66            0            0            0
0 0 1
5
  0.799994  -0.250006 6.9048e-06
-0.000784699   0.00170565      360.729     -28.8584     -28.8583            0
0 0 1
4
   0.399995   0.0499967 7.57348e-07
  0.0011351 -0.00129875     139.908    -11.1926    -11.1927           0
-0 -0  1
4
0
   0.899961    0.100029 7.88344e-06
-0.000162039  0.000193452      125.913            0            0            0
0 0 1
5
   0.799993   -0.250006 6.85321e-06
0.000280353  0.00046176     184.982    -14.7984     14.7987           0
0 0 1
4
   0.399993   0.0499898 2.52689e-06
0.000139654 2.26429e-05      155.87    -12.4695     12.4696           0
-0 -0  1
1
        1.5   -0.299999 -3.2075e-07
-0.000290669 -0.000771049      163.533            0            0            0
-0 -0  1
3
5
   0.799993   -0.250006 6.81462e-06
1.09957e-05 5.19839e-06     211.029    0.544529     9.74834           0
0 0 1
4
  0.399992  0.0499861 3.5222e-06
4.00705e-05 8.85541e-05     215.091    0.544529     9.74834           0
-0 -0  1
1
         1.5    -0.299998 -6.46897e-07
-7.19354e-05 -0.000133475      204.178            0            0            0
-0 -0  1
4
5
   0.799999   -0.250043 7.35024e-06
1.57519e-05 -6.7799e-05     161.625    -12.3296     12.9306           0
0 0 1
4
   0.400002   0.0499872 2.28283e-06
1.87681e-05 -3.3764e-05     163.628    -12.3296     13.0906           0
-0 -0  1
1
        1.5        -0.3 1.16351e-05
 6.01797e-05 -0.000212971      152.131            0            0            0
-0 -0  1
0
    1.10001    0.100004 1.53072e-05
 0.000217395 -6.29537e-05      152.914            0            0            0
0 0 1
3
4
    0.40003   0.0499698 1.48139e-05
-0.00861797   -0.012399     328.897     -26.311     26.3126           0
-0 -0  1
1
        1.5   -0.299977 5.82614e-05
-0.00647597  -0.0142967     300.104           0           0           0
-0 -0  1
0
    1.10001    0.100069 8.57928e-05
0.0144926 0.0272329   1.29972         0         0         0
0 0 1
4
4
   0.400029   0.0499696 1.77965e-05
 2.88815e-12  6.21697e-13  1.22387e-12  8.11771e-13 -9.15733e-13            0
-0 -0  1
1
    1.50001   -0.299976 5.71126e-05
-0.00548125 -0.00916696     223.103           0           0           0
-0 -0  1
0
    1.10003    0.100076 0.000100927
-0.0253189 -0.0405915    328.933          0          0          0
0 0 1
5
   0.999997   -0.250001 9.91225e-07
0.0310459 0.0498346   78.2626   6.26097  -6.26104         0
-0 -0  1
3
4
   0.400039   0.0500003 1.40806e-05
0.0138373 0.0194857   6.10454  0.488326 -0.488401         0
-0 -0  1
0
    1.10005    0.100095 0.000100482
-0.0705879 -0.0926818    602.367          0          0          0
0 0 1
5
   0.999991   -0.249998 1.77107e-05
0.0569345 0.0743938   21.8259    1.7461  -1.74605         0
-0 -0  1
4
4
   0.400037   0.0499918 1.52796e-05
0.000121995 0.000125368      151.59    -1.86158     -8.7781           0
-0 -0  1
0
    1.10004    0.100095 0.000100684
-0.000605877 -2.04466e-05      157.641            0            0            0
0 0 1
5
 0.999988     -0.25 1.908e-05
-4.19897e-05 -0.000128792      157.415     -1.86158      -8.7781            0
-0 -0  1
1
     1.69996     -0.30004 -5.68955e-06
 0.000153651 -0.000479689      163.652            0            0            0
0 0 1
3
0
   1.10005   0.100095 0.00010285
 0.0175536 -0.0418178    389.917          0          0          0
0 0 1
5
   0.999994   -0.250022 2.37625e-05
-0.00461491   0.0261368     209.346     16.7478     16.7476           0
-0 -0  1
1
     1.69997    -0.300013 -1.21503e-05
-0.0127742    0.01586    31.0346          0          0          0
0 0 1
4
0
  1.10005  0.100103 0.0001139
-0.105389  -0.26806   560.776         0         0         0
0 0 1
5
   0.999994    -0.25002 3.08685e-05
 1.38425e-12  1.40835e-12  4.55375e-13  8.09044e-13 -8.13197e-13            0
-0 -0  1
1
     1.69997    -0.300013 -2.52849e-06
0.0461182  0.102319   68.6186         0         0         0
0 0 1
4
   0.600007    0.050003 5.32981e-06
 0.0596341   0.166389    0.90296   0.072237 -0.0722366          0
-0 -0  1
3
5
  0.999985  -0.250026 3.3087e-05
0.000228757 -0.00123969     199.778      15.982    -15.6813           0
-0 -0  1
1
        1.7   -0.300025 1.34654e-05
-0.000162636  0.000348804      192.751            0            0            0
0 0 1
4
   0.600002   0.0499988 8.40718e-06
-0.000166371  0.000683264      237.768      19.0215     -15.6835            0
-0 -0  1
4
5
   0.999985   -0.250026 3.53549e-05
 1.56179e-05 -8.73562e-06      158.251     -1.78594      2.72475            0
-0 -0  1
1
   1.69999  -0.300027 1.2766e-05
 -4.8675e-05 -8.74886e-05      156.433            0            0            0
0 0 1
4
   0.600002   0.0499959 8.36454e-06
-4.14615e-05  -3.4991e-05      158.805     -1.78594      2.72475            0
-0 -0  1
0
        1.3   0.0999927 7.76435e-06
-4.03534e-05 -7.44731e-05      156.808            0            0            0
-0 -0  1
3
5
  0.999986  -0.250026 3.7305e-05
0.00680971 0.00206392    342.231    18.4943    27.3781          0
-0 -0  1
1
    1.69998   -0.300028 1.23522e-05
 -0.00361776 -0.000890282      70.2812            0            0            0
0 0 1
0
        1.3   0.0999859 1.43481e-05
-0.00333511 -0.00134364     217.785           0           0           0
-0 -0  1
4
5
   0.999987   -0.250025 3.71291e-05
 2.57765e-13 -9.21533e-13 -2.09439e-12  2.33608e-12 -2.57175e-12            0
-0 -0  1
1
    1.69998   -0.300028 1.34158e-05
0.00572851 0.00946647    120.111          0          0          0
0 0 1
0
   1.29999   0.100007 2.4917e-05
-0.0174249 -0.0236384    466.331          0          0          0
-0 -0  1
4
    0.800001    0.0500003 -2.20082e-07
0.0118891 0.0146338   43.8554   3.50843  -3.50843         0
-0 -0  1
3
5
    1.00001   -0.250023 3.87881e-05
 0.000400873 -0.000176857       211.03      9.97379      10.5704            0
-0 -0  1
1
        1.7   -0.300026 3.48684e-05
 0.000367805 -2.06586e-05      203.132            0            0            0
0 0 1
4
    0.800022     0.049997 -4.39189e-06
-0.000105747  0.000220356      216.136      9.97379      10.5704            0
-0 -0  1
4
5
    1.00001   -0.250024 3.91819e-05
0.000361262  0.00454642     186.241    -14.8992      1.5054           0
-0 -0  1
1
    1.70001   -0.300023 3.67713e-05
-0.000328498   0.00143823      181.805            0            0            0
0 0 1
4
    0.800021    0.0499965 -3.60276e-06
-0.000506438  -0.00287126      141.109     -11.2887       1.5061            0
-0 -0  1
0
        1.5    0.100011 4.42205e-06
0.000435818 -0.00308515     121.143           0           0           0
-0 -0  1
3
5
   1.00001  -0.250024 3.9502e-05
0.00291007 0.00277799    319.474   -6.19941     25.558          0
-0 -0  1
1
    1.70001    -0.30002 3.83717e-05
 0.00153257 -0.00159887      132.36           0           0           0
0 0 1
0
        1.5     0.10002 8.11585e-06
-0.00451484 -0.00113539     178.464           0           0           0
-0 -0  1
4
5
    1.00002   -0.250036 4.68523e-05
0.000193357 -3.0086e-05     159.389     3.67428     7.88532           0
-0 -0  1
1
        1.7   -0.300026 4.01795e-05
 0.000131622 -0.000133223      153.685            0            0            0
0 0 1
0
    1.49999    0.100029 1.30181e-05
-9.5954e-06 3.05216e-06     156.733           0           0           0
-0 -0  1
4
   1.00003  0.0500103 5.0288e-06
-8.17159e-05  0.000123585      160.491      3.67428      7.88532            0
-0 -0  1
3
5
    1.00004   -0.250047 5.39691e-05
-0.000507872  -0.00242302      177.703       14.216     -14.2164            0
-0 -0  1
1
    1.69999   -0.300032 4.18735e-05
  0.00126403 -0.000354685      192.636            0            0            0
0 0 1
4
    1.00005   0.0500203 9.58043e-06
-0.000533279   0.00279536      259.959      20.7968     -20.7967            0
-0 -0  1
4
0
    1.69999    0.100002 1.24677e-06
-5.67563e-05  0.000443823       200.51            0            0            0
-0 -0  1
1
    1.69999   -0.299999 6.65117e-07
0.000477917 0.000445592     199.293           0           0           0
0 0 1
4
   0.999994   0.0500011 3.16951e-06
-0.000224206 -0.000371084      115.701      3.04128     -9.25606            0
-0 -0  1
5
   0.999994   -0.249999 2.46368e-06
 0.000219169 -0.000378101      114.794      3.04135     -9.18354            0
-0 -0  1
