4
0
    0.699984     0.100015 -5.36576e-08
0.000670656 -0.00101999     197.868           0           0           0
0 0 1
1
    0.699995    -0.299988 -4.54467e-06
7.71211e-05 -0.00100949     196.931           0           0           0
-0 -0  1
4
-1.16295e-05 -9.20368e-06  4.82732e-06
-4.51133e-05  0.000984798      117.982      2.33797     -9.43837            0
0 0 1
5
-5.55721e-06    -0.200009  5.16095e-06
-0.000681834   0.00104507      117.516      2.33799     -9.40113            0
-0 -0  1
3
0
   0.699984    0.100016 1.53297e-06
 0.00240793 -0.00602809     376.464           0           0           0
0 0 1
4
-1.39077e-05 -2.24596e-05  1.33911e-05
-0.00254241  0.00685206     84.3117     -6.7446    -6.74528           0
0 0 1
5
-4.38992e-06    -0.200005   5.0702e-06
 0.000254049 -0.000987964      169.522     -13.5609     -13.5627            0
-0 -0  1
4
0
   0.699997    0.100057 1.95645e-05
-0.000298015 -0.000736974      213.307            0            0            0
0 0 1
4
-9.44547e-06 -1.53451e-05  2.64452e-05
0.000157725  -0.0010656     181.142     14.4921    -14.4907           0
0 0 1
5
-2.09716e-06    -0.199993  1.25958e-05
0.000245046  0.00105337     126.146     10.0923     -10.091           0
-0 -0  1
1
        0.9   -0.299985 1.04694e-05
-0.000175705   0.00167963      109.704            0            0            0
-0 -0  1
3
0
   0.699995    0.100086 3.13819e-05
-0.00599557  0.00587607     181.113           0           0           0
0 0 1
4
-6.61699e-06 -1.28356e-05  4.14975e-05
-0.000562103   -0.0184485      296.018     -4.70029      23.6812            0
0 0 1
1
   0.899995   -0.299987 1.88994e-05
0.00637423  0.0129318    153.168          0          0          0
-0 -0  1
4
0
   0.699992    0.100085 3.36053e-05
 -0.0019748 -0.00464548     263.377           0           0           0
0 0 1
4
-1.63366e-06 -2.10345e-05  4.28991e-05
-0.00239726 -0.00518802     134.751     10.7806    -10.7796           0
0 0 1
1
   0.899991    -0.29999 1.97856e-05
 0.00111509 0.000749167     151.921           0           0           0
-0 -0  1
5
    0.20001   -0.250018 5.08252e-06
0.00335726 0.00882319    80.2484    6.41988   -6.41987          0
0 0 1
3
0
   0.699992    0.100079 3.39766e-05
 -0.014274 0.00604817    175.404          0          0          0
0 0 1
1
    0.89999   -0.299999 2.20109e-05
0.0113895 0.0208874   108.194         0         0         0
-0 -0  1
5
   0.200009   -0.250022 6.67128e-06
0.00280986 -0.0270748    346.699    14.1578    27.7357          0
0 0 1
4
0
   0.699981    0.100094 3.58689e-05
-0.000130591  0.000350918      153.983            0            0            0
0 0 1
1
   0.899987   -0.299995 2.23595e-05
 -0.00020626 -0.000119951      166.808            0            0            0
-0 -0  1
5
   0.200007   -0.250024 1.02512e-05
 -4.556e-05 0.000114675      158.69    -12.6954    -11.2798           0
0 0 1
4
   0.199998   0.0499988 2.54218e-06
0.000219937 -0.00024622     150.815    -12.0652    -11.2795           0
-0 -0  1
3
1
   0.899985   -0.299992 2.22435e-05
-0.00119624 0.000255687     267.426           0           0           0
-0 -0  1
5
   0.200006   -0.250025 1.13321e-05
0.000224866 0.000579767     179.629     12.1318    -14.3705           0
0 0 1
4
   0.199996    0.049998 3.25307e-06
 0.000893026 -0.000774544      183.243       12.129     -14.6594            0
-0 -0  1
4
1
   0.899972   -0.300022 4.00734e-05
-0.000119916 -0.000150371       157.87            0            0            0
-0 -0  1
5
   0.200013   -0.250006 2.68989e-05
-9.38028e-05  0.000111454      157.476    -0.563516    -0.521764            0
0 0 1
4
   0.200005   0.0500083 2.01346e-05
2.51311e-05 0.000107645     157.307   -0.563516   -0.521764           0
-0 -0  1
0
   0.899989   0.0999968 7.78286e-06
 5.08046e-05 -0.000168574      157.644            0            0            0
0 0 1
3
1
   0.899967   -0.300043 4.56444e-05
 0.026997 0.0229491   167.088         0         0         0
-0 -0  1
4
   0.200022   0.0500315 2.35498e-05
-0.0101328 -0.0417805    339.201   -27.1359    27.1363          0
-0 -0  1
0
   0.899986   0.0999893 6.99334e-06
-0.0169565  0.0187888    124.008          0          0          0
0 0 1
4
1
   0.899981   -0.300053 5.45861e-05
0.00400157 0.00257915    131.682          0          0          0
-0 -0  1
4
   0.200023   0.0500333 2.88598e-05
-0.00100768 -0.00334887     192.246    -9.49528     15.3798           0
-0 -0  1
0
   0.899989   0.0999849 1.41712e-05
-0.00220977  0.00219548     127.883           0           0           0
0 0 1
5
   0.399993   -0.249997 6.64356e-07
-0.000769336  -0.00151762      178.487     -9.49413      14.2789            0
-0 -0  1
3
4
   0.200024   0.0500348 3.30829e-05
-0.000691758   0.00475636      190.832     -15.2667     -9.39233            0
-0 -0  1
0
   0.899991   0.0999815 1.99227e-05
 0.00136171 -0.00157581     161.428           0           0           0
0 0 1
5
   0.399988   -0.249995 1.10885e-06
-0.000644048  -0.00329755      278.038     -22.2429     -9.38596            0
-0 -0  1
4
4
   0.200024   0.0500348 3.30796e-05
-0.000535897  -0.00495018      187.782     -5.35401      15.0226            0
-0 -0  1
0
   0.899991   0.0999815 1.99492e-05
-0.00162167  0.00277076     138.367           0           0           0
0 0 1
5
   0.399988   -0.249995 1.11965e-06
0.000902564 -0.00256026     176.552    -5.35287     14.1241           0
-0 -0  1
1
        1.1        -0.3 1.42589e-07
0.00124737 0.00473872    127.597          0          0          0
0 0 1
3
4
   0.200024   0.0500348 3.30752e-05
-0.00523628    -0.03261     343.026    -27.4418     27.4423           0
-0 -0  1
0
   0.899991   0.0999815 1.99666e-05
-0.00793551    0.014809     66.3025           0           0           0
0 0 1
1
        1.1        -0.3 2.41101e-07
0.0131293 0.0177148   220.969         0         0         0
0 0 1
4
4
   0.200019   0.0500175 3.52149e-05
0.000190552 7.53029e-05     168.391    -13.4711     13.4715           0
-0 -0  1
0
   0.899991   0.0999814 2.01201e-05
-0.000173303   0.00117294      127.424            0            0            0
0 0 1
1
        1.1        -0.3 2.63247e-07
 1.87401e-05 -0.000117531      155.353            0            0            0
0 0 1
5
   0.599999       -0.25 1.14556e-07
-8.57713e-05   -0.0013696       179.13     -14.3305      14.3304            0
0 0 1
3
0
   0.899991   0.0999813 2.02597e-05
-0.00282607  0.00161399     166.095           0           0           0
0 0 1
1
        1.1   -0.300001 2.98096e-07
0.00251807  0.0118854    13.8279          0          0          0
0 0 1
5
   0.599999       -0.25 2.13422e-07
0.000149528  -0.0136971     450.374     1.91943     36.0299           0
0 0 1
4
0
   0.899991   0.0999814 2.02597e-05
0.000912094  0.00116659     124.561           0           0           0
0 0 1
1
        1.1   -0.300001 2.92158e-07
-3.17647e-05  0.000757739      123.297            0            0            0
0 0 1
5
   0.599999       -0.25 2.09688e-07
-2.56127e-05 -0.000922794      187.966     -15.0373      15.0372            0
0 0 1
4
        0.4        0.05 6.14454e-09
-0.000873042  -0.00101033      194.474     -15.5578       15.558            0
-0 -0  1
3
0
   0.899991   0.0999814 2.02585e-05
0.00122592  0.0011023    140.116          0          0          0
0 0 1
5
   0.599998       -0.25 2.06584e-07
-0.00295295 -0.00276818     305.619    -24.4495    -12.2036           0
0 0 1
4
       0.4       0.05 1.0895e-08
0.00172899 0.00160143    184.562    -14.765   -12.2073          0
-0 -0  1
4
0
   0.899993   0.0999821 2.34372e-05
-0.0547378  0.0279136     148.45          0          0          0
0 0 1
5
    0.599996    -0.250005 -2.22122e-07
 0.0414408 -0.0557387    171.906   -9.02015    13.7525          0
0 0 1
4
   0.400001   0.0500003 4.80054e-07
-0.0420139  -0.111288    180.408   -9.02038    14.4327          0
-0 -0  1
1
         1.3    -0.300001 -4.81278e-07
0.0552435  0.139032   129.532         0         0         0
-0 -0  1
3
5
    0.599994    -0.250009 -5.83058e-07
0.00821304 -0.0164766    211.219    13.2184    13.3292          0
0 0 1
4
   0.400001    0.050001 8.48295e-07
 -0.021402 -0.0362502    217.851    13.2184    13.3292          0
-0 -0  1
1
     1.29999    -0.300002 -8.32535e-07
0.0131479 0.0526706   201.228         0         0         0
-0 -0  1
4
5
    0.599994    -0.250009 -5.75268e-07
0.00165413 -0.0027053    176.796   -6.03794    14.1437          0
0 0 1
4
   0.400001    0.050001 8.51802e-07
-0.00152588 -0.00476529     187.922     -6.0382     15.0338           0
-0 -0  1
1
     1.29999    -0.300001 -8.18409e-08
0.00209453 0.00482161    127.493          0          0          0
-0 -0  1
0
        1.1         0.1 3.61068e-07
-0.0022316 0.00264691    138.086          0          0          0
0 0 1
3
5
    0.599994    -0.250009 -5.68331e-07
 0.0136142 -0.0523963    406.545    32.4278    32.5235          0
0 0 1
1
    1.29999   -0.300001 4.83261e-07
0.0195971 0.0394385   60.9613         0         0         0
-0 -0  1
0
        1.1         0.1 6.31123e-07
-0.0332827  0.0129621    162.792          0          0          0
0 0 1
4
5
    0.599993    -0.250009 -3.70755e-07
 0.000223832 -0.000468863      168.198      7.19547      13.4557            0
0 0 1
1
    1.29999   -0.300004 1.71849e-06
0.000302252 0.000544374      140.84           0           0           0
-0 -0  1
0
        1.1    0.100001 1.02727e-06
-0.000332136  0.000244608      150.917            0            0            0
0 0 1
4
    0.599998    0.0499955 -4.81591e-08
-0.000182508 -0.000438516      170.343      7.19515      13.6272            0
-0 -0  1
3
5
    0.599993    -0.250009 -2.13724e-07
 0.000466377 -0.000699665      190.105      15.2082     -15.2086            0
0 0 1
1
    1.29999   -0.300007 2.63577e-06
-0.000243577  0.000994157      165.551            0            0            0
-0 -0  1
4
    0.599996     0.049992 -8.42773e-08
-0.000206864 -0.000338636      274.641      21.9709     -15.9697            0
-0 -0  1
4
5
    0.599993    -0.250009 -1.98488e-07
 0.00199102 -0.00464552     171.112     7.47372     13.6889           0
0 0 1
1
    1.29999   -0.300007 2.64799e-06
0.00268607  0.0046143    141.428          0          0          0
-0 -0  1
4
    0.599996    0.0499917 -8.87089e-08
-0.00193767 -0.00460547      173.34     7.47335      13.867           0
-0 -0  1
0
        1.3         0.1 1.84216e-08
-0.00274474  0.00463404     144.417           0           0           0
-0 -0  1
3
5
    0.599993    -0.250009 -1.86444e-07
-0.00136645  0.00147073     210.269    -13.1504    -11.4832           0
0 0 1
4
    0.599996    0.0499914 -9.20318e-08
0.000527432  0.00147196     206.324    -13.1504    -11.4832           0
-0 -0  1
0
        1.3         0.1 2.67406e-08
0.000841951 -0.00294809     213.705           0           0           0
-0 -0  1
4
5
   0.599992    -0.25001 3.46556e-07
 0.000157103 -0.000525615      162.158     -1.56777      10.8718            0
0 0 1
4
   0.599997   0.0499926 7.69609e-09
-0.00023802 -0.00052614     161.688    -1.56777     10.8718           0
-0 -0  1
0
     1.29998     0.100004 -2.48765e-06
-0.000330403  0.000383273      153.999            0            0            0
-0 -0  1
1
        1.5        -0.3 2.64272e-06
0.000247293 0.000652308     152.452           0           0           0
-0 -0  1
3
5
   0.599991   -0.250011 8.57835e-07
-0.00046281   0.0021708     191.441     15.3151    -15.3155           0
0 0 1
4
   0.599998   0.0499938 9.01912e-08
0.00181227 0.00244192    227.897    18.2312   -18.2323          0
-0 -0  1
1
        1.5   -0.299999 4.44036e-06
-0.00146107 -0.00461066      210.96           0           0           0
-0 -0  1
4
5
  0.600002  -0.250042 5.6391e-06
 0.000167093 -0.000275276      162.111     -4.59101      8.55028            0
0 0 1
4
    0.600008    0.0499996 -1.03545e-06
-3.76501e-05 -0.000305916      160.733     -4.59101      8.55028            0
-0 -0  1
1
        1.5        -0.3 3.66392e-06
0.000174793 0.000158615     154.645           0           0           0
-0 -0  1
0
         1.5    0.0999997 -9.86148e-07
-6.18375e-05  0.000137265      152.809            0            0            0
-0 -0  1
3
4
   0.600008   0.0499932 5.39636e-06
0.000668151 -0.00271298     292.186    -23.3745     23.3753           0
-0 -0  1
1
        1.5   -0.300028 1.49405e-05
0.00157616 0.00363893    242.388          0          0          0
-0 -0  1
0
    1.49999   0.0999961 1.72728e-06
-0.00238957 -0.00120568     95.7236           0           0           0
-0 -0  1
4
4
   0.600015   0.0499961 1.45479e-05
  0.00203736 -0.000741576      86.9941      6.95939     -6.95967            0
-0 -0  1
1
    1.50001   -0.300043 3.15618e-05
-0.00314291 -0.00207961     185.815           0           0           0
-0 -0  1
0
        1.5    0.100004 1.58417e-05
-0.00134992  0.00255549     303.768           0           0           0
-0 -0  1
5
  0.800005  -0.249995 9.1204e-06
 0.00276339 0.000398933      53.721     4.29769    -4.29767           0
0 0 1
3
4
   0.600016   0.0499962 1.44942e-05
0.00112372 0.00131732    147.228   -11.7786   -11.7778          0
-0 -0  1
0
    1.49999    0.100003 1.51492e-05
-0.00182876  0.00272202     166.028           0           0           0
-0 -0  1
5
   0.800005   -0.249995 9.13677e-06
 0.00071679 -0.00413323     317.042    -25.3633    -25.3634           0
0 0 1
4
4
   0.600003   0.0499982 3.09144e-05
-0.000135239  9.93861e-05      159.596       5.8841      2.07036            0
-0 -0  1
0
    1.49998    0.100039 1.80668e-05
-0.000165019  0.000232191      158.027            0            0            0
-0 -0  1
5
   0.799993   -0.249974 1.61237e-05
-0.000146793  0.000199128      157.416       5.8841      2.07036            0
0 0 1
1
    1.69999   -0.299987 -8.1449e-06
-0.000193858  0.000399137      155.259            0            0            0
0 0 1
3
0
    1.49999    0.100033 3.16658e-05
  0.00412821 -0.000123531      162.427            0            0            0
-0 -0  1
5
   0.800008   -0.249975 1.51335e-05
 -0.00107015 -0.000454297      372.575      25.7915      29.8059            0
0 0 1
1
        1.7   -0.299991 9.78517e-06
 -0.0024191 0.000274847     95.2961           0           0           0
0 0 1
4
0
    1.49999    0.100042 3.38031e-05
-0.000107286  0.000525795      151.868            0            0            0
-0 -0  1
5
   0.800015   -0.249988 1.47978e-05
-3.02338e-05 -0.000142461      160.913     -12.8731     -6.40878            0
0 0 1
1
        1.7    -0.29999 8.97771e-06
 4.03868e-05 -0.000320505      166.695            0            0            0
0 0 1
4
    0.799999    0.0499659 -2.17693e-06
 0.000168594 -0.000507345      150.821     -12.0657     -6.40858            0
-0 -0  1
3
5
   0.800015   -0.249987 1.49564e-05
-3.07019e-05  9.17856e-05      209.784     -11.7073     -4.30233            0
0 0 1
1
        1.7   -0.299996 1.04966e-05
-1.55414e-05 -3.28935e-05      214.241            0            0            0
0 0 1
4
         0.8    0.0499659 -2.14873e-06
 6.70424e-05 -0.000108468      206.272     -11.7073     -4.30233            0
-0 -0  1
4
5
   0.800003   -0.249957 5.30411e-05
0.00115352 0.00318429    221.958   -17.7568    8.71951          0
0 0 1
1
    1.69998   -0.299985 3.18183e-05
0.000150148  0.00235877     205.861           0           0           0
0 0 1
4
   0.800021   0.0499769 2.36152e-05
-0.000999885  -0.00214192      125.751     -10.0597      8.69987            0
-0 -0  1
0
    1.69994     0.10004 1.73753e-05
-0.00130291 -0.00230375     76.7279           0           0           0
-0 -0  1
3
1
    1.69998   -0.299991 3.88078e-05
-1.72532e-05   0.00302154      294.803            0            0            0
0 0 1
4
   0.800022   0.0499753 2.50697e-05
-8.98703e-06  9.55951e-05      217.891     -17.4305       17.432            0
-0 -0  1
0
    1.69994    0.100051 2.50718e-05
3.77471e-05 -0.00306286     117.603           0           0           0
-0 -0  1
4
1
    1.69998   -0.299993 4.29768e-05
 0.00091157 0.000358152     138.106           0           0           0
0 0 1
4
   0.800044   0.0499922 2.79656e-05
-0.000215531  -0.00055021      182.455     -9.25193      14.5968            0
-0 -0  1
0
    1.69994    0.100053 3.22234e-05
2.80281e-05 0.000258646     134.408           0           0           0
-0 -0  1
5
  0.999984  -0.250038 1.0869e-05
-0.000637852 -0.000371856      175.328     -9.25098      14.0265            0
-0 -0  1
3
1
    1.69997   -0.299997 4.45452e-05
0.00639233 0.00206344    90.1126          0          0          0
0 0 1
0
    1.69994    0.100052 3.59389e-05
-0.0050734 0.00304821    135.933          0          0          0
-0 -0  1
5
   0.999964   -0.250084 2.18922e-05
 -0.0013694 -0.00552111     404.252     32.3413      32.339           0
-0 -0  1
4
0
    1.69999    0.100002 1.24677e-06
-0.000995902  0.000688027      200.514            0            0            0
-0 -0  1
1
    1.69999   -0.299999 6.65117e-07
-0.000758159  0.000689795      199.298            0            0            0
0 0 1
4
   0.999994   0.0500011 3.16951e-06
-0.00120049 0.000392758     115.698     3.04086    -9.25585           0
-0 -0  1
5
   0.999994   -0.249999 2.46368e-06
-0.000979807  0.000385741      114.792      3.04093     -9.18334            0
-0 -0  1
