4
0
    0.699984     0.100015 -5.36576e-08
0.000670656 -0.00101999     197.868           0           0           0
0 0 1
1
    0.699995    -0.299988 -4.54467e-06
7.71211e-05 -0.00100949     196.931           0           0           0
-0 -0  1
4
-1.16295e-05 -9.20368e-06  4.82732e-06
-4.51133e-05  0.000984798      117.982      2.33797     -9.43837            0
0 0 1
5
-5.55721e-06    -0.200009  5.16095e-06
-0.000681834   0.00104507      117.516      2.33799     -9.40113            0
-0 -0  1
3
0
  0.699984   0.100022 7.8692e-06
-1.42662  1.99752  154.759        0        0        0
0 0 1
1
   0.699998   -0.299986 8.02445e-07
1.99609 1.99749  162.72       0       0       0
-0 -0  1
4
-1.20827e-05 -8.97019e-06  9.99509e-06
-0.56958 -3.99459  312.818 -19.8965  25.0241        0
0 0 1
4
0
  0.699985   0.100025 1.1862e-05
0.00647011  -0.011004    263.506          0          0          0
0 0 1
1
   0.699998   -0.299987 2.69973e-06
-0.00434111 -0.00909491     180.141           0           0           0
-0 -0  1
4
-1.15932e-05 -9.97072e-06  1.37703e-05
0.00349977  0.0118817    92.7018    7.41661   -7.41567          0
0 0 1
5
   0.199995   -0.250031 1.70718e-05
-0.00565058  0.00794593     93.9486     7.51569    -7.51609           0
0 0 1
3
0
   0.699985    0.100028 1.53373e-05
 -0.004043 0.00165686    321.668          0          0          0
0 0 1
1
   0.699999   -0.299988 4.38722e-06
0.00167926  0.0071331    121.624          0          0          0
-0 -0  1
5
    0.19999   -0.250059 3.25389e-05
0.00230626 -0.0089884    187.005    14.9605    3.22046          0
0 0 1
4
0
   0.699979    0.100029 2.14091e-05
 0.00411851 -0.00757996     306.813           0           0           0
0 0 1
1
   0.699989   -0.299997 1.49698e-05
-0.00284796 -0.00684591     261.201           0           0           0
-0 -0  1
5
  0.199992  -0.250061 3.6398e-05
-0.0130945  0.0126533    14.2431     1.1394   -1.13949          0
0 0 1
4
   0.200007    0.050034 7.28433e-06
 0.0116598 0.00211984    48.0413     3.8433   -3.84331          0
-0 -0  1
3
0
   0.699975    0.100041 2.58258e-05
 0.00114602 -0.00557755     282.996           0           0           0
0 0 1
5
   0.199995   -0.250064 3.98614e-05
-0.011008 0.0197627   232.198  -18.5764  -18.5754         0
0 0 1
4
   0.200002   0.0500379 1.24164e-05
0.00982565 -0.0140585    115.104   -9.20789    -9.2087          0
-0 -0  1
4
0
   0.699972    0.100061 3.59166e-05
 2.16926e-05 -0.000341394      165.075            0            0            0
0 0 1
5
   0.199993   -0.250057 4.41947e-05
-0.000291812 -2.93446e-05      150.504        12.04      -10.994            0
0 0 1
4
   0.200003   0.0500401 2.02297e-05
0.000216478 0.000238739     159.458     12.7573    -10.9954           0
-0 -0  1
1
   0.899997   -0.300005 5.73249e-06
3.26317e-05 0.000404585     155.261           0           0           0
-0 -0  1
3
5
   0.199991   -0.250051 4.77125e-05
-0.0147586 0.00982401    16.9784    1.35824    -1.3583          0
0 0 1
4
   0.200004   0.0500419 2.65518e-05
 0.0147076 -0.0098231     352.08     28.168   -28.1648          0
-0 -0  1
1
   0.899995   -0.300009 1.02955e-05
0.000135445 0.000407656     261.239           0           0           0
-0 -0  1
4
5
   0.199995   -0.250036 5.21141e-05
-1.41649e-05  2.33201e-05      155.642      12.4513     0.052249            0
0 0 1
4
   0.200002   0.0500437 4.51468e-05
 4.0852e-05 0.000102788     159.596     12.7677   0.0522004           0
-0 -0  1
1
   0.900001        -0.3 2.02789e-05
-2.80337e-05  0.000311968      154.877            0            0            0
-0 -0  1
0
   0.900005     0.10004 1.79074e-05
4.55724e-05 0.000343421     160.183           0           0           0
0 0 1
3
5
   0.199998   -0.250024 5.60836e-05
-0.00155354  0.00224479      180.93    -13.6754    -14.4741           0
0 0 1
4
        0.2   0.0500452 6.11655e-05
-0.000935089 -0.000697471      176.852     -13.6872      -14.149            0
-0 -0  1
0
    0.90001    0.100074 3.30311e-05
  0.00254649 -0.000894747      272.516            0            0            0
0 0 1
4
5
   0.199998   -0.250024 5.60942e-05
-0.000275563  0.000162496      151.071      12.0856     -1.24386            0
0 0 1
4
        0.2   0.0500453 6.13074e-05
 0.000434808 -0.000904093      166.098      13.2879       -1.247            0
-0 -0  1
0
    0.90001    0.100074 3.32823e-05
 0.000300751 -0.000249859      166.522            0            0            0
0 0 1
1
        1.1        -0.3 4.87655e-07
-0.000458394   0.00100307      146.607            0            0            0
0 0 1
3
4
  0.199999  0.0500453 6.1426e-05
-0.00107082  -0.0302817     285.426    -15.2112     22.8332           0
-0 -0  1
0
    0.90001    0.100074 3.34875e-05
-0.00835428  0.00986566     182.698           0           0           0
0 0 1
1
        1.1        -0.3 8.68074e-07
0.00940433  0.0204163    162.174          0          0          0
0 0 1
4
4
   0.199999   0.0500453 6.21482e-05
   0.001373 -0.00524434     184.138     14.7315    -8.17624           0
-0 -0  1
0
   0.900008    0.100075 3.36492e-05
0.000671009 -0.00219042     186.159           0           0           0
0 0 1
1
        1.1   -0.300001 1.13305e-06
-0.00135719  0.00195122     122.727           0           0           0
0 0 1
5
    0.400001    -0.249998 -4.78179e-07
-0.000666332   0.00554668      137.274       10.982     -8.16934            0
-0 -0  1
3
4
   0.199998   0.0500453 6.27428e-05
-0.00661701  0.00264121     125.265    -4.25828    -10.0214           0
-0 -0  1
0
   0.900007    0.100075 3.37545e-05
0.000721787 -0.00501294     317.179           0           0           0
0 0 1
5
    0.400002    -0.249997 -8.49831e-07
0.00596033 0.00239849    187.854   -4.24419   -15.0284          0
-0 -0  1
4
4
   0.200004   0.0500695 6.15018e-05
 0.00102848 -0.00454831      173.57     13.8864    -13.8848           0
-0 -0  1
0
   0.900003    0.100074 3.50811e-05
0.000822579 -0.00169011      191.11           0           0           0
0 0 1
5
    0.400006    -0.249991 -1.74271e-06
-0.000157598   0.00758483      129.554      10.3645     -10.3642            0
-0 -0  1
1
        1.3   -0.300021 1.35173e-05
-0.00163341 -0.00117869     136.063           0           0           0
-0 -0  1
3
4
   0.199999   0.0500507 6.65713e-05
  0.00433831 -0.000128519      236.356     -18.9104      18.9067            0
-0 -0  1
0
   0.900002     0.10007 3.71295e-05
-0.00334838  0.00047422     110.615           0           0           0
0 0 1
1
  1.30001 -0.300055 2.874e-05
-0.00139471 -0.00119394     283.326           0           0           0
-0 -0  1
4
4
   0.199999   0.0500505 6.66647e-05
0.00245694 0.00381358    164.723   -13.1791    13.1766          0
-0 -0  1
0
   0.900004    0.100072 3.92454e-05
0.000655606 0.000284287     125.936           0           0           0
0 0 1
1
    1.30002   -0.300057 3.86785e-05
-0.000997101  -0.00141059       156.02            0            0            0
-0 -0  1
5
    0.599999        -0.25 -7.98631e-08
-0.00208483 -0.00276736     183.619    -14.6895     14.6895           0
0 0 1
3
4
   0.199999   0.0500503 6.67495e-05
-0.00605624  -0.0061399     94.7872    -7.58224    -7.58371           0
-0 -0  1
0
   0.900005    0.100073 4.07409e-05
-0.00807437   0.0186125     185.241           0           0           0
0 0 1
5
    0.599999        -0.25 -1.37224e-07
 0.0141973 -0.0126032    350.269   -28.0216   -28.0215          0
0 0 1
4
4
  0.199997  0.0500449 6.8098e-05
-0.000114534 -0.000123437      157.272      5.92974     -1.98683            0
-0 -0  1
0
   0.900005    0.100084 4.67002e-05
-5.96123e-05 -0.000170127      158.959            0            0            0
0 0 1
5
   0.600001   -0.250014 8.21692e-07
-5.52689e-05  0.000176309      156.287      5.92974     -1.98683            0
0 0 1
1
     1.49998    -0.300002 -6.32545e-06
-5.34636e-05 -4.46745e-06      157.779            0            0            0
-0 -0  1
3
4
   0.200003   0.0500501 6.80337e-05
-0.000293081  0.000182791      200.607      2.14264     -14.5598            0
-0 -0  1
0
   0.900013    0.100093 5.29374e-05
-5.88474e-05  1.32093e-05      210.906            0            0            0
0 0 1
1
        1.5   -0.300002 1.06862e-05
 0.000440908 -6.93345e-05      218.785            0            0            0
-0 -0  1
4
4
   0.200008   0.0500528 6.51052e-05
0.00563111 -0.0127078    131.884    10.5517   -10.5497          0
-0 -0  1
0
   0.900017    0.100091 5.37005e-05
-0.000564432   -0.0087454      270.905            0            0            0
0 0 1
1
        1.5    -0.30002 2.43099e-05
 -0.0057183 -0.00748328     148.511           0           0           0
-0 -0  1
5
  0.800002  -0.249997 2.7003e-06
0.000781928   0.0289433     78.9987     6.31991    -6.31988           0
0 0 1
3
4
   0.200013   0.0500513 7.64933e-05
 0.0213267 -0.0749742    313.635    25.0935   -25.0882          0
-0 -0  1
1
        1.5   -0.300016 3.95098e-05
-0.0329461 -0.0528916    298.998          0          0          0
-0 -0  1
5
   0.799995   -0.250004 1.60696e-05
0.0113685  0.128572   17.6658   1.41325  -1.41327         0
0 0 1
4
4
   0.200013   0.0500509 7.87127e-05
-0.000122431  3.32433e-05      155.783     -1.50438     -2.23616            0
-0 -0  1
1
        1.5   -0.300017 4.05359e-05
-1.70209e-05  5.02325e-05      159.217            0            0            0
-0 -0  1
5
   0.799994   -0.250005 1.77693e-05
3.10257e-05 -2.4091e-05     157.576    -1.50438    -2.23616           0
0 0 1
0
        1.1    0.100005 2.03562e-06
 4.61712e-05 -3.05859e-05      157.721            0            0            0
0 0 1
3
4
   0.200005   0.0500492 8.84966e-05
-0.00637581  -0.0110936     74.4317     5.95506    -5.95402           0
-0 -0  1
5
   0.799994   -0.250009 2.04652e-05
-0.0140554  0.0164132    119.811    9.58464   -9.58507          0
0 0 1
0
    1.09999    0.100019 4.26338e-06
  0.0203124 -0.00513044     436.055           0           0           0
0 0 1
4
4
    0.20001   0.0500513 8.69223e-05
9.28439e-05   -0.023036     112.338     8.98765    -8.98637           0
-0 -0  1
5
   0.799998   -0.250006 2.23152e-05
 6.44355e-13  4.05689e-13 -1.56695e-12 -3.29181e-13 -1.12976e-12            0
0 0 1
0
        1.1     0.10002 6.55479e-06
0.0194258 0.0453276   406.328         0         0         0
0 0 1
1
  1.70001 -0.300016 1.936e-05
-0.0192963 -0.0221848    111.632          0          0          0
0 0 1
3
5
        0.8   -0.250004 2.76167e-05
 0.00138851 -0.00067643     247.506      19.801        19.8           0
0 0 1
0
    1.10001    0.100015 1.54619e-05
-0.00187804  0.00210282     298.763           0           0           0
0 0 1
1
    1.70001   -0.300038 2.91211e-05
 0.00042525 -0.00177449     84.0291           0           0           0
0 0 1
4
5
  0.800005  -0.250001 2.9698e-05
-1.39003e-05  1.22709e-05      156.927     -4.86198     -6.88424            0
0 0 1
0
    1.10002    0.100013 1.77392e-05
  0.00014427 -0.000110881       157.29            0            0            0
0 0 1
1
    1.70002    -0.30006 5.00998e-05
-0.000165199 -8.35583e-05      163.366            0            0            0
0 0 1
4
    0.400005    0.0500014 -1.91138e-06
 0.000268713 -5.47379e-05      152.715     -4.86198     -6.88424            0
-0 -0  1
3
5
   0.800003   -0.250005 2.99157e-05
-5.27396e-05 -0.000176454      206.456      16.2738     -13.7225            0
0 0 1
1
    1.70002   -0.300021 3.96268e-05
-0.000145125  0.000401037      217.992            0            0            0
0 0 1
4
    0.400004     0.049996 -1.84669e-06
0.000137949 1.35462e-05     205.849     16.2738    -13.7225           0
-0 -0  1
4
5
   0.800003   -0.250006 3.00076e-05
-1.65145e-05 -5.82931e-06      157.625    -0.843623    -0.305166            0
0 0 1
1
    1.70002   -0.300037 4.56694e-05
-2.55858e-05 -6.98223e-05      157.942            0            0            0
0 0 1
4
    0.400004    0.0499958 -1.77841e-06
1.89203e-05 1.66818e-06     157.249   -0.843623   -0.305166           0
-0 -0  1
0
    1.30001   0.0999946 4.39923e-06
 2.13241e-05 -7.03245e-05      157.482            0            0            0
-0 -0  1
3
5
   0.799997   -0.250018 3.16813e-05
0.00259409 0.00168231    316.096    25.2892    25.2861          0
0 0 1
1
    1.70001   -0.300022 3.49651e-05
  0.0019478 -0.00192527     103.387           0           0           0
0 0 1
0
        1.3    0.099992 2.18873e-06
-0.00471442 0.000214776     210.814           0           0           0
-0 -0  1
4
5
   0.799992   -0.250002 4.66854e-05
-0.000176831 -6.47856e-06      155.351     -1.20116     -8.01296            0
0 0 1
1
    1.70001   -0.300059 5.53948e-05
-0.000256346 -0.000170911      162.623            0            0            0
0 0 1
0
       1.3  0.0999966 8.5754e-06
 0.000196556 -0.000149418      158.937            0            0            0
-0 -0  1
4
    0.600007    0.0499928 -2.64915e-06
 0.000276781 -2.68758e-05      153.388     -1.20116     -8.01296            0
-0 -0  1
3
5
    0.79999   -0.250002 4.89791e-05
 0.00321916 -0.00521524     160.703     12.8555    -12.8569           0
0 0 1
1
    1.70002   -0.300085 6.82101e-05
 -0.0033715 0.000947083     239.509           0           0           0
0 0 1
4
   0.600008    0.049992 1.82435e-07
0.00019734   0.004042    230.085    18.4066   -18.4071          0
-0 -0  1
4
5
   0.799984   -0.249999 5.34525e-05
-3.15317e-05 -1.05908e-05      157.047      1.05694     -1.05465            0
0 0 1
1
    1.70002   -0.300084 6.96778e-05
-4.74223e-05 -5.79019e-06      157.943            0            0            0
0 0 1
4
   0.600013   0.0499946 1.05196e-06
1.64167e-05 3.99165e-05     157.153     1.05694    -1.05465           0
-0 -0  1
0
        1.5    0.100002 1.13381e-06
1.51108e-05 6.17784e-05     158.155           0           0           0
-0 -0  1
3
1
    1.70002   -0.300084 7.08789e-05
0.00172369 0.00672337    223.576          0          0          0
0 0 1
4
   0.600018   0.0499966 1.72037e-06
-0.00144561  0.00222321     268.171    -21.4532     21.4542           0
-0 -0  1
0
    1.49999    0.100003 2.13874e-06
-0.000335665  -0.00891471      138.551            0            0            0
-0 -0  1
4
1
    1.70002   -0.300086 7.47712e-05
  0.0001219 8.16295e-05     156.584           0           0           0
0 0 1
4
   0.600022   0.0499933 6.86134e-07
-5.57976e-05  3.04777e-05      158.981     -2.42453      2.95045            0
-0 -0  1
0
    1.49999    0.100012 6.83455e-06
-3.18153e-05 -5.97229e-05      156.204            0            0            0
-0 -0  1
5
   0.999998   -0.249997 5.67175e-06
-7.61239e-05  -4.1481e-06      158.528     -2.42453      2.95045            0
-0 -0  1
3
1
    1.70003   -0.300107 8.43478e-05
  0.0211958 -0.00494406     42.8269           0           0           0
0 0 1
0
    1.49999    0.099995 1.66534e-05
 -0.00774496 -0.000667356      153.624            0            0            0
-0 -0  1
5
   0.999989   -0.249998 6.53242e-06
-0.0138247 0.00528566    433.847    25.3822    34.7105          0
-0 -0  1
4
1
    1.70003   -0.300109 8.43568e-05
  0.00338168 -0.000315793      127.161            0            0            0
0 0 1
0
    1.49999   0.0999822 1.78366e-05
-0.000252999 -0.000710547      135.717            0            0            0
-0 -0  1
5
   0.999989   -0.249998 6.53717e-06
-0.00154474 0.000219904     178.821     -12.869     14.3043           0
-0 -0  1
4
        0.8        0.05 1.21706e-08
-0.00160992 0.000721895     188.599    -12.8749      15.088           0
-0 -0  1
3
1
    1.70002    -0.30011 8.43717e-05
 0.000385011 -0.000190967      205.839            0            0            0
0 0 1
5
   0.999989   -0.249998 6.54129e-06
-9.1617e-05 9.26108e-05     210.309     8.97698     5.74213           0
-0 -0  1
4
        0.8        0.05 2.21611e-08
-0.000306943  3.25442e-05       214.15      8.97698      5.74213            0
-0 -0  1
4
1
   1.70003  -0.300108 8.8447e-05
0.00195106 0.00014008     144.79          0          0          0
0 0 1
5
   0.999991   -0.249997 6.58523e-06
-0.000702881  0.000153131      170.034     -8.83885      13.6018            0
-0 -0  1
4
    0.800003    0.0499983 -4.88398e-07
-0.000733009   0.00035765       174.22     -8.84108      13.9376            0
-0 -0  1
0
        1.7    0.100015 5.53283e-06
-0.000455091 -0.000592935      141.254            0            0            0
-0 -0  1
3
1
    1.70001   -0.300111 0.000107023
0.00759089 -0.0388662    65.4077          0          0          0
0 0 1
5
         1  -0.249966 4.8918e-06
0.00342422 0.00655547      198.7    15.8945    15.8974          0
-0 -0  1
0
        1.7     0.10001 1.16465e-05
-0.0110805  0.0328303     366.19          0          0          0
-0 -0  1
4
0
    1.69999    0.100002 1.24677e-06
-0.000252402  0.000274102       200.51            0            0            0
-0 -0  1
1
    1.69999   -0.299999 6.65117e-07
0.000195389 0.000275871     199.294           0           0           0
0 0 1
4
   0.999994   0.0500011 3.16951e-06
-0.000430715  -0.00038876        115.7       3.0413     -9.25602            0
-0 -0  1
5
   0.999994   -0.249999 2.46368e-06
-5.25017e-05 -0.000395777      114.794      3.04136      -9.1835            0
-0 -0  1
