4
0
    0.699984     0.100015 -5.36576e-08
0.000670656 -0.00101999     197.868           0           0           0
0 0 1
1
    0.699995    -0.299988 -4.54467e-06
7.71211e-05 -0.00100949     196.931           0           0           0
-0 -0  1
4
-1.16295e-05 -9.20368e-06  4.82732e-06
-4.51133e-05  0.000984798      117.982      2.33797     -9.43837            0
0 0 1
5
-5.55721e-06    -0.200009  5.16095e-06
-0.000681834   0.00104507      117.516      2.33799     -9.40113            0
-0 -0  1
3
0
    0.699984     0.100015 -5.36576e-08
-2.18492e-05 -5.88991e-06      233.858            0            0            0
0 0 1
1
    0.699995    -0.299988 -4.54467e-06
-7.34667e-05  0.000503134       188.52            0            0            0
-0 -0  1
5
-5.55721e-06    -0.200009  5.16095e-06
 9.52386e-05 -0.000478691      207.919      16.6335     0.465374            0
-0 -0  1
4
0
   0.699988    0.100012 4.01027e-06
 0.00335627 -0.00526147     199.053           0           0           0
0 0 1
1
   0.699998   -0.299995 2.88395e-06
-0.00321319 -0.00526632     200.716           0           0           0
-0 -0  1
5
-1.74317e-06     -0.20002  7.01422e-06
-0.00210018  0.00762841     99.7723    -4.16643    -7.98208           0
-0 -0  1
4
   0.199991   0.0500275 1.07526e-05
0.00202785 0.00298746    130.757   -4.15911   -10.4606          0
-0 -0  1
3
0
   0.700006   0.0999931 4.95626e-05
   0.0247 -0.100127   326.174         0         0         0
0 0 1
5
3.27561e-06   -0.200015 4.93838e-05
-0.0277719     0.0519    296.364   -23.7071   -23.7111          0
-0 -0  1
4
   0.199983   0.0500246 7.28288e-05
0.00328973  0.0466658    7.76231  -0.620972  -0.620997          0
-0 -0  1
4
0
   0.700024   0.0999961 6.58288e-05
-0.00063283 0.000617677     155.691           0           0           0
0 0 1
5
4.35967e-06   -0.200011 6.11888e-05
0.000303161 -0.00166391     162.001     4.60742     10.9895           0
-0 -0  1
4
  0.199975  0.0500228 9.4965e-05
-0.000148233  -0.00116166      160.956      4.60742      10.9895            0
-0 -0  1
1
   0.899954   -0.300057 1.36577e-05
0.000109951  0.00151579      151.65           0           0           0
-0 -0  1
3
5
5.47964e-06    -0.20001 7.03433e-05
-0.00264697   0.0149642     185.969     14.8788    -14.8763           0
-0 -0  1
4
    0.19997   0.0500215 0.000111899
 0.00710653 -0.00471719     258.598     20.6878     -20.688           0
-0 -0  1
1
   0.899918     -0.3001 2.38261e-05
-0.00473853  -0.0107506     185.731           0           0           0
-0 -0  1
4
5
5.61947e-06    -0.20001 7.15105e-05
 0.000432455 -0.000195254      168.772      2.77585       13.502            0
-0 -0  1
4
    0.19997   0.0500216 0.000113157
  0.00135224 -0.000286493      165.025      2.77507       13.202            0
-0 -0  1
1
   0.899917   -0.300105 2.62424e-05
-0.00056414 0.000164917     147.696           0           0           0
-0 -0  1
0
   0.900001   0.0999975 1.42787e-06
-0.00123667 0.000233805     148.805           0           0           0
0 0 1
3
4
   0.199968   0.0500299 0.000118301
-0.00960678  0.00900573     129.179    -10.3346     -10.334           0
-0 -0  1
1
   0.899903   -0.300119 2.90154e-05
 0.0163656 0.00282079    372.685          0          0          0
-0 -0  1
0
   0.90001   0.100007 4.9826e-06
-0.00678174  -0.0118436     128.434           0           0           0
0 0 1
4
4
   0.199972   0.0500314 0.000117012
-1.33617e-12 -8.96123e-13  1.62502e-13 -3.43635e-13 -5.23227e-13            0
-0 -0  1
1
   0.899891   -0.300132 3.68259e-05
-0.0127705 0.00300454    353.026          0          0          0
-0 -0  1
0
        0.9    0.100029 1.43436e-05
 0.00176489 -0.00131949     276.133           0           0           0
0 0 1
5
    0.200003    -0.249999 -1.51863e-06
  0.0107883 -0.00158176     1.13929  -0.0911442  -0.0911423           0
0 0 1
3
4
   0.199973   0.0500436 0.000117238
-0.00277276  0.00112573     200.153    -12.5869    -16.0117           0
-0 -0  1
0
   0.899988    0.100042 1.43627e-05
   0.0011403 -0.000592702      226.238            0            0            0
0 0 1
5
    0.200004    -0.249991 -1.86976e-06
  0.00159792 -0.000259779      203.907     -12.5877     -16.3124            0
0 0 1
4
4
   0.199973   0.0500449 0.000117472
 0.000730484 -0.000766888      162.375      10.5805      8.03295            0
-0 -0  1
0
   0.899988    0.100042 1.44824e-05
-8.06826e-05  9.68172e-05      157.281            0            0            0
0 0 1
5
    0.200004    -0.249991 -1.87088e-06
-0.000325041  0.000495803        159.2      10.5805      8.03295            0
0 0 1
1
        1.1   -0.300001 3.07501e-07
-0.000323686   0.00018223      151.441            0            0            0
0 0 1
3
4
  0.199972  0.0500463 0.00011773
0.00206283 -0.0422347    318.292    25.4622   -25.4645          0
-0 -0  1
5
    0.200004    -0.249991 -1.87502e-06
0.00311718  0.0533278    92.5666    7.40525   -7.40541          0
0 0 1
1
        1.1   -0.300002 5.67343e-07
-0.00513323  -0.0109523     219.439           0           0           0
0 0 1
4
4
   0.199973   0.0500464 0.000117675
0.00135764 -0.0028749    168.857    13.5089    7.72954          0
-0 -0  1
5
   0.200005   -0.249991 -1.9204e-06
-0.00063624  0.00250806     155.732     12.4586     7.72859           0
0 0 1
1
        1.1   -0.300002 5.96927e-07
-0.000869235  0.000175558       144.05            0            0            0
0 0 1
0
         1.1          0.1 -4.24927e-08
0.000154082 0.000203708     161.659           0           0           0
0 0 1
3
4
  0.199973  0.0500465 0.00011763
  0.0133586 -0.00349922     313.872    -14.3983     25.1103           0
-0 -0  1
1
        1.1   -0.300002 6.12183e-07
-0.00530239  0.00175494     161.091           0           0           0
0 0 1
0
         1.1          0.1 -7.72188e-08
-0.0080769 0.00174502    155.334          0          0          0
0 0 1
4
4
   0.199981   0.0500329 0.000127843
 0.00227093 -0.00750473     181.824     14.5459    -1.22075           0
-0 -0  1
1
    1.09999   -0.299999 1.29357e-06
-0.00258809 0.000519057     126.366           0           0           0
0 0 1
0
    1.09999    0.100011 1.56796e-06
 0.00152133 0.000482245     180.058           0           0           0
0 0 1
5
   0.400001       -0.25 5.93057e-06
-0.00144661   0.0066058      142.05      11.364    -1.22465           0
-0 -0  1
3
1
    1.09999   -0.299997 3.18411e-06
-0.0018014 0.00505805    38.4693          0          0          0
0 0 1
0
    1.09999    0.100017 4.49364e-06
-0.00491808  0.00439187      241.95           0           0           0
0 0 1
5
   0.399995   -0.249997 9.96422e-06
 0.00670907 -0.00867621     349.878     27.9899     27.9907           0
-0 -0  1
4
1
    1.09999   -0.299996 2.62424e-06
-0.000294108 -8.33732e-05      142.096            0            0            0
0 0 1
0
    1.09998     0.10002 4.54298e-06
 -9.5798e-05 -7.84174e-05      141.063            0            0            0
0 0 1
5
   0.400001       -0.25 1.15222e-05
0.000301653 1.68823e-05     173.954    -2.58111     13.9163           0
-0 -0  1
4
   0.399986   0.0499926 2.45574e-06
9.36306e-06 0.000144068     173.185    -2.58172     13.8548           0
-0 -0  1
3
1
    1.09999   -0.299995 2.20919e-06
 -0.0055307 -0.00388586     216.903           0           0           0
0 0 1
0
    1.09998    0.100022 4.57382e-06
0.000213965 -0.00299324     65.9243           0           0           0
0 0 1
4
   0.399974   0.0499866 4.24014e-06
0.00521524 0.00681274     347.47   -27.7974    27.7978          0
-0 -0  1
4
1
    1.09999   -0.299996 2.05894e-06
-2.34095e-05 -9.62387e-06      154.899            0            0            0
0 0 1
0
    1.09998    0.100023 4.51958e-06
 1.06138e-05 -8.12359e-06      154.656            0            0            0
0 0 1
4
   0.399973   0.0499867 4.51405e-06
9.17594e-06 1.12676e-05     161.212   -0.609606      9.3229           0
-0 -0  1
5
    0.599999        -0.25 -3.88259e-08
-4.15816e-05  2.95018e-06       159.53    -0.609606       9.3229            0
0 0 1
3
0
   1.09998   0.100024 4.5113e-06
-0.000878355  0.000177936      211.534            0            0            0
0 0 1
4
   0.399973   0.0499867 4.73139e-06
 0.00119086 0.000468381     176.956    -14.1565    -14.1565           0
-0 -0  1
5
    0.599998        -0.25 -6.97833e-08
-0.000333264 -0.000676283      241.808     -19.3445     -19.3447            0
0 0 1
4
0
    1.09998    0.100025 4.96165e-06
 4.04506e-05 -3.69027e-05      156.229            0            0            0
0 0 1
4
   0.399973   0.0499867 4.74125e-06
  3.309e-05 3.84439e-05     162.501     4.90955     9.31042           0
-0 -0  1
5
    0.599998        -0.25 -6.68966e-08
-4.35017e-05  4.08288e-05      159.165      4.90955      9.31042            0
0 0 1
1
        1.3        -0.3 8.82935e-07
 -3.9963e-05 -3.80984e-05      152.403            0            0            0
-0 -0  1
3
4
   0.399973   0.0499867 4.74904e-06
 0.00242145 -0.00593116      281.95     22.5559     -22.556           0
-0 -0  1
5
    0.599998        -0.25 -6.49948e-08
-0.00107398 -0.00139053     123.146     9.85171    -9.85161           0
0 0 1
1
        1.3        -0.3 1.53604e-06
-0.00130094  0.00744919     225.202           0           0           0
-0 -0  1
4
4
   0.399972   0.0499867 5.02462e-06
0.000114835 0.000232936     164.023     8.18749     10.4413           0
-0 -0  1
5
    0.599999        -0.25 -3.51769e-08
-9.1963e-05   0.0001717     159.479     8.18749     10.4413           0
0 0 1
1
        1.3        -0.3 1.45971e-06
-0.000102017 -0.000199813       151.76            0            0            0
-0 -0  1
0
         1.3     0.100001 -1.28425e-07
 8.66997e-05 -0.000186809      155.035            0            0            0
-0 -0  1
3
4
   0.399972   0.0499866 5.35147e-06
-0.000352801  -0.00178209      187.398     -13.8247     -14.9919            0
-0 -0  1
5
  0.600001  -0.250001 7.6506e-09
  0.00108518 -0.000898255      203.902     -13.8249     -16.3123            0
0 0 1
0
        1.3    0.100001 -2.7614e-07
-0.000712351   0.00269262      238.998            0            0            0
-0 -0  1
4
4
        0.4   0.0500165 1.74066e-05
-7.52398e-05  0.000415924      161.011      -3.9773      7.33281            0
-0 -0  1
5
   0.599973   -0.249993 3.51754e-05
-0.000241705  0.000288788      160.738      -3.9773      7.33281            0
0 0 1
0
    1.29999   0.0999795 4.85214e-06
-0.000117877 -0.000524249      154.213            0            0            0
-0 -0  1
1
    1.49996   -0.300063 8.74183e-06
-0.000485065 -0.000706586      154.337            0            0            0
-0 -0  1
3
5
   0.599972   -0.249995 4.25247e-05
 0.00542659 0.000582809     359.602      16.915     28.7689           0
0 0 1
0
    1.29998   0.0999924 1.37699e-05
 -0.00269566 -8.91862e-05       164.76            0            0            0
-0 -0  1
1
    1.49996   -0.300064 1.68194e-05
 -0.00288058 -0.000630028      105.936            0            0            0
-0 -0  1
4
5
   0.599971   -0.249994 4.32436e-05
0.000286944 0.000119476     163.143    -3.65784     12.5499           0
0 0 1
0
    1.29998    0.099992 1.39294e-05
-4.84945e-05 -5.26614e-05      153.078            0            0            0
-0 -0  1
1
    1.49996   -0.300066 1.75355e-05
-4.03353e-05  -5.8015e-05      152.031            0            0            0
-0 -0  1
4
        0.6   0.0499996 1.90424e-07
-0.000225554 -3.80084e-05      162.045     -3.65784      12.5499            0
-0 -0  1
3
0
    1.29998   0.0999917 1.40478e-05
-0.000484894  0.000752378      65.8633            0            0            0
-0 -0  1
1
   1.49996  -0.300067 1.8051e-05
0.00107502 0.00309899    222.444          0          0          0
-0 -0  1
4
        0.6   0.0499994 3.38165e-07
-0.000655026  -0.00396122      341.991     -27.3586      27.3599            0
-0 -0  1
4
0
    1.29998   0.0999935 1.53601e-05
0.000192082 6.53586e-05     140.235           0           0           0
-0 -0  1
1
    1.49996   -0.300066 1.86153e-05
5.23262e-05 0.000125464     156.207           0           0           0
-0 -0  1
4
        0.6   0.0499971 3.36249e-07
 0.00018433 7.79322e-05     161.546    -12.9234     12.9241           0
-0 -0  1
5
   0.800005   -0.250007 1.08781e-07
-0.000363731 -0.000294398      172.309     -13.7847      13.7848            0
0 0 1
3
0
    1.29998   0.0999951 1.64876e-05
-0.00268425 -0.00610222     205.606           0           0           0
-0 -0  1
4
        0.6   0.0499951 3.30058e-07
0.00878488 0.00753536     83.027   -6.64235   -6.64198          0
-0 -0  1
5
  0.800009  -0.250013 1.8708e-07
 -0.0059834 -0.00155961     341.665    -27.3333    -27.3331           0
0 0 1
4
0
       1.3   0.099998 2.5283e-05
-0.0135788 -0.0170073    393.785          0          0          0
-0 -0  1
4
    0.600023    0.0499862 -1.15252e-05
0.00416472 0.00656155    169.583    13.5666   -13.5667          0
-0 -0  1
5
    0.800036    -0.250017 -6.66058e-06
 4.22635e-13  5.12664e-13 -2.78113e-12  2.28596e-12 -2.22836e-12            0
0 0 1
1
  1.70003 -0.299993 2.051e-05
0.0102765 0.0107504   66.9309         0         0         0
0 0 1
3
0
    1.29999    0.100008 3.45021e-05
-0.00491586  -0.0149862     446.627           0           0           0
-0 -0  1
5
   0.800032   -0.250014 1.81397e-06
-0.00237763  0.00909921     155.994     12.4797    -8.88082           0
0 0 1
1
    1.70003   -0.299992 2.60107e-05
0.00728695 0.00611133    27.6769          0          0          0
0 0 1
4
0
    1.29999    0.100009 3.59133e-05
-0.00423765 -0.00545515     234.153           0           0           0
-0 -0  1
5
    0.80003   -0.250013 3.97147e-06
0.000356371  0.00300285     67.0657     5.36537    -5.36514           0
0 0 1
1
    1.70003   -0.299992 2.61021e-05
0.00149007 0.00221571    154.951          0          0          0
0 0 1
4
         0.8    0.0499996 -2.45493e-07
 0.00240686 0.000327602     174.127       13.93    -13.9303           0
-0 -0  1
3
5
    0.80004   -0.250021 1.07032e-05
-0.00117298  0.00171731     119.492     9.56003    -9.55861           0
0 0 1
1
    1.70002    -0.29999 3.75912e-05
-0.00157257 -0.00155878     223.626           0           0           0
0 0 1
4
        0.8   0.0499909 3.16277e-06
 0.00257743 0.000221882     287.181     22.9754    -22.9735           0
-0 -0  1
4
5
    0.80004   -0.250021 1.06995e-05
-0.00024711 0.000135946     164.304     1.67113     13.1444           0
0 0 1
1
    1.70004   -0.299989 6.14265e-05
 0.000631386 -0.000146755      148.556            0            0            0
0 0 1
4
        0.8   0.0499909 3.15474e-06
-0.000278083  0.000118583      164.802        1.671      13.1843            0
-0 -0  1
0
    1.50002    0.100011 1.46427e-05
-8.53437e-05 -2.79535e-05      152.636            0            0            0
-0 -0  1
3
1
    1.70006   -0.300036 0.000112551
-0.00638801   0.0241902     322.911           0           0           0
0 0 1
4
    0.800033    0.0499423 -4.72953e-06
-0.00650022 0.000402017     306.617    -24.5325     24.5262           0
-0 -0  1
0
    1.50003    0.100023 3.89574e-05
 0.0133326 -0.0252089   0.770877          0          0          0
-0 -0  1
4
1
    1.70007   -0.300022 0.000133758
-0.00167288  0.00360681     173.364           0           0           0
0 0 1
4
   0.800042   0.0499382 1.39473e-05
0.000977005 0.000458061     148.124    -11.8512      10.325           0
-0 -0  1
0
    1.50002    0.100063 7.22212e-05
 0.00290597 -0.00143925     125.672           0           0           0
-0 -0  1
5
          1   -0.250005 1.38678e-05
-0.00236859 -0.00220482     183.139    -14.6512     10.3113           0
-0 -0  1
3
1
    1.70007   -0.300011 0.000151014
 0.0187983 0.00116436    110.195          0          0          0
0 0 1
0
    1.50002    0.100097 9.93422e-05
 0.00154311 0.000479227     171.695           0           0           0
-0 -0  1
5
    1.00001   -0.250009 2.52451e-05
 -0.0205175 -0.00127855     348.408   -0.416514     27.8727           0
-0 -0  1
4
1
    1.70007   -0.300013 0.000153648
0.000189736 0.000171995     156.991           0           0           0
0 0 1
0
   1.50002   0.100101 0.00010381
 0.000487079 -4.42656e-06      154.381            0            0            0
-0 -0  1
5
          1   -0.250011 2.90316e-05
-0.000518072  3.60443e-05      160.913     -9.66897      6.29256            0
-0 -0  1
4
          1   0.0500009 5.31424e-06
-0.000209211 -0.000193272      158.012     -9.66897      6.29256            0
-0 -0  1
3
1
    1.70004    -0.30008 0.000174695
-0.000940838 -0.000736443      213.927            0            0            0
0 0 1
5
          1   -0.250018 7.99135e-05
 8.54526e-05 -0.000412708      206.518       11.113     -11.3785            0
-0 -0  1
4
          1    0.050001 3.54126e-05
0.000279127 8.18322e-05     209.853      11.113    -11.3785           0
-0 -0  1
4
0
    1.69999    0.100002 1.24677e-06
-0.00020466 0.000390473      200.51           0           0           0
-0 -0  1
1
    1.69999   -0.299999 6.65117e-07
0.000387857 0.000392241     199.293           0           0           0
0 0 1
4
   0.999994   0.0500011 3.16951e-06
-0.000364879 -0.000525661      115.701      3.04133     -9.25605            0
-0 -0  1
5
   0.999994   -0.249999 2.46368e-06
 0.000121878 -0.000532677      114.794      3.04139     -9.18353            0
-0 -0  1
