4
0
    0.699984     0.100015 -5.36576e-08
0.000670656 -0.00101999     197.868           0           0           0
0 0 1
1
    0.699995    -0.299988 -4.54467e-06
7.71211e-05 -0.00100949     196.931           0           0           0
-0 -0  1
4
-1.16295e-05 -9.20368e-06  4.82732e-06
-4.51133e-05  0.000984798      117.982      2.33797     -9.43837            0
0 0 1
5
-5.55721e-06    -0.200009  5.16095e-06
-0.000681834   0.00104507      117.516      2.33799     -9.40113            0
-0 -0  1
3
0
   0.699982     0.10001 8.96114e-07
-0.0503929  0.0500541    146.303          0          0          0
0 0 1
1
    0.699994    -0.299989 -3.75675e-06
0.0344718 0.0500478   147.067         0         0         0
-0 -0  1
5
-5.40148e-06     -0.20001   6.3409e-06
0.0158601 -0.100352   336.927  -1.90224    26.954         0
-0 -0  1
4
0
   0.699982    0.100012 2.98442e-06
-0.000117428  0.000103502      130.432            0            0            0
0 0 1
1
    0.699994    -0.299995 -1.74738e-06
 6.99444e-05 -0.000455447      177.683            0            0            0
-0 -0  1
5
-7.10879e-06    -0.200011  1.02295e-05
0.000482447 0.000787032     176.022     -14.082     2.61618           0
-0 -0  1
4
    0.200008    0.0499878 -1.25371e-06
-0.000305286 -0.000797229       146.16     -11.6928      2.61011            0
-0 -0  1
3
0
   0.699982    0.100013 4.71262e-06
0.00216196 0.00356623    3.32294          0          0          0
0 0 1
1
   0.699994        -0.3 6.05664e-08
0.000945046  0.00034685     280.143           0           0           0
-0 -0  1
4
    0.200015    0.0499764 -2.47366e-06
-0.00305911 -0.00434597     346.832     -27.747     27.7461           0
-0 -0  1
4
0
  0.699982   0.100013 5.2261e-06
5.59281e-05 0.000202207     145.092           0           0           0
0 0 1
1
   0.699993        -0.3 3.57396e-07
0.000200085 0.000178209     147.064           0           0           0
-0 -0  1
4
   0.200018   0.0499751 -1.9454e-06
-0.000286249 -0.000325199      168.336     -4.93082      13.4668            0
-0 -0  1
5
   0.200004   -0.250005 7.15952e-07
  0.00012765 -0.000116503      169.806     -4.93136      13.5845            0
0 0 1
3
0
  0.699981   0.100014 5.6818e-06
0.000712467 -0.00050824      176.87           0           0           0
0 0 1
4
    0.200021     0.049974 -1.48151e-06
 1.44714e-05 -0.000836004      195.323     -15.6256     -15.3711            0
-0 -0  1
5
   0.200007    -0.25001 1.36302e-06
-0.000633982   0.00125535      258.105     -20.6485     -15.3752            0
0 0 1
4
0
   0.699976     0.10002 1.05851e-05
3.62394e-05 0.000142379     153.941           0           0           0
0 0 1
4
   0.200041   0.0499788 2.39516e-06
-8.84119e-05 -0.000284506      162.542    -0.919673      13.0033            0
-0 -0  1
5
   0.200029   -0.250032 6.69026e-06
0.000234174 -0.00021648     162.816   -0.919754     13.0253           0
0 0 1
1
   0.899996   -0.299998 1.35459e-06
0.000204406 0.000294345     150.999           0           0           0
-0 -0  1
3
0
    0.69997    0.100026 1.52685e-05
0.00419669 0.00570182    81.7636          0          0          0
0 0 1
4
   0.200059   0.0499835 6.21482e-06
-0.00624746  -0.0066642     343.227    -27.4585     27.4578           0
-0 -0  1
1
   0.899993   -0.299996 2.58125e-06
 0.00231732 0.000843704     205.307           0           0           0
-0 -0  1
4
0
    0.69996    0.100068 3.55829e-05
-0.000197217   0.00020557      156.449            0            0            0
0 0 1
4
   0.200054   0.0499817 1.89909e-05
-0.000192941  2.08131e-05      156.877     -5.39031     0.317903            0
-0 -0  1
1
   0.899999    -0.29999 1.43715e-05
-0.000127677  0.000129378      158.541            0            0            0
-0 -0  1
5
  0.399998      -0.25 8.8835e-06
-0.000138954  4.45612e-06      158.431     -5.39031     0.317903            0
-0 -0  1
3
4
    0.20005     0.04998 2.97338e-05
-0.000328308 -7.47503e-05      209.084      15.8882     -14.8587            0
-0 -0  1
1
   0.900004   -0.299986 2.41692e-05
-0.000157958  0.000189001      213.925            0            0            0
-0 -0  1
5
   0.399997       -0.25 1.62752e-05
-5.31848e-05  0.000189169      207.289      15.8882     -14.8587            0
-0 -0  1
4
4
  0.200057  0.0499821 3.3755e-05
-1.51274e-05  2.28326e-05       159.24     -1.80707      4.84231            0
-0 -0  1
1
   0.900004   -0.299982 2.77314e-05
-6.83638e-06  8.68681e-05      156.483            0            0            0
-0 -0  1
5
   0.399996       -0.25 2.12011e-05
-4.38083e-05  2.15477e-05      158.814     -1.80707      4.84231            0
-0 -0  1
0
   0.899997    0.100013 8.43503e-06
-0.00014309 5.19974e-05      155.76           0           0           0
0 0 1
3
1
   0.900004   -0.299978 3.06201e-05
 0.00225683 -0.00146515     91.8725           0           0           0
-0 -0  1
5
   0.399996   -0.250001 2.52166e-05
   0.0010221 -0.000735395      346.471       27.717      27.7183            0
-0 -0  1
0
  0.899994   0.100023 1.5237e-05
-0.00351291  0.00238363     191.954           0           0           0
0 0 1
4
1
   0.899994   -0.299956 3.70694e-05
-0.000193634  0.000368024       153.04            0            0            0
-0 -0  1
5
   0.399982    -0.24999 4.20653e-05
-0.000116459  4.97496e-05      162.372    -0.754685      12.9897            0
-0 -0  1
0
   0.899972    0.100078 4.11862e-05
-0.000360515   0.00037112      152.739            0            0            0
0 0 1
4
   0.399986   0.0499944 2.97904e-05
-0.000498748  7.32964e-05      162.147    -0.755335      12.9718            0
-0 -0  1
3
5
   0.399973   -0.249985 5.63286e-05
-0.000758999 -7.67205e-05      238.291     -19.0612     -14.7559            0
-0 -0  1
0
   0.899952    0.100123 6.23966e-05
-0.000556758  0.000167398      191.983            0            0            0
0 0 1
4
  0.399974  0.0499892 5.4615e-05
0.000359642 0.000551379     200.024     -16.002    -14.7717           0
-0 -0  1
4
5
   0.399969    -0.24998 6.53877e-05
  0.00071521 -0.000481473      167.293     -2.80292       13.383            0
-0 -0  1
0
   0.899947    0.100122 6.20695e-05
2.80252e-05 0.000336428     150.606           0           0           0
0 0 1
4
   0.399971   0.0499883 5.75413e-05
 0.000111656 -0.000371117      166.457     -2.80546      13.3166            0
-0 -0  1
1
    1.09999   -0.300007 7.33837e-07
-0.00115268 0.000461027     145.942           0           0           0
0 0 1
3
0
   0.899943    0.100122 6.17795e-05
-0.00359748   0.0165121      63.907           0           0           0
0 0 1
4
    0.39997   0.0499878 5.99748e-05
0.00678865 -0.0111234    356.317    -28.505    28.5057          0
-0 -0  1
1
    1.09999   -0.300013 1.31995e-06
-0.00349808 -0.00552363     210.074           0           0           0
0 0 1
4
0
   0.899943    0.100121 6.27391e-05
0.000101794  0.00049846     153.844           0           0           0
0 0 1
4
   0.399969   0.0499854 6.03403e-05
0.000122402 6.48387e-05     158.612    -12.4289     8.28958           0
-0 -0  1
1
    1.09999   -0.300013 1.56765e-06
-8.21204e-05 -0.000100266      157.159            0            0            0
0 0 1
5
        0.6   -0.250001 1.13576e-08
-0.000135414 -0.000523428      160.682     -12.4289      8.28958            0
0 0 1
3
0
   0.899944     0.10012 6.35694e-05
 -0.00685694 -0.000562292      208.017            0            0            0
0 0 1
4
   0.399968   0.0499835 6.06154e-05
0.00121595  0.0201045    99.2647   -7.94117   -7.94118          0
-0 -0  1
5
        0.6   -0.250001 1.92913e-08
0.00571691 -0.0196728    323.016   -25.8409   -25.8416          0
0 0 1
4
0
   0.899944    0.100118 6.41372e-05
0.000142659 0.000450034     154.374           0           0           0
0 0 1
4
   0.399968   0.0499833 6.09703e-05
 0.000155574 -2.27682e-05      159.819     -11.1113      9.77813            0
-0 -0  1
5
        0.6   -0.250001 2.35181e-07
-0.000175735 -0.000522534      161.197     -11.1113      9.77813            0
0 0 1
1
        1.3        -0.3 1.93849e-07
-0.000132377  8.96949e-05      154.908            0            0            0
-0 -0  1
3
0
   0.899944    0.100117 6.46104e-05
-0.00662279   0.0206215     36.6714           0           0           0
0 0 1
4
   0.399968   0.0499832 6.12826e-05
0.00745429 -0.0106533    329.831   -26.3865    26.3865          0
-0 -0  1
1
      1.3 -0.299999 3.623e-07
-0.000892094   -0.0101188      263.795            0            0            0
-0 -0  1
4
0
   0.899946    0.100118 6.69611e-05
8.62917e-06 0.000417763     155.006           0           0           0
0 0 1
4
   0.399967    0.049982 6.26087e-05
2.28647e-05 1.26425e-05     158.037    -11.6143     4.89821           0
-0 -0  1
1
        1.3   -0.299998 4.31274e-06
-1.44851e-05 -2.61441e-05      157.693            0            0            0
-0 -0  1
5
        0.8       -0.25 4.56439e-07
-6.88314e-05  -0.00042552      159.562     -11.6143      4.89821            0
0 0 1
3
0
   0.899947    0.100118 6.88606e-05
-0.00976517  0.00159569       223.2           0           0           0
0 0 1
4
  0.399967  0.0499811 6.3675e-05
-0.00153235   0.0124851     83.5988     -6.6879    -6.68792           0
-0 -0  1
5
        0.8       -0.25 8.27138e-07
 0.0113218 -0.0141376    323.498   -25.8798   -25.8799          0
0 0 1
4
0
   0.899948    0.100118 6.95784e-05
3.17928e-05 0.000387993     155.352           0           0           0
0 0 1
4
   0.399967   0.0499809 6.37296e-05
3.60836e-05 3.44258e-05     158.016    -11.1068     4.21452           0
-0 -0  1
5
        0.8       -0.25 8.84815e-07
 -5.5618e-05 -0.000432667      159.662     -11.1068      4.21452            0
0 0 1
1
        1.5   -0.299999 4.13029e-06
-1.30787e-05  7.44704e-06      157.267            0            0            0
-0 -0  1
3
4
   0.399967   0.0499827 7.30291e-05
-0.00326772  -0.0472264     309.152     24.7321    -24.7323           0
-0 -0  1
5
  0.799999  -0.250001 8.1374e-06
0.00453856   0.038584      71.19     5.6952   -5.69519          0
0 0 1
1
        1.5   -0.299996 1.37634e-05
  -0.00139 0.00916416    249.956          0          0          0
-0 -0  1
4
4
   0.399968   0.0499834 7.62744e-05
-5.95569e-05 -6.89933e-05      157.434      2.59955    -0.964927            0
-0 -0  1
5
   0.799999   -0.250001 1.16201e-05
-1.11178e-05  8.04801e-05       157.04      2.59955    -0.964927            0
0 0 1
1
        1.5   -0.299993 1.84387e-05
-2.00216e-05  3.02085e-05      157.585            0            0            0
-0 -0  1
0
        1.1    0.100009 5.52348e-06
1.10385e-05 8.23801e-05     158.239           0           0           0
0 0 1
3
5
   0.799998   -0.250001 1.15833e-05
-0.0110329  0.0368885    385.705   -21.4203    30.8565          0
0 0 1
1
        1.5   -0.299993 1.85929e-05
-0.0137675 -0.0405998    36.0069          0          0          0
-0 -0  1
0
        1.1    0.100008 5.72965e-06
 0.0247481 0.00346542    208.586          0          0          0
0 0 1
4
5
  0.799977  -0.250001 1.0678e-05
0.00158342 0.00149688    202.795   -16.2238    16.2234          0
0 0 1
1
     1.49998    -0.299997 -3.57827e-06
-0.000952677 -0.000202539      150.306            0            0            0
-0 -0  1
0
     1.09998     0.100007 -6.33535e-06
 -0.0016227 -0.00114801     110.343           0           0           0
0 0 1
4
   0.599983   0.0499924 2.05013e-06
 0.000319238 -0.000221245      166.853     -13.3485      13.3481            0
-0 -0  1
3
1
    1.49995   -0.300028 1.90665e-05
-0.00311883 -0.00557169     270.746           0           0           0
-0 -0  1
0
    1.09998    0.100042 3.59159e-05
0.00191821  0.0106948    4.08544          0          0          0
0 0 1
4
   0.600002   0.0499888 2.24094e-05
 0.00104865 -0.00556068     355.467    -28.4373     28.4374           0
-0 -0  1
4
1
    1.49997   -0.300045 3.70381e-05
-0.00275619 -0.00262515     278.854           0           0           0
-0 -0  1
0
        1.1    0.100058 3.88789e-05
-0.00601006 -0.00595055     294.646           0           0           0
0 0 1
4
   0.600007   0.0499731 3.29793e-05
 9.25247e-13 -1.22172e-12  8.04683e-13 -2.22799e-13 -1.62398e-13            0
-0 -0  1
5
    1.00001   -0.250013 2.24555e-05
 0.0092394 0.00841783    56.7979    4.54382   -4.54384          0
-0 -0  1
3
1
    1.49997   -0.300051 5.16756e-05
-0.00826943  -0.0019056     328.696           0           0           0
-0 -0  1
4
    0.60001   0.0499697 4.46158e-05
 0.00227151 -0.00612169     209.102     16.7281    -16.7283           0
-0 -0  1
5
    1.00002   -0.250015 4.00499e-05
0.00634266 0.00860758    92.4999    7.39996   -7.40002          0
-0 -0  1
4
1
    1.49997   -0.300051 5.24307e-05
0.00106048 0.00716627    179.532          0          0          0
-0 -0  1
4
    0.60001   0.0499697 4.46163e-05
0.00193918 0.00263266    162.817   -13.0252    13.0255          0
-0 -0  1
5
    1.00002   -0.250015 4.00492e-05
0.00186261 0.00272584    236.856   -18.9483    18.9487          0
-0 -0  1
0
       1.3   0.100001 2.0239e-07
-0.00490089  -0.0125818     51.0923           0           0           0
-0 -0  1
3
1
    1.49997   -0.300066 5.66298e-05
 0.0068006 -0.0081895    62.4028          0          0          0
-0 -0  1
5
    1.00001   -0.250018 4.63555e-05
0.00574832  0.0102395    394.518   -11.5334    31.5616          0
-0 -0  1
0
       1.3  0.0999917 9.7203e-07
 -0.0128122 -0.00255412     173.376           0           0           0
-0 -0  1
4
1
    1.49997   -0.300047 5.84415e-05
0.729911  1.29254  225.251        0        0        0
-0 -0  1
5
          1   -0.250022 5.75285e-05
 0.555282 -0.563835   57.1633   4.57352  -4.57262         0
-0 -0  1
0
    1.29999    0.100018 1.06283e-05
-0.734349  0.566841   277.624         0         0         0
-0 -0  1
4
   0.799981   0.0499609 2.99451e-05
-0.55112 -1.29508    70.26  5.62135 -5.62023        0
-0 -0  1
3
1
    1.49996   -0.300036 8.39146e-05
-0.000118021  0.000673491      214.078            0            0            0
-0 -0  1
5
   0.999995   -0.250022 8.42003e-05
-0.000218452 -0.000297499      208.305      6.86431     -12.2334            0
-0 -0  1
4
   0.799978   0.0499127 4.82687e-05
-0.000360212 -0.000438522      207.917      6.86431     -12.2334            0
-0 -0  1
4
1
    1.49996   -0.300037 8.33746e-05
0.00125125 0.00274478    146.329          0          0          0
-0 -0  1
5
   0.999994   -0.250022 8.42047e-05
0.00475767 0.00317683    201.287   -16.1056    16.1003          0
-0 -0  1
4
   0.799978   0.0499127 4.83929e-05
0.000463545  0.00128907     184.222    -14.7396      14.736           0
-0 -0  1
0
         1.5          0.1 -4.47285e-09
-0.00650544 -0.00723172     98.4597           0           0           0
-0 -0  1
3
1
   1.49996  -0.300037 8.2951e-05
0.00416458 -0.0111428    86.1783          0          0          0
-0 -0  1
5
   0.999994   -0.250022 8.42063e-05
0.0192952 0.0204332    449.01   22.4834   35.9245         0
-0 -0  1
0
         1.5          0.1 -1.12587e-08
 -0.0235731 -0.00928798     95.1096           0           0           0
-0 -0  1
4
1
    1.49996   -0.300036 8.49636e-05
0.000163744 3.47589e-06     156.545           0           0           0
-0 -0  1
5
    1.00002   -0.250041 9.61741e-05
 0.00021898 6.20993e-05     158.747   -0.410833     4.44527           0
-0 -0  1
0
    1.49999    0.100013 4.95798e-06
-0.000148678 -2.93962e-05      156.381            0            0            0
-0 -0  1
4
   0.999998   0.0499994 1.03427e-06
-0.000171524  2.30145e-05      158.624    -0.410833      4.44527            0
-0 -0  1
3
5
    1.00003   -0.250056 0.000108499
-0.00207434   0.0182519     248.834    -19.9038    -19.9097           0
-0 -0  1
0
   1.49998   0.100025 9.3733e-06
-0.00197951  0.00680941     232.618           0           0           0
-0 -0  1
4
    0.999997    0.0499987 -1.47022e-07
0.00414261 -0.0250603    148.846   -11.9077   -11.9077          0
-0 -0  1
4
5
    1.00001   -0.250062 0.000115534
0.000951463  0.00090192     162.797    -12.2376     11.2894           0
-0 -0  1
0
    1.49996    0.100024 3.09446e-06
 -0.00053327 -0.000166539      152.869            0            0            0
-0 -0  1
4
   0.999987   0.0499955 2.17716e-06
-0.000512851 -0.000485315      159.125     -12.2376      11.2894            0
-0 -0  1
1
     1.69999         -0.3 -1.04069e-05
-0.000439622 -0.000208718      155.506            0            0            0
0 0 1
3
5
    1.00001   -0.250062 0.000115537
 2.7541e-05 9.77521e-05     210.352    -1.55956    0.527093           0
-0 -0  1
4
   0.999988   0.0499955 2.18051e-06
-6.83768e-05 -7.90372e-05      209.884     -1.55956     0.527093            0
-0 -0  1
1
     1.69999    -0.300001 -7.69782e-06
-3.13959e-05 -1.00666e-05      210.061            0            0            0
0 0 1
4
0
    1.69999    0.100002 1.24677e-06
-0.000977975  0.000954527      200.514            0            0            0
-0 -0  1
1
    1.69999   -0.299999 6.65117e-07
-0.000419221  0.000956296      199.297            0            0            0
0 0 1
4
   0.999994   0.0500011 3.16951e-06
-0.00114243 9.74893e-05     115.698     3.04076    -9.25587           0
-0 -0  1
5
   0.999994   -0.249999 2.46368e-06
-0.000680993  9.04715e-05      114.792      3.04083     -9.18335            0
-0 -0  1
