    0.31676   0.0052737     1.02108    0.275557   -0.398448    0.476337    0.451829 -0.00224013    0.777137           0   -0.872665    0.261799   -0.886739    0.628499    -1.55895           0   -0.872665   0.0284465   -0.245088   -0.459981   -0.026751     1.46181    0.651841   -0.938342   -0.440012     1.43711    0.608684     1.31983    -2.51539       -2.55       0.292    -2.07792    -1.05425     2.10932
    0.318742   0.00618212      1.02194      3.40219     -2.75775      3.60718     0.457652   -0.0173477     0.790147 -2.30822e-14    -0.872665     0.261799    -0.872728     0.610251      -1.5708  2.18785e-17    -0.872665    0.0252362    -0.318387    -0.393039      0.77209      2.61809    -0.913635    -0.951948     -1.39707    -0.977191     -1.83242     -1.45942     -1.21445        -2.55        0.292        -2.55      1.26259     -0.72807
  0.275057  0.0602965    1.08828  -0.426065  -0.795597   0.315745    1.12741 -0.0852697   0.521974          0  -0.872665   0.261799  -0.281537   0.831254    -1.5708   0.147626  -0.872665 -0.0155653   0.523599  -0.677828  -0.188579    1.18398   0.452331  -0.848077  -0.544602    1.38562   0.818085      1.606   -2.52275   -1.06358      0.292  -0.627755   0.979031  -0.792471
    0.308562    0.0753651      1.09339    -0.714591    -0.399719     0.116494      1.34128    -0.200012      0.94698 -2.70183e-16    -0.872665     0.261799    -0.085577     0.327719      -1.5708     0.137937    -0.872665    -0.109725     0.523599     0.447603      1.08489      3.13061      1.00484    -0.419139     0.639274        1.478      1.06666      1.49678    -0.853803     -1.20784        0.292     -1.22788     0.302352    -0.214442
    0.309727  -0.00162146      1.21692      9.08432     -2.68946      8.90011     0.950011     0.700422       1.5099            0    -0.872665   -0.0424492    -0.427103    0.0569241    -0.725545 -1.74305e-13    -0.872665    -0.261799     0.402433     0.295015       -3.352      2.87088     -2.09289     -1.21637       1.9124     -1.11782        -2.55     -3.35394     -2.63726         2.55     -1.25754     -2.12712     -1.38733         2.55
  0.354672 0.00241839    1.16416   0.647136  -0.131957    0.90808  0.0211641  -0.105787   0.457237 2.1684e-19  -0.808425   0.261799   -1.57061    1.08028    -1.5708   0.214038  -0.872665   0.216434  -0.523599  -0.483798  -0.762507   0.706196    1.38312  -0.704772   -1.80232   0.727886   0.730802     -3.359   -2.56686    2.25691   -1.93544    1.14558      1.508   0.127902
   0.35816 0.00339027    1.15249   0.702383   -0.06569   0.942222 -0.0641492  -0.109032   0.428909          0  -0.799665   0.261799   -1.65806    1.11349    -1.5708   0.160454  -0.823138   0.222463  -0.523599  -0.724933  -0.602434   0.836667    1.86995  -0.843398   -1.74349   0.525387   0.509569   0.764738    -2.8064 -0.0556013  -0.325766   -1.00026    1.46143  -0.603529
   0.35816 0.00339325    1.15249   0.702397 -0.0656887   0.942198 -0.0641598  -0.109013   0.428934          0  -0.799676   0.261799   -1.65806    1.11346    -1.5708   0.160429  -0.823124   0.222456  -0.523599  -0.724874  -0.602484   0.836635    1.86991  -0.843412    -1.7435   0.525397   0.509572   0.764804   -2.80635 -0.0557042  -0.325576   -1.00019    1.46146  -0.603388
 0.333286 0.0289084   1.20092   0.49095  -0.34316   1.31734  0.215978 -0.241219 0.0179963         0   -0.7699  0.261799   -1.3591   1.55334   -1.5708  0.137285 -0.696908  0.261799  -0.21803  -1.11447 -0.668072   0.92515   2.51174 -0.467701 0.0554301 -0.549116  -1.86186   0.80627  -2.77184 0.0471417 -0.555768  -1.04122     1.508 -0.791224
   0.35594  0.0511397    1.21677   -2.52838   -2.92765   -1.97119  0.0711536 -0.0559278   0.186749          0  -0.860103   0.261799   -1.65806    1.38236    -1.4255          0  -0.626161   0.261799  -0.522123   -0.82927  -0.493376   0.569787    1.49978  -0.749684   -1.81076    0.75957   0.824356   -1.58752   -1.13454   0.935364  -0.381541   0.696869    1.39725  -0.547024
  0.274053  0.0573522    1.28643  -0.358855  -0.828634   0.374001    1.09139 -0.0729548   0.475852          0  -0.872665   0.261799  -0.324641   0.891461    -1.5708   0.150917  -0.872665 0.00156762   0.523599  -0.650966  -0.948279   0.930182    1.34313  -0.382181   -2.08351   0.953785   0.913739  -0.903817    -1.3201   0.240833  -0.874896   0.691719    1.49696  -0.612033
  0.274037  0.0572765    1.28638  -0.356967  -0.829388   0.375664    1.09039 -0.0726618   0.474688          0  -0.872665   0.261799  -0.325863      0.893    -1.5708   0.151024  -0.872665 0.00203008   0.523599  -0.653964  -0.945224   0.933792     1.3478  -0.378986   -2.08496   0.952901   0.915755  -0.912952   -1.31206   0.239184  -0.871086    0.70351    1.49387  -0.608689
    0.362808    0.0135601      1.36264     0.664022   -0.0529029     0.867186   -0.0519904    -0.131385     0.498621 -2.45637e-14    -0.821838     0.261799     -1.65806      1.03192      -1.5708     0.255332    -0.872665     0.207072    -0.296111     -0.36122    -0.848978     0.734979      1.66863    -0.569031     -1.86832     0.538937     0.792025     -1.00792     -1.22081    -0.416422     -2.23668      1.21869      1.44207     0.805197
    0.362812    0.0135702      1.36265     0.664029    -0.052895     0.867105   -0.0520025     -0.13136     0.498702 -4.08354e-14    -0.821869     0.261799     -1.65806      1.03182      -1.5708     0.255334    -0.872665     0.207051     -0.29608    -0.360994    -0.849087     0.734844      1.66845    -0.569017     -1.86833     0.538957     0.792125     -1.00806     -1.22077     -0.41659     -2.23675      1.21878      1.44179     0.805445
    0.362463    0.0296156      1.37774     0.682563   -0.0604407     0.728957   -0.0722872   -0.0785595     0.636713 -3.88578e-16    -0.872665     0.261799     -1.64274      0.85111     -1.55545     0.219709    -0.856137     0.156891    -0.387251    -0.507575     -1.19536      1.24935      1.60377     -0.50469      -1.9415     0.698116     0.429506    -0.827667     -1.03049    -0.455364     -2.10258      1.17864        1.508     0.440492
  0.362468  0.0296203    1.37774   0.682555 -0.0603967   0.728941 -0.0723111 -0.0785984   0.636724          0  -0.872665   0.261799   -1.64274   0.851096   -1.55549   0.219717   -0.85613   0.156888  -0.387149  -0.507457   -1.19544     1.2493    1.60378  -0.504666   -1.94144   0.698067   0.429501  -0.827825    -1.0306  -0.455393   -2.10278    1.17874      1.508   0.440821
   0.359118   0.0264576     1.38476    0.632523   -0.107192    0.719496 -0.00355045  -0.0767921    0.642075           0   -0.872665    0.261799    -1.55047    0.844064     -1.5708    0.219031   -0.872665    0.154573   -0.523599   -0.377816    -1.39257     0.97181     1.12068   -0.501109    -1.96785    0.892192    0.536768    -1.09265    -1.39691   -0.163708    -1.27796    0.970176       1.508    0.014233
    0.318735   0.00617611      1.42195     0.260596    -0.383937      0.46557     0.457701   -0.0172594     0.790129 -1.66533e-16    -0.872665     0.261799     -0.87271     0.610293      -1.5708            0    -0.872665    0.0253109   -0.0195724    -0.313266      -1.1192      1.05728      1.27697    -0.562702     -1.82627     0.818094     0.576939     -1.21656    -0.995631     -0.30416      -1.3249      1.35302      1.33107    0.0340159
   0.444618  -0.0388158     1.47268     7.16795   -0.861258     6.46097   0.0889017     1.04856      1.5708   0.0921408   -0.872665   -0.261799    -1.65806    0.243078    -0.82039 4.24812e-19   -0.872665    0.167496   -0.453576    0.231594      -3.352     2.16945     1.04083       0.298    -1.07001   -0.975269    -2.54813    -1.63668   -0.465311    -1.87382    -0.46379     0.32227    -1.10203     2.37017
   0.292359  -0.0579246     1.48812      0.8222   -0.196394    0.162268  -0.0588681   0.0234132     1.23222  0.00467001    -0.79886    0.261799    -1.48368   0.0386073    -1.22153 6.93889e-18   -0.872665   -0.215235   -0.523599   0.0762262   -0.822641     1.09636     1.63052   -0.660019      -1.673     0.61871    0.565217    -1.13338   -0.855667   -0.266767    -1.77614     1.41186     1.43717     0.22301
   0.318747 -0.00618121     1.62194   -0.260665   -0.383864   -0.465634    0.872793    0.610316      1.5708           0   -0.872665  -0.0252696    -0.45761  -0.0173149   -0.790102 1.09921e-18   -0.872665   -0.261799    0.523599   -0.272526    -3.15754     2.51094   -0.141957   -0.994767    -2.36472    0.152842    0.813362    -1.70555   -0.238948       -2.55   -0.287091    -2.03553     1.24736    -1.14674
   0.306595 -0.00484963     1.59788    -8.83253    -2.64846    -8.70658    0.283898    0.183181    0.594686           0   -0.872665    0.261799     -1.2493    0.881512    -1.37862           0    -0.85756    0.102536   -0.523599   -0.463172    -0.61348     1.09838    0.899918    0.117963    -1.80097     1.06183     1.32562   -0.662293   -0.865239  -0.0825263    -0.45693     1.01881     1.29565   -0.958237
 0.327956 0.0059996   1.59588   -5.6906 -0.344279  -5.57509  0.181497 0.0762195  0.630817         0 -0.872665  0.261799  -1.28396   0.84738  -1.50981         0 -0.820732  0.123585 -0.523599 -0.230743  -1.12109  0.973568  0.546288     0.298  -1.84494   1.08879   1.41905 -0.791857   -1.3254 -0.265226 -0.650551  0.967342   1.32628 -0.496367
  0.376882 -0.0212877    1.59536   0.560829  -0.443375   0.762515   0.348731   0.140677    0.63122          0  -0.855524   0.147658    -1.2238    1.02132    -1.5708  0.0413326  -0.872665   0.261799  -0.523599  -0.262047    -1.1131    1.00998    0.52306      0.298   -1.87029    1.07419    1.32908  -0.717388   -1.25429   -0.28885  -0.604471   0.948173    1.34192  -0.501465
  0.362101  0.0224848    1.56788   -36.9783 -0.0472313   -36.9025 -0.0993241 -0.0773689     0.5738  0.0116369  -0.858564   0.261799   -1.65806   0.931798    -1.5708   0.140467  -0.807587   0.177532  -0.523599  -0.754114  -0.446533    1.92196    -1.7196  -0.413232    1.64127   0.776809   0.913439   -2.18952  -0.581502    -0.6063  0.0915733  -0.647998   -1.43588       2.55
   0.353948   0.0226828     1.58592      3.7812    -2.99513     3.86845    0.016769  -0.0427689    0.635372 -2.0027e-13   -0.872665    0.261799    -1.49771    0.850115     -1.5708    0.139838    -0.83999    0.151956   -0.523599   -0.720009       1.603     2.27056    -1.52882   -0.872417    -2.51348    0.512118    0.413323    0.879654    -2.88207    0.568341   -0.419975     1.32124    -1.23123     2.31565
    0.338007   -0.0530476      1.67909     -36.8496   -0.0177192     -37.2224    -0.127121    -0.127248     0.909327 -7.77156e-16    -0.758504     0.261799     -1.54469     0.481813      -1.5708            0    -0.872665    0.0074737    -0.523599    -0.337532    -0.266254      1.68549      -1.9358    -0.363503      1.97852     0.512418      1.16184      1.56445        -3.43         2.55     -1.74422      2.22668     0.779889       0.1221
  0.274117 -0.0553714     1.6851    44.2896  -0.846111    43.5625   0.358179   0.931337     1.5708   0.153895  -0.872665 -0.0142912   -1.06427 -0.0656302  -0.446224          0  -0.872665  -0.261799  -0.523599   0.804891    -1.8216   0.591937    1.93483  -0.520948       2.55    1.04931    1.01026      1.606   -2.11011   0.100279   -0.58223    1.41437  -0.895763    1.75691
  0.299286 -0.0631662    1.68773   -24.3366  -0.114312   -25.0697  0.0323453 -0.0839388    1.32852   0.153433  -0.872665   0.261799   -1.45963 -0.0927978   -1.26022          0  -0.872665  -0.261799  -0.440262   0.105579     -3.352    2.06829    1.38108      0.298    2.33597   0.719351    0.70039    -2.6615  -0.292483   -2.09659  -0.202664   -2.01065    1.44718  -0.413817
   0.29947 -0.0714032    1.69279   -40.1405   -2.70968   -40.9328  0.0335173   0.350712    1.55212          0  -0.803621   0.122537   -1.32688  -0.162814  -0.921189          0  -0.872665  -0.261799  -0.523599   0.569107      1.603    2.34949    2.54005      0.298    2.39461  -0.711696   -1.91088   -2.59897  -0.533058   -1.68684  -0.895099   -2.21909   0.996747  -0.862108
    0.319477   0.00581459      1.81847      9.73986     -2.75025      9.93601     0.416307 -0.000501467     0.754657 -9.27018e-14    -0.872665     0.261799    -0.928944     0.661888      -1.5708            0    -0.865317    0.0456778    -0.523599     0.125968        1.603      2.93959        -2.55        0.298     0.890867     -1.39514     -1.89095     -1.86924     -2.12884         2.55    -0.324903      2.37388    -0.910874      2.14808
   0.345753   0.0172722     1.76988    0.800588   -0.156803    0.778946  -0.0920583   0.0744919    0.612149           0   -0.872665    0.261799    -1.65806    0.879004    -1.45524 1.38778e-17   -0.755623    0.150376   -0.523599   -0.466726    -1.03362    0.942883     2.42329    -0.76958   -0.176609   -0.412744    -1.83965     1.03516    -2.93292     1.49744   -0.286971    0.494087    -1.27075        2.55
    0.31676   0.0052737     1.82108    0.275557   -0.398448    0.476337    0.451829 -0.00224013    0.777137           0   -0.872665    0.261799   -0.886739    0.628499    -1.55895           0   -0.872665   0.0284465   -0.245088   -0.459981   -0.026751     1.46181    0.651841   -0.938342   -0.440012     1.43711    0.608684     1.31983    -2.51539       -2.55       0.292    -2.07792    -1.05425     2.10932
