    0.31676   0.0052737     1.02108    0.275557   -0.398448    0.476337    0.451829 -0.00224013    0.777137           0   -0.872665    0.261799   -0.886739    0.628499    -1.55895           0   -0.872665   0.0284465   -0.245088   -0.459981   -0.026751     1.46181    0.651841   -0.938342   -0.440012     1.43711    0.608684     1.31983    -2.51539       -2.55       0.292    -2.07792    -1.05425     2.10932
    0.318742   0.00618194      1.02194     0.260604    -0.383848     0.465585     0.457651   -0.0173459     0.790144 -3.19189e-16    -0.872665     0.261799     -0.87273     0.610255      -1.5708            0    -0.872665    0.0252382     -0.29135    -0.433763    -0.366599      1.42305      0.45299     -1.01041    -0.603924        1.478     0.495409      1.56227     -2.45779     -1.05962        0.292    -0.824247     0.963537    -0.678325
    0.356204    0.0363464      1.06746        3.376     -2.44577      4.06298      0.71172   -0.0545966     0.345895 -7.74378e-16    -0.872665     0.174091    -0.933113      1.29623      -1.5708     0.249155    -0.872665     0.261799     0.276014     -1.12056     -2.53992      2.14513      0.18836        0.298     0.614418    -0.834868     -2.04513     -1.49498    -0.615791     0.151232    -0.971515      1.42121      1.42406    -0.154113
    0.308549    0.0753636      1.09339    -0.714554    -0.399826     0.116511      1.34124    -0.199992      0.94687 -7.63885e-15    -0.872665     0.261799   -0.0855937     0.327839      -1.5708     0.137921    -0.872665    -0.109716     0.523599      0.44754      1.08691      3.13034      1.01191    -0.417465     0.632462        1.478      1.06509      1.49733    -0.854119     -1.21427        0.292     -1.21963     0.301242     -0.21665
   0.389354   0.0890059     1.02678     25.4341  -0.0501237     26.0953    0.118808   -0.377621    0.386795 2.77556e-17   -0.872665    0.261799    -1.60104     1.21253     -1.5708    0.579199   -0.872665    0.261799    -0.30427    -0.87715    0.341862     2.20532     1.09372   -0.273373   0.0166151     1.24181    0.392233   -0.618774    -1.45685   -0.794704    -1.55711    0.727661       1.508    0.123995
 0.389344 0.0889988   1.02679   25.4341 -0.050236   26.0953  0.118899 -0.377566  0.386778         0 -0.872665  0.261799  -1.60093   1.21254   -1.5708  0.579138 -0.872665  0.261799 -0.304659   -0.8779  0.341376   2.20494   1.09331 -0.273805 0.0157539   1.24216  0.392193 -0.619399  -1.45615 -0.792841   -1.5561  0.727612     1.508  0.122474
   0.318747  0.00618251     1.22195    0.260553   -0.383831    0.465538     0.45769  -0.0173585    0.790184           0   -0.872665    0.261799   -0.872682    0.610203     -1.5708 1.73472e-18   -0.872665   0.0252322   -0.385738   -0.265515     1.02794      2.2288    0.852419   -0.642158    0.370222       1.478    0.901201   0.0846587   -0.656099    -1.06225    -1.39326    0.906436     1.24685   -0.620859
    0.318747   0.00618251      1.22195     0.260553    -0.383831     0.465538      0.45769   -0.0173585     0.790184   2.1684e-19    -0.872665     0.261799    -0.872682     0.610203      -1.5708 -5.89806e-17    -0.872665    0.0252322    -0.385809    -0.265504      1.02799      2.22894     0.852431    -0.642047      0.37023        1.478     0.901156    0.0850639      -0.6563     -1.06193     -1.39304      0.90605      1.24717    -0.621195
    0.32009 -0.00624218     1.21877   -0.313516   -0.389139   -0.513063    0.935284    0.663289      1.5708   0.0146843   -0.872665  -0.0472476    -0.41647 -0.00389503   -0.753477           0   -0.872665   -0.261799    0.312448    0.347006    -0.73404     1.24258     0.32305   -0.872762   -0.850775     1.37622     0.47955    0.967941    -2.04612   -0.662567   -0.650297   -0.505472     1.35905    -0.98953
   0.320083 -0.00624187     1.21877   -0.313515   -0.389158   -0.513069    0.935278    0.663297      1.5708   0.0146876   -0.872665  -0.0472431   -0.416476 -0.00389154   -0.753466           0   -0.872665   -0.261799    0.312431    0.347003   -0.734066     1.24257    0.323019   -0.872747   -0.850789     1.37621    0.479543    0.967904    -2.04606    -0.66254   -0.650491   -0.505455     1.35906   -0.989706
  0.262429  0.0630022    1.28841  -0.797476   -0.35647  -0.139169    1.42714   0.013179    1.03061          0  -0.872665   0.261799  0.0144694   0.177744   -1.25436          0   -0.79529  -0.261799   0.523599   0.118843   -1.27414   0.626003 0.00410359   -1.00323   -1.38886      1.478    0.41536    0.72723   -1.42582   -0.59335  -0.166426   -0.33924   0.754068   -1.07584
   0.262308   0.0630014      1.2884   -0.797604   -0.357288   -0.139438     1.42716   0.0135191     1.02982           0   -0.872665    0.261799   0.0144428    0.178575    -1.25415 4.33681e-19   -0.795296   -0.261799    0.523599    0.135502    -1.29633    0.611039  -0.0147751   -0.962652    -1.38666       1.478      0.4403    0.770913    -1.42231   -0.566226   -0.145553   -0.412399    0.736503    -1.07046
    0.358166    0.0535011      1.28192      24.2612   -0.0209583      24.7058      1.56969     0.444176       1.5708            0    -0.872665   -0.0267284     0.135498    -0.087128    -0.990855 -3.41524e-18    -0.774798    -0.219504     0.523599     0.127982     -2.75795      0.28592      2.42124    -0.431309      1.57416      1.47246     0.452978     0.159198     -1.44499    -0.214072    -0.361394    -0.367995     0.726543     -1.03196
   0.338466   0.0513909     1.28068     24.2909 -0.00962033     24.6857     1.53661    0.442743      1.5708           0   -0.872665  0.00677031    0.124147   -0.138528   -0.937086           0   -0.763471   -0.261799    0.523599    0.175673    0.523966     2.90834      0.9103   -0.128621 0.000369945       1.478    0.318736    0.258407    -1.47152   -0.282563   -0.437069   -0.364215    0.794138    -1.07172
    0.32042 -0.00628034     1.41825   -0.321723   -0.388979   -0.520347    0.945509    0.671007      1.5708   0.0171804   -0.872665  -0.0506346   -0.409792 -0.00225909    -0.74821           0   -0.872665   -0.261799    0.149692    0.230823    -2.14447    0.523008     1.59831    -1.30635   -0.713808    -0.61446    -1.99698    0.125288    -1.22458   -0.177852    -1.17559    0.182948     1.47658    -1.17991
    0.310095   0.00182993      1.41718     0.336649    -0.449229     0.521844     0.428468    0.0535398     0.728367 -6.25346e-18    -0.872665     0.261799    -0.946179     0.696503     -1.51286            0    -0.872665    0.0416432    -0.198547    -0.773088     -1.88929      1.84618     -0.30217        0.298     -1.58437     0.845816      1.13165    -0.841634     -0.76353     0.151886     -1.02654      0.96651        1.508    -0.702792
   0.320337 -0.00626738     1.41837    -0.31984   -0.389073   -0.518692    0.943133    0.669277      1.5708   0.0165962   -0.872665  -0.0498649   -0.411352 -0.00260749   -0.749387           0   -0.872665   -0.261799    0.322805    0.338228   -0.707585     1.24548    0.353486    -0.86608   -0.854431     1.36809    0.481671     1.04202    -2.08868   -0.701708   -0.591449   -0.539348     1.33431   -0.980704
   0.320073 -0.00622826     1.41878   -0.313302   -0.389254   -0.512924    0.934959      0.6632      1.5708   0.0145934   -0.872665  -0.0471878   -0.416712 -0.00388093   -0.753535           0   -0.872665   -0.261799    0.305462    0.359787    -0.78525      1.2269    0.290721   -0.868442   -0.872684     1.37539    0.473613    0.915582    -2.00756   -0.636312   -0.683585   -0.478442     1.36959   -0.992282
   0.27578 -0.0614773    1.48897     0.4506  -0.780193  -0.295024    0.26583   0.806381     1.5708   0.146593  -0.872665   0.022008   -1.14099 -0.0906717  -0.541486          0  -0.872665  -0.261799  -0.523599   0.671912    1.10079    2.15141   0.663695  -0.696819   0.497757    1.42036    1.10691   0.125937   -1.53373 -0.0427236  -0.941113  -0.132752      1.508   -1.11638
    0.274197   -0.0549723      1.48482     -2.84538     -2.29246      -3.5714     0.365488     0.939371       1.5708     0.154605    -0.872665   -0.0170163     -1.05844   -0.0642812    -0.440356 -2.79684e-14    -0.872665    -0.261799    -0.523599     0.800852     -1.71677     0.548729      1.62269    -0.573372    -0.198596    -0.993545      -2.2172     -1.30828     -1.17658        -2.55    -0.518872        -2.55     0.765263     -1.22404
    0.392418   -0.0602728      1.48837     -27.4129     -3.00157     -28.2989      -0.1167    0.0987561       1.5708            0    -0.822386    0.0551523     -1.54754   -0.0891013     -1.34971 -5.82119e-28    -0.872665    -0.104565    -0.523599     0.728369      1.18352      2.38575    -0.214996    -0.699702     -1.46877    -0.525393     -1.59799     -2.50455    -0.750543     0.439122     -1.17441     -1.33421     -1.07316        -2.55
  0.283643 -0.0622162    1.48853   -27.4932   -2.92811   -28.1794 -0.0190916  0.0330731    1.29164          0  -0.794856   0.261799   -1.43061 -0.0464729   -1.16743          0  -0.872665  -0.261799  -0.523599   0.194882   -2.40811    1.42317       2.55  -0.746484    1.39537   0.745624    1.56137   -2.12042  -0.827422   0.252056  -0.611213    1.60711    1.37073  -0.191015
  0.361032 -0.0293852    1.56892  -0.758374 -0.0389737  -0.738163    1.65806   0.850301     1.5708  0.0578576  -0.757149  -0.151869   0.143009  -0.043433  -0.635041          0  -0.872665  -0.261799   0.523599   0.755239     -1.005   0.691034   0.239328   -1.74986   -1.32664    1.38895  -0.134993     0.8267   -1.63958   -0.87148   0.190824  -0.643795   0.637394  -0.511973
  0.361029 -0.0293848    1.56892  -0.758391 -0.0389752  -0.738162    1.65806   0.850294     1.5708  0.0578189  -0.757127  -0.151868   0.143022 -0.0434215  -0.635046          0  -0.872665  -0.261799   0.523599   0.755203   -1.00499   0.691049   0.239314   -1.74992   -1.32661    1.38893  -0.135078   0.826545   -1.63961  -0.871385   0.190846  -0.643668   0.637307  -0.512104
  0.361398 -0.0244296    1.56758    30.6805 -0.0454562    30.6335    1.65806   0.910583     1.5708   0.107384  -0.787765  -0.170289   0.116258 -0.0600681  -0.589063          0  -0.858647  -0.261799   0.523599   0.705507   0.569111    2.98734  -0.369512  -0.615081   -1.73159   -1.38654   -2.34798   0.648252   -1.63972  -0.683951 -0.0964217  -0.507324   0.807088  -0.686395
    0.318705    0.0061578      1.62191      6.54399    -0.384091      6.74911     0.457613    -0.017252     0.789799 -1.59582e-12    -0.872665     0.261799     -0.87283     0.610716      -1.5708 -1.75596e-13    -0.872665    0.0253401    -0.419081    -0.238021      -2.0995     0.767512         2.55    -0.477537      1.81916       1.1797     0.987247    -0.186008     -1.39191    -0.455736    -0.588251     0.405533      1.22066     -0.77055
  0.24226 0.0530452   1.47703  -25.0923 -0.608924  -23.7237 0.0883439  -1.30675 -0.506804  0.773904 -0.872665  0.261799 -0.971114   1.55334   -1.5708  0.740316 -0.872665  0.116044  0.496532  -1.35278   -3.0059   1.05243   2.45616 -0.389954   1.58707   1.05272  0.738994  -2.80189 -0.589984  -1.55315   -0.5177  0.639939 -0.993381      2.55
   0.262505   0.0627684     1.68815     14.9074    -2.78566     15.5689     1.43166   0.0109716     1.03053  0.00179783   -0.872665    0.261799   0.0178224     0.17766    -1.25564 1.38778e-17   -0.795497   -0.261799    0.523599     0.16555    -2.23887    0.266207     2.54246    -0.89376     1.88044     1.25626     1.31924      -2.258    -1.95442    -2.53479     -0.1521    -1.68585    0.696959    -1.09317
    0.338427    0.0514437      1.67341      11.7743     0.174484       12.587      1.50366    -0.202161      1.54354 -2.35489e-15    -0.872665     0.261799    0.0312748    -0.356667      -1.3963            0    -0.798553    -0.261799     0.523599     0.625138    -0.153984      3.21637    0.0881888    -0.657025      1.39042        1.478     0.667534        1.606     -0.13672     -1.77403    -0.862468      2.23806    -0.614486      2.54533
   0.517995   0.0643577     1.68566     11.6894   -0.292375     12.4177     1.60859    0.312186     1.47117           0   -0.872665   -0.261799 -0.00632162    0.453494     -1.5708    0.130282   -0.872665     0.21416    0.523599   -0.438709     -2.2418    0.801498   -0.341542     -1.1626     1.50326    -1.28944        2.55      -3.359     -1.4327    -1.98391     -1.1453   -0.886274    0.763648    -1.58599
   0.365395   0.0320487     1.77613      16.392    -3.10773     16.4317  -0.0907293  -0.0978141    0.640479 1.76091e-16   -0.872665    0.261799    -1.65806    0.847354     -1.5708    0.230143   -0.854433    0.157003   -0.523599   -0.316523     -1.5065     1.31558    -1.02849    -0.15729   0.0653653    0.979822    0.765718     -3.2582    -2.42299     1.90126    -2.16048    0.939384       1.508    0.342251
    0.388571    0.0137515      1.80012     -3.69301     -2.73058     -3.85274       1.2473     0.966663       1.5708    0.0561955    -0.872665    -0.261799    -0.324642      0.14955    -0.701318 -4.27696e-15    -0.872665    -0.128282    0.0852826     0.687975     -2.14258     0.227843      1.79944    -0.191633      2.54641      1.44133     0.509321     -2.82931      -2.4295    -0.486072     0.162705    0.0943199    -0.649938      1.89536
    0.31676   0.0052737     1.82108    0.275557   -0.398448    0.476337    0.451829 -0.00224013    0.777137           0   -0.872665    0.261799   -0.886739    0.628499    -1.55895           0   -0.872665   0.0284465   -0.245088   -0.459981   -0.026751     1.46181    0.651841   -0.938342   -0.440012     1.43711    0.608684     1.31983    -2.51539       -2.55       0.292    -2.07792    -1.05425     2.10932
