    0.31676   0.0052737     1.02108    0.275557   -0.398448    0.476337    0.451829 -0.00224013    0.777137           0   -0.872665    0.261799   -0.886739    0.628499    -1.55895           0   -0.872665   0.0284465   -0.245088   -0.459981   -0.026751     1.46181    0.651841   -0.938342   -0.440012     1.43711    0.608684     1.31983    -2.51539       -2.55       0.292    -2.07792    -1.05425     2.10932
    0.318294   0.00574881      1.02156      3.40647     -2.75322      3.61244     0.456488   -0.0141552     0.784304 -2.31619e-14    -0.872067     0.261799    -0.875721     0.618125     -1.56979 -2.77556e-17    -0.872665     0.027314    0.0556283    -0.671697     -1.98731      1.99813     0.440354        0.298     0.973526    -0.819979     -2.06432     -2.02263    -0.552983        -2.55        0.292     -1.99594      1.45373    -0.477829
  0.342983 -0.0465842    1.07788   0.789605   0.161059   0.051542 -0.0547674  -0.340144    1.32053          0  -0.798802   0.261799   -1.50011  -0.099624    -1.5708          0  -0.872665   -0.21517  -0.523599   0.501492  -0.375938    1.27329   0.447713   -1.17213 -0.0333258    1.19568   0.879781   0.398607   -2.55225      -2.55   -2.00095    1.16897    1.15635    1.32193
    0.342984   -0.0465768      1.07789     0.789597     0.160952    0.0517536   -0.0548223    -0.340028      1.32031            0    -0.798798     0.261799     -1.50009   -0.0993298      -1.5708 -4.40932e-14    -0.872665     -0.21505    -0.523599     0.502009    -0.381002      1.27103     0.446149     -1.17112   -0.0361421      1.19522     0.877487     0.398397     -2.55217        -2.55     -2.00096      1.16878      1.15575      1.32238
  0.383596 -0.0852428    1.03262   -3.43812   -3.03177   -4.10857    1.53746    1.21569     1.5708    0.54692  -0.872665  -0.259994  -0.167174  -0.348555   -0.37711          0  -0.872665  -0.261799   0.318244     1.0873   -1.06824    1.24608   0.143231    -1.2865  -0.763559      1.478   0.152859   -2.96196  -0.953825   -1.68297  -0.524028   0.989989   -0.97274       2.55
    0.508889    -0.062076      1.08361     -2.25759     -2.79711     -2.96204    -0.051312      0.50355       1.5708            0    -0.807859    -0.209826     -1.62479     0.338457     -1.41442 -4.65558e-16    -0.872665     0.261799    -0.523599     0.582128    -0.367877      1.21186     0.347529     -0.86082    -0.216821      1.06909     0.648078      -2.1554    -0.885039     0.144675     -1.21939     -1.36516     -1.12223        -2.55
   0.317564 -0.00564915     1.22144    -0.26939   -0.392498    -0.47186     0.88095    0.621011     1.56381 -5.0307e-17   -0.872665  -0.0271082     -0.4542 -0.00841169   -0.782479           0   -0.872665   -0.261799    0.189388    0.319131   0.0103532    0.776127    0.922603    -1.75962   -0.957306       1.478    0.357133       1.606    -2.33223    -1.08775       0.292   -0.896433    0.895205   -0.662407
  0.313009 0.00332744    1.21321  -0.337508  -0.453442  -0.575338   0.919988    0.75862     1.5708          0  -0.872665 -0.0681746  -0.442363  0.0224197  -0.678077          0  -0.856498  -0.261799   0.279285     0.8353   -1.33691    0.20559    1.58952  -0.724107   0.164422  -0.881729    -2.0463  -0.306258   -1.66411   0.209358      0.292 -0.0339312   0.697888   -0.82207
   0.318747 -0.00618577     1.22194   -0.260608   -0.383812   -0.465568    0.872749    0.610216      1.5708           0   -0.872665  -0.0252266   -0.457628  -0.0173591   -0.790173           0   -0.872665   -0.261799   0.0559897    0.241781    -1.38362    0.737962     0.77794    -1.37921    -1.81787    0.889112  -0.0610421   -0.989913    -1.22187   -0.251325   -0.390867    0.846134     1.05669   -0.748233
    0.318747  -0.00618574      1.22194    -0.260606    -0.383812    -0.465566     0.872747     0.610214       1.5708 -5.55112e-16    -0.872665   -0.0252264    -0.457629   -0.0173592    -0.790174            0    -0.872665    -0.261799    0.0524268     0.247821     -1.38663     0.732664     0.765364     -1.37565     -1.81778     0.896827   -0.0589925    -0.958289     -1.22092    -0.304892    -0.412343      0.86058       1.0573    -0.734976
   0.30624  0.0539643    1.28717  -0.841092   -0.13528  -0.210485    1.51736   0.106106    1.31375          0  -0.872665   0.172108  0.0887143   -0.02971   -1.18311 0.00205074  -0.796336  -0.261799   0.523599  -0.182919   -1.94891  0.0537131    1.06795   -1.96175  -0.113839  -0.283999   -2.45824  -0.738882   -1.27693  -0.274105  -0.201726    0.57463   0.769297   -1.00714
  0.287463  0.0626594    1.28855   -0.78561  -0.189103  -0.087567    1.43834 -0.0578836    1.18998          0  -0.872665   0.261799  0.0102222 0.00469165   -1.29927  0.0326832  -0.811371  -0.261799   0.491007  -0.305211   -1.96348  0.0955666    1.11505   -1.96099  -0.173896  -0.268375   -2.35025  -0.771999   -1.27075  -0.251344  -0.263195    0.58621   0.820854   -1.00017
  0.339044 -0.0122158    1.39267  -0.603478  -0.263101  -0.707791    1.31912   0.835244     1.5705          0  -0.799153  -0.133237  -0.120259  0.0223797  -0.642686          0  -0.872665  -0.261799   0.191931   0.280724   -1.63993   0.141862    1.17938   -2.12688  -0.146068    -0.1011   -2.27117  -0.480427  -0.988747  -0.227324  -0.173525   0.607479   0.762074   -1.26112
  0.338894 -0.0121236    1.39282  -0.602271  -0.264419   -0.70742    1.31695   0.835071    1.57059          0  -0.799571    -0.1331  -0.122015  0.0225703  -0.642784          0  -0.872665  -0.261799   0.190855   0.281295   -1.63859    0.14185      1.181   -2.12601  -0.142337  -0.101968   -2.27303  -0.479628  -0.988954  -0.227275  -0.173455     0.6076   0.762385   -1.26168
   0.359897  -0.0270452     1.38394     -0.6368  -0.0992544   -0.720263     1.56236    0.844781      1.5708    0.223778   -0.872665   -0.155262    0.011956  -0.0801266   -0.641877 3.46945e-18   -0.872665   -0.261799    0.319002    0.439929    -1.82227   0.0549075     1.12794    -2.17045   -0.238163  -0.0077412    -2.25092   -0.752451    -1.44094    -0.32303   -0.179509    0.440187    0.842974   -0.722947
   0.359896  -0.0270444     1.38394   -0.636797   -0.099263   -0.720266     1.56235    0.844784      1.5708    0.223773   -0.872665   -0.155266   0.0119485  -0.0801217   -0.641877           0   -0.872665   -0.261799    0.318997    0.439896    -1.82238   0.0548943     1.12798    -2.17045   -0.238315 -0.00776613    -2.25085   -0.752509     -1.4409   -0.323023   -0.179544    0.440144    0.842968   -0.722809
   0.318647  -0.0061043      1.4219   -0.261171   -0.384734   -0.466414    0.872978     0.61151      1.5708 1.73472e-18   -0.872665  -0.0257121   -0.457644   -0.016847   -0.789298           0   -0.872665   -0.261799   0.0077821    0.270267    -1.38075    0.751657    0.598893     -1.3754    -1.73381     1.00895  -0.0923953   -0.900206    -1.31461   -0.123238   -0.304386    0.611519    0.999205   -0.814941
   0.318647 -0.00610492      1.4219   -0.261165   -0.384729   -0.466406    0.872974    0.611498      1.5708           0   -0.872665  -0.0257075   -0.457646  -0.0168515   -0.789307           0   -0.872665   -0.261799  0.00771228    0.270149     -1.3808    0.751688    0.598874    -1.37557    -1.73383     1.00888  -0.0925637   -0.900236    -1.31452     -0.1232   -0.304473    0.611426    0.999098   -0.814837
   0.28755  0.0626621    1.48855  -0.785139  -0.188333 -0.0871005    1.43785 -0.0585088    1.19077          0  -0.872665   0.261799  0.0100621 0.00395114   -1.29962  0.0322123  -0.811083  -0.261799   0.489933  -0.305749   -1.96499  0.0939136    1.11362   -1.96223  -0.178628  -0.268052   -2.34764  -0.762954   -1.27161   -0.24898  -0.270692   0.573003    0.82324  -0.997666
  0.287548  0.0626624    1.48855  -0.785139  -0.188341 -0.0871033    1.43785 -0.0585049    1.19076          0  -0.872665   0.261799  0.0100609 0.00395944   -1.29962  0.0322141  -0.811083  -0.261799   0.489937  -0.305776   -1.96513   0.093878    1.11371   -1.96224  -0.178698  -0.268041    -2.3477  -0.762998   -1.27158  -0.248955  -0.270726   0.572993   0.823256  -0.997623
  0.345217 -0.0160531    1.58306  -0.682301  -0.198319  -0.738121     1.4557   0.855827    1.55174          0  -0.775235  -0.144975  -0.020118  0.0238414  -0.630226          0  -0.872665  -0.261799   0.275197   0.294254   -1.68108   0.111556    1.13749   -2.10638  -0.209624  -0.124886   -2.27087  -0.486819   -1.00885  -0.179955  -0.146334   0.537156   0.737725   -1.24657
   0.391623 -0.00699787     1.58803    0.658622    -0.30759    0.760067    0.173144    0.130593      0.6803           0   -0.872665    0.146061    -1.39908    0.975229     -1.5708   0.0115687   -0.813904    0.261799   -0.523599  -0.0785637     -1.4197     0.70425        2.55   -0.519097   -0.826599   -0.796492    -1.82657   -0.693348   -0.622066    -1.57571    -2.01384      1.2501    0.620062    0.512907
   0.410519   0.0129259     1.57783    0.689195  -0.0961553    0.750976   -0.002104 -0.00615616    0.697189           0   -0.872665    0.159177    -1.65806     0.95439     -1.5708    0.231471   -0.872665    0.261799   -0.523599   -0.671103    -1.44823     1.26345     1.58201   -0.897529    -2.05185    0.512934   0.0698906    -1.24213   -0.178088   -0.906005     -1.9957     1.62363    0.647203    0.422275
   0.410519   0.0129259     1.57783    0.689195  -0.0961553    0.750976   -0.002104 -0.00615616    0.697189           0   -0.872665    0.159177    -1.65806     0.95439     -1.5708    0.231471   -0.872665    0.261799   -0.523599   -0.671103    -1.44823     1.26345     1.58201   -0.897528    -2.05186    0.512936   0.0698938    -1.24203   -0.178139   -0.905928    -1.99577     1.62336     0.64727    0.422482
  0.408594  0.0114733    1.57817   0.693582  -0.111009   0.755701 0.00483801 0.00762497   0.692841          0  -0.872665   0.159256   -1.65806   0.957492   -1.55694   0.223948  -0.872665   0.261799  -0.523599  -0.549354   -1.36052    1.16287    1.52602  -0.724749   -2.08576   0.637808   0.269744   -1.69937  -0.484427  -0.641596   -1.17392    2.10361   0.934234  0.0494581
   0.410518   0.0129263     1.57783    0.689194  -0.0961546    0.750974 -0.00210451 -0.00615731    0.697193           0   -0.872665    0.159177    -1.65806    0.954387     -1.5708    0.231474   -0.872665    0.261799   -0.523599   -0.550321    -1.42412     1.13773     1.52056    -0.80219    -2.07644     0.60157    0.202687    -1.71977   -0.476114   -0.643772    -1.21389     2.09756    0.910883    0.084964
   0.371046    0.067386     1.60836     3.73044    -3.08196     4.26671  -0.0564955   -0.136891    0.229258           0   -0.864263    0.261799    -1.65806     1.34214     -1.5708 3.46945e-18   -0.566256    0.259921   -0.480256    -1.00855    -2.57962     1.44672     2.16631   -0.837038    -1.52171   -0.753917    -1.81647     1.45976    -2.43879       -2.55    -0.88046    0.963188       1.508   -0.184425
    0.37451   0.0693184     1.61129    -5.69283  -0.0613869     1.10696  -0.0522503   -0.126888    0.251403 1.88659e-19   -0.872665    0.257187    -1.65806     1.32535     -1.5708  0.00222308    -0.56878    0.261799   -0.469637   -0.749598    -1.72255     1.09993        2.51   -0.506805   -0.692532   -0.752514    -2.14115    -2.46768   -0.332726    -1.73504    -1.28768    -1.96901    0.838059    -1.12139
    0.343006    0.0463668       1.6783       27.485     -3.29939      28.2163      1.49944   -0.0906833       1.5708            0    -0.872665     0.211534    0.0564206    -0.336593     -1.31397 -1.66533e-16    -0.798672    -0.261799     0.523599     0.707591     -3.09165     0.403424     -2.53692     -0.52338     -2.22563       -1.562        -2.55     -1.04883     -2.59894        -2.55     -0.88392      -1.9598    -0.380426     -1.91291
  0.404509  0.0588734    1.68336   -13.4536 0.00115407   -12.5144    1.58247  -0.124073    1.48642          0  -0.872665   0.112335  0.0934934 -0.0584072    -1.5708  0.0872086   -0.86578 -0.0734867   0.523599  -0.782652   0.189673    2.91858    2.01228  -0.863545    1.65427   -1.27856       2.55   -1.85421  -0.932421      -2.55  -0.699943   -2.42942   0.256395   -1.34235
   0.359522  -0.0283124     1.76593   -0.783468  -0.0390391   -0.735881     1.65806    0.842304      1.5708 1.38778e-17   -0.723928   -0.147505    0.161363  -0.0272317   -0.640814           0   -0.872665   -0.261799    0.477881    0.674443    0.902082     3.04231       -2.55  -0.0246761       -2.55     1.41848     0.48654       1.606    -2.05884    0.623767    -1.23323      1.9798   -0.331134    0.492472
    0.359522   -0.0283124      1.76593     -3.92506      3.18063     -3.87747      1.65806     0.842304       1.5708 -1.06295e-16    -0.723928    -0.147505     0.161363   -0.0272317    -0.640814  -7.3484e-26    -0.872665    -0.261799     0.476869     0.193882     -1.77579      1.10759    -0.131103     -1.26867     -1.48843      1.24922    -0.330204        1.606     -2.49951     0.238657    -0.792357      1.33244    -0.593914      1.39703
    0.31676   0.0052737     1.82108    0.275557   -0.398448    0.476337    0.451829 -0.00224013    0.777137           0   -0.872665    0.261799   -0.886739    0.628499    -1.55895           0   -0.872665   0.0284465   -0.245088   -0.459981   -0.026751     1.46181    0.651841   -0.938342   -0.440012     1.43711    0.608684     1.31983    -2.51539       -2.55       0.292    -2.07792    -1.05425     2.10932
