    0.31676   0.0052737     1.02108    0.275557   -0.398448    0.476337    0.451829 -0.00224013    0.777137           0   -0.872665    0.261799   -0.886739    0.628499    -1.55895           0   -0.872665   0.0284465   -0.245088   -0.459981   -0.026751     1.46181    0.651841   -0.938342   -0.440012     1.43711    0.608684     1.31983    -2.51539       -2.55       0.292    -2.07792    -1.05425     2.10932
    0.318742   0.00618194      1.02194     0.260604    -0.383848     0.465585     0.457651   -0.0173459     0.790144 -3.19189e-16    -0.872665     0.261799     -0.87273     0.610255      -1.5708            0    -0.872665    0.0252382     -0.29135    -0.433763    -0.366599      1.42305      0.45299     -1.01041    -0.603924        1.478     0.495409      1.56227     -2.45779     -1.05962        0.292    -0.824247     0.963537    -0.678325
   0.310574   0.0728345       1.092   -0.715907   -0.356889    0.102728     1.34677   -0.196679    0.992467 1.38778e-17   -0.872665    0.261799  -0.0206001    0.274234     -1.5708           0   -0.803361   -0.123798    0.523599    0.493222    0.883021     3.15249    0.557716   -0.645952     1.05614       1.478     1.21904      1.5421    -0.81752    -1.39649       0.292    -1.16512    0.274452   -0.142127
    0.308556    0.0753643      1.09339    -0.714567    -0.399767     0.116506      1.34125    -0.200004     0.946928 -7.34482e-15    -0.872665     0.261799   -0.0855812     0.327774      -1.5708     0.137912    -0.872665    -0.109728     0.523599     0.447672      1.08682      3.13042      1.01186    -0.417466     0.632632        1.478      1.06499      1.49786    -0.853995     -1.21958        0.292     -1.21486      0.30003    -0.216652
    0.389357    0.0890076      1.02677      25.4341   -0.0500974      26.0953     0.118783    -0.377627       0.3868 -3.46945e-16    -0.872665     0.261799     -1.60108      1.21253      -1.5708     0.579203    -0.872665     0.261799    -0.304784    -0.877772     0.340631      2.20526      1.09036    -0.273987    0.0180948      1.24231     0.392366    -0.617907     -1.45634    -0.794371     -1.55643     0.726965        1.508     0.122685
   0.389348   0.0890016     1.02678     25.4341  -0.0501926     26.0953     0.11886   -0.377579    0.386786 1.38778e-17   -0.872665    0.261799    -1.60097     1.21254     -1.5708    0.579151   -0.872665    0.261799   -0.304618   -0.877739    0.347384     2.20407     1.11378   -0.273061  0.00111886     1.24179    0.390716   -0.618843     -1.4563    -0.79365    -1.55647    0.727266       1.508    0.122893
  0.318748 0.00618221    1.22194   0.260588  -0.383838   0.465567   0.457663 -0.0173474   0.790161          0  -0.872665   0.261799  -0.872717   0.610237    -1.5708          0  -0.872665  0.0252429  -0.382342  -0.266613    1.02076    2.22245   0.842186  -0.648772   0.375006      1.478   0.905295  0.0789286  -0.654296   -1.06471   -1.40161   0.911666    1.24662  -0.612292
   0.318748  0.00618221     1.22194    0.260588   -0.383838    0.465567    0.457663  -0.0173474    0.790161           0   -0.872665    0.261799   -0.872717    0.610237     -1.5708 3.03577e-18   -0.872665   0.0252429   -0.385752   -0.265592     1.02792      2.2287    0.852373   -0.642171    0.370217       1.478    0.901212   0.0843463   -0.655879    -1.06243    -1.39341    0.906615     1.24648   -0.620433
  0.318748 0.00618227    1.22194   0.260586  -0.383837   0.465566   0.457664 -0.0173481   0.790162          0  -0.872665   0.261799  -0.872716   0.610235    -1.5708          0  -0.872665  0.0252421  -0.291644  -0.433384  -0.370491    1.42277   0.449716   -1.00973  -0.604879      1.478   0.495288    1.56314   -2.45705   -1.05808      0.292   -0.82686   0.963605  -0.677968
  0.395433 0.00470079    1.17038   -71.5548    -3.0467   -71.4256 0.00332807 -0.0592376   0.593462  0.0594398  -0.872665   0.193106   -1.65806    1.03226    -1.5708   0.196598   -0.85558   0.261799  -0.523599  -0.842841   -1.37291    1.69091    2.15097  -0.293826    0.14599  -0.655527   -2.53864   -2.30399  -0.653876    2.47031  -0.324104       2.55   -1.47931       2.55
   0.342983  -0.0465839     1.27788    0.789608    0.161036     0.05159  -0.0547822    -0.34012     1.32048 1.38778e-17   -0.798799    0.261799    -1.50011  -0.0995568     -1.5708           0   -0.872665   -0.215128   -0.523599    0.502665   -0.384188     1.26958    0.445491    -1.17043  -0.0378201     1.19496    0.875996    0.397864    -2.55309       -2.55    -2.00061     1.16884     1.15487     1.32313
  0.372064 -0.0693244    1.20884    30.8528 -0.0548011    30.2877    1.65806    1.35047     1.5708  0.0491096  -0.589723  -0.261799  0.0498991  -0.165344   -0.22342          0  -0.860702  -0.261799   0.152086   0.601809   -2.08356   0.526192   0.143629   -1.46162    1.12521  -0.737767       2.55      1.606   -2.26279 -0.0148177  -0.199336   0.775651  -0.718477    2.30681
    0.317129   -0.0727077      1.29071     -80.9447    -0.290247     -81.7778   0.00670181      0.19828      1.56424 -6.86002e-16    -0.803908     0.134886     -1.37357    -0.211271     -1.06057 -3.46703e-15    -0.872665    -0.261799    -0.523599    0.0974871       -1.686      1.31218      1.66345     -1.25568      1.91598    -0.178347       2.3418      -2.6574    -0.685215         2.55     -0.40164         2.55       -1.542         2.55
  0.385228 -0.0863004    1.23103   -16.0058   -3.04838   -16.6739    1.55517    1.21487     1.5708   0.555885  -0.872665  -0.260608  -0.153681  -0.356627  -0.379782          0  -0.872665  -0.261799   0.065368   0.826179  -0.417519    3.31723  -0.922063   -1.68516    1.16645    1.23385    1.20789  -0.168727   -2.44567    1.02844  -0.514714    1.36046  -0.958835       2.55
   0.386198  -0.0188214     1.37168   -0.748742  -0.0754881   -0.760845     1.65806    0.917955      1.5708   0.0914268   -0.787557   -0.212197   0.0828545 0.000867622   -0.657644  1.0842e-19   -0.872665   -0.205926    0.523599    0.568676    0.181718     3.08787   -0.722079     -1.9827      1.2235     1.47439     1.77924   -0.297318     -1.5893   -0.251013   -0.152545   0.0139761    0.852483   -0.688825
   0.309897   0.0017185     1.41703    -5.94447   -0.450755    -5.75977    0.427704   0.0553034    0.726813 -6.0086e-26   -0.872665    0.261799   -0.948243    0.698645    -1.51132           0   -0.872665     0.04208    0.117618   -0.505821    -3.23593     2.39493     1.27824    0.102673     1.95473    0.670001      1.2276    0.982414    -3.02784    -2.20017       0.292    -2.04564    -1.33049     2.36318
  0.360187  0.0287755    1.36725   -24.3601 -0.0391112   -24.3954  -0.153373 -0.0340381   0.637803          0  -0.872665   0.261799   -1.65806   0.846402    -1.5708  0.0249195  -0.738258   0.149565  -0.523599  -0.633104    1.37637    1.95706   -1.06754  -0.322792  -0.124108   -0.68654   -2.43135   -1.98336   -0.86835   0.751007  -0.675389    1.01537      1.508  -0.219095
    0.312361  -0.00307912       1.4187    -0.313648    -0.431661    -0.504464     0.923389     0.672068      1.52988            0    -0.872665   -0.0366883    -0.437207    0.0335507    -0.745957 -2.77556e-17    -0.872665    -0.261799    0.0655018     0.607401      1.06809      2.81635      0.13697    -0.163045      1.20783      1.34505     0.767341       -3.359     -1.89132     -1.80711     0.085198      -1.5323     0.826125    -0.727361
  0.323298  0.0327384    1.38378   0.254043  -0.416963     1.2969   0.340853  -0.514872 0.00555539          0  -0.700501   0.261799   -1.22799    1.55334    -1.5708   0.517195  -0.872665    0.24834   0.523599  -0.668823   -1.68543    1.19902   0.602143  0.0914847     1.8568  -0.679285   -2.29982  -0.176709   -2.66655   -1.41844   -1.28423   -2.24028     -1.542   -2.50458
   0.282451   0.0623148     1.48863   -0.781695   -0.221648  -0.0974077     1.42995  -0.0429524      1.1596           0   -0.872665    0.261799   0.0187261   0.0413151    -1.28943 3.97557e-24   -0.794796   -0.261799    0.523599   -0.192586   -0.995759    0.976131    0.399497    -1.83912    -1.31719       1.478    -0.22485    -1.28578    -1.45203    -0.58302       0.292    -1.44414   -0.758695     1.78141
    0.280241     0.062469      1.48874      18.0666    -0.236522      18.7477       1.4291    -0.036765       1.1454 -7.08792e-28    -0.872665     0.261799    0.0182632     0.056311     -1.28558  1.58312e-17    -0.794803    -0.261799     0.523599    -0.213373     -2.46379     0.727707      1.62246     0.099948         2.55      1.47666     0.427137     -1.18282     -1.35582      0.42766     0.181466     0.453086     0.632611     -1.15552
   0.283603   0.0622269     1.48855     2.36049     -2.9277     3.04647     1.43045  -0.0461755     1.16701 2.52435e-29   -0.872665    0.261799   0.0189669   0.0335014    -1.29144  1.0842e-19   -0.794795   -0.261799    0.523599    -0.11888    -2.48781    0.514233     1.80099   -0.201699     2.41182     1.36412    0.528778     -1.9632    -1.23553    -2.10443   -0.843032    -2.26833    0.400564     -1.4986
  0.314004 0.00460894    1.61334   -41.1917   -2.68812   -41.4257   0.933069   0.769202     1.5708          0  -0.872665 -0.0737742   -0.44391  0.0124167  -0.671652   0.034655  -0.872665  -0.261799 -0.0794848   0.619339   0.857283    3.20307  -0.799178  -0.509305    -1.2048   -1.35831   -2.32678   -3.07903   -2.35007    1.27167    0.18896   -1.16217  -0.664477    1.50503
   0.321734 -0.00395787     1.62071    -100.815   -0.401936    -101.019    0.892088    0.649072      1.5708           0   -0.872665  -0.0439607   -0.450968  0.00456082   -0.774245           0   -0.872665   -0.252113    -0.24577    0.661425     1.15348     3.40148    -2.54054   -0.565374       -2.55     1.26388    0.387386      -3.359    -2.37208  -0.0306167   -0.674811  -0.0325511   -0.138306     1.75615
    0.33413  -0.0110796     1.60534    -47.6096    -2.82459    -47.7772     1.19902    0.793436      1.5708   0.0901105   -0.872665   -0.114459   -0.241511 -0.00250768   -0.668243           0   -0.872665   -0.261799    0.182932    0.649141    -2.23419    0.251223     1.94129   -0.723279     2.37705     1.10726    0.860122    -3.34343    -1.79698     -1.5007   -0.136795    -1.85496    0.785439   -0.833468
  0.361803 -0.0225201    1.56806   -7.02052 -0.0475154   -7.07145    1.65806   0.918562     1.5708    0.10628  -0.789089  -0.173556   0.105332 -0.0735293  -0.584478  0.0342277  -0.872665  -0.261799   0.521287   0.764005   -2.08825    0.70374  -0.962956  -0.280543  -0.851958    1.42706   0.450456   -2.44799   -2.02169    1.69573  -0.270312    0.19033   0.874362  -0.648638
   0.340796    0.047513     1.67682    -4.01932    -3.15973     -3.5853     1.60242    0.439896      1.5708   0.0235475   -0.872665  0.00617804    0.169427   -0.147614   -0.938675 -1.5854e-13   -0.764922   -0.261799    0.523599    0.251762    -1.48637    0.800602  -0.0895388    -1.81581    -1.49292       1.478   -0.483807   0.0346625     -1.4597   -0.093254  -0.0242458   -0.537444     0.53693    -0.87562
  0.307349  0.0766528    1.46049    53.3147    -2.9505    54.7394 -0.0975581   -1.47993  -0.307135   0.741043  -0.872665   0.261799   -1.36488    1.54106    -1.5708   0.917684  -0.872665    0.20454   0.113899  -0.942229   -2.75849   0.756547      -2.55   -0.33204   -2.32973   -1.35679      -2.55  -0.856327   -2.51568  -0.153162  -0.280227   0.055319   0.988561  -0.180352
   0.389615   0.0892075     1.62647      12.868  -0.0469712     13.5286    0.116173   -0.379129    0.387367           0   -0.872665    0.261799    -1.60439     1.21229     -1.5708    0.580869   -0.872665    0.261799  -0.0656714   -0.674778 -0.00849132     2.35571   -0.514208   -0.362839     1.57965     1.03214     0.51909    -2.69399    -1.47145    0.901825    -1.68066    0.850746       1.508    0.634447
    0.389596    0.0891939      1.62649       12.868   -0.0471886      13.5287     0.116348    -0.379021     0.387335 -6.94198e-29    -0.872665     0.261799     -1.60416      1.21231      -1.5708      0.58075    -0.872665     0.261799   -0.0646633    -0.672755  -0.00219294      2.35175    -0.500353     -0.35522      1.57475      1.03288     0.515065     -2.70499      -1.4705     0.912372     -1.68032     0.850504        1.508     0.635874
   0.406588 -0.00638535     1.76745   -0.791871   -0.115395   -0.782042     1.65806    0.967144      1.5708           0   -0.746271   -0.261799   0.0567499   0.0789851   -0.683747  0.00321315   -0.872665   -0.153366    0.523599     0.17077    0.109096     3.06589   -0.941945    -1.35665     1.28239     1.42451     1.02871    -1.03069   -0.981388    0.221558       0.292    0.779751    0.607624    -1.35103
   0.377734  0.00201712     1.75636   -0.669557  -0.0838571   -0.932743     1.65806      1.1392      1.5708    0.239213   -0.872665   -0.261799  0.00776341   -0.113488   -0.462832 -9.4369e-16   -0.800711    -0.22689    0.523599    0.439399    0.211279     2.90111   -0.808634    -1.19981     1.28166     1.44498     1.03262   -0.973956     -1.0363     0.61864     0.21207    0.244212    0.639059    -1.18256
    0.31676   0.0052737     1.82108    0.275557   -0.398448    0.476337    0.451829 -0.00224013    0.777137           0   -0.872665    0.261799   -0.886739    0.628499    -1.55895           0   -0.872665   0.0284465   -0.245088   -0.459981   -0.026751     1.46181    0.651841   -0.938342   -0.440012     1.43711    0.608684     1.31983    -2.51539       -2.55       0.292    -2.07792    -1.05425     2.10932
