    0.31676   0.0052737     1.02108    0.275557   -0.398448    0.476337    0.451829 -0.00224013    0.777137           0   -0.872665    0.261799   -0.886739    0.628499    -1.55895           0   -0.872665   0.0284465   -0.245088   -0.459981   -0.026751     1.46181    0.651841   -0.938342   -0.440012     1.43711    0.608684     1.31983    -2.51539       -2.55       0.292    -2.07792    -1.05425     2.10932
    0.31835 -0.00567331      1.0215   -0.264948   -0.388512   -0.471839    0.875366    0.619301      1.5708           0   -0.872665  -0.0278385   -0.456663  -0.0146184   -0.783374           0   -0.871807   -0.261799    0.247979    0.295766   -0.480136       1.327    0.471402    -1.06201   -0.725567       1.478    0.431966     1.52202    -2.41883    -1.06697       0.292    -0.77756    0.933363   -0.670169
  0.342983 -0.0465885    1.07787   0.789606   0.161118  0.0514244 -0.0547328  -0.340209    1.32065          0  -0.798804   0.261799   -1.50012 -0.0997886    -1.5708          0  -0.872665  -0.215234  -0.523599   0.501309  -0.373758     1.2743   0.448362    -1.1726 -0.0319344    1.19587   0.880613   0.398625   -2.55238      -2.55   -2.00103    1.16882    1.15666    1.32201
  0.342984 -0.0465811    1.07789   0.789598   0.161011  0.0516364 -0.0547878  -0.340093    1.32043          0    -0.7988   0.261799    -1.5001 -0.0994938    -1.5708          0  -0.872665  -0.215114  -0.523599   0.501826  -0.378855    1.27203   0.446788   -1.17159 -0.0347655    1.19541   0.878301   0.398415   -2.55229      -2.55   -2.00104    1.16864    1.15607    1.32246
  0.389367 -0.0890175    1.02676     5.9818 -0.0499587    5.32066    1.60123    1.21251     1.5708   0.579262  -0.872665  -0.261799  -0.118661  -0.377678  -0.386832          0  -0.872665  -0.261799   0.284858   0.958536    1.18539    2.97739   -2.13022    -1.5309   -1.89224   0.440162  -0.414617    0.30873   -2.32974  -0.495488   0.148375  -0.612725     1.0058  -0.265563
  0.293901 -0.0559056    1.08015   -17.9853  -0.156007   -18.7479   -0.10849  -0.015796    1.29702          0  -0.797349   0.261799   -1.54272 -0.0557356   -1.23005          0  -0.852829  -0.244438  -0.521256   0.246894   -0.55827    1.42684   -0.25497  -0.234698   0.142959   0.770147    1.05593    -2.6699  -0.313124   -1.85263  -0.479337   -2.10994    1.31252   -0.54493
  0.355128 0.00454736    1.15053   0.779009 -0.0675995   0.910789  -0.112971 -0.0348364   0.470334          0  -0.816831   0.261799   -1.65806    1.05758    -1.5708          0  -0.735467   0.204095  -0.523599  -0.592628  -0.675954    1.25799      -2.55  -0.190247   -1.12275  -0.691829   -1.91959   0.789105   -2.83933   0.071886  -0.222032   -1.06964    1.44373  -0.519187
  0.357808 0.00994866    1.15774    3.92543    3.20332    16.5653    -0.1094 -0.0568443     0.5242  0.0677226  -0.866302   0.261799   -1.65806   0.994181    -1.5708          0  -0.735402   0.190798  -0.523599  -0.533779   -3.03007    2.45387      -2.55   -0.71256  -0.323089    1.01928    1.01438   0.883588    -2.8797   -1.89619      0.292   -2.25169   -1.24886    2.51898
    0.399058    0.0022569      1.18789      6.92481     -0.22385      7.03573      0.12196    0.0560017     0.687678 -1.30104e-18    -0.872665     0.154909     -1.49353      0.96317      -1.5708      0.15268    -0.868607     0.261799     -0.44371    -0.542777    -0.965764      1.43801      0.97857   -0.0787037      1.60127    -0.859544     -2.40545     -2.19663    -0.247274     -1.68209     -1.07337        -2.55     0.855203    -0.823775
  0.403007 0.00709487    1.17939   0.693508   -0.14888   0.770886  0.0335349  0.0288073   0.674752 0.00579184  -0.872665   0.162391   -1.59647   0.971376   -1.56995   0.153049  -0.845001   0.261799  -0.523599  -0.774288   0.175089    1.66756 -0.0396815      0.298   0.857455   0.625116   0.401547    -1.8565  -0.816947   0.799514  -0.547908   0.815771      1.508  -0.372429
    0.366337   -0.0691388      1.23884      12.1605    -0.252312      11.5133      1.42262      1.29851       1.5708     0.267352    -0.761212    -0.261799    -0.208005    -0.195463    -0.283765 -1.24571e-14    -0.872665    -0.255046     0.523599     0.893116      -1.3802      1.07261     0.582108   -0.0772938      1.22216     -1.11045     -2.33623    -0.805064    -0.853411    -0.932163    -0.867477      1.52846      1.09635    -0.382573
    0.275653   -0.0523808      1.28283      6.49798    -0.863276      5.77928     0.421073     0.993159       1.5708      0.16076    -0.872665   -0.0370564     -1.01482   -0.0564855    -0.402353 -2.58474e-15    -0.872665    -0.261799    -0.523599     0.892316      1.29709      2.70758     0.423724   -0.0583044     0.935645      1.27521     0.817248   -0.0616788     -1.46075     0.567397    -0.315203      2.52664    -0.988047      1.98655
   0.318744 -0.00618074     1.42194   -0.260618   -0.383869   -0.465593    0.872742    0.610278      1.5708           0   -0.872665  -0.0252552   -0.457651  -0.0173172   -0.790129           0   -0.872665   -0.261799    0.523599    0.429093   -0.595309    0.908535    -2.14167       0.298    -1.52392   -0.898529    -2.07363   -0.519731   -0.558528    -1.00207    -1.73487     1.48312     1.00172  -0.0763363
    0.318746   0.00618538      1.42194     0.260602    -0.383808     0.465566     0.457629   -0.0173684     0.790188 -2.77556e-17    -0.872665     0.261799    -0.872741      0.61021      -1.5708            0    -0.872665    0.0252231     0.108797    -0.592811    -0.781898      1.04514         2.55     -1.18749    -0.444139    0.0295872     -1.26171    -0.934292    -0.407656    -0.457767     -1.86233       1.5535      1.13047    0.0718756
  0.345714  0.0172505    1.36989   0.800632   -0.15708    0.77903 -0.0919014  0.0747266   0.612083          0  -0.872665   0.261799   -1.65806   0.879057   -1.45495          0  -0.755702   0.150353  -0.523599  -0.457845   0.262251    1.23786  0.0979233  -0.757131   0.115162    1.12584    1.26935   0.944071   -2.52133   -1.17972  -0.381957  0.0806247      1.508  -0.529641
    0.328223  -0.00857934      1.41009      5.84951    -0.355048      5.66882      1.10649     0.760572       1.5708    0.0611887    -0.872665   -0.0949807    -0.303657   0.00489382    -0.688773 -2.79322e-14    -0.872665    -0.261799     0.523599     0.703942        1.603      2.92278    -0.658741    -0.813815    -0.959077    -0.833462     -1.58336     -3.06609     -1.26273     -2.12453    -0.964035     -1.04664       1.2681     -1.23471
  0.318745 0.00618514    1.42194   0.260606  -0.383811    0.46557   0.457627 -0.0173653   0.790186          0  -0.872665   0.261799  -0.872745   0.610216    -1.5708          0  -0.872665  0.0252272  0.0540165  -0.358517    1.22383    1.83764   0.472381  -0.437192    1.07369   0.909532    1.09824    -1.4488  -0.723778  -0.335875   -1.29349    1.66999    1.16618  0.0640754
   0.318745  0.00618515     1.42194    0.260605   -0.383811    0.465569    0.457627  -0.0173654    0.790186           0   -0.872665    0.261799   -0.872745    0.610216     -1.5708 4.33681e-19   -0.872665   0.0252272   0.0540885   -0.358559      1.2235      1.8374    0.472196   -0.437575     1.07333    0.909437     1.09861     -1.4489   -0.723686   -0.335743    -1.29345     1.67006     1.16622   0.0641148
    0.263165   -0.0630057      1.48846     0.796716    -0.351497     0.137547   -0.0146423      0.17269      1.25566            0    -0.795253     0.261799     -1.42707    0.0111179     -1.03536 -1.21431e-17    -0.872665    -0.261799    -0.523599    -0.134415     0.674451      1.47364     0.113749   -0.0442534     0.818709      0.68983      1.01849      -2.2945    -0.285814        -2.55    -0.996793     -1.82266      1.25402     -1.37793
   0.262813  -0.0630051     1.48844    0.797062   -0.353885    0.138295  -0.0145479    0.175118     1.25507           0   -0.795297    0.261799    -1.42709   0.0120786    -1.03306 4.33681e-19   -0.872665   -0.261799   -0.523599    -0.17573    0.826479     1.43222    0.269111  -0.0486261    0.810308    0.675657     1.01564    -1.34779   -0.608525    0.119656   -0.888375     1.31474       1.508   -0.491585
    0.317211   0.00546897      1.62127     -2.86939     -2.74636     -2.66758     0.453142  -0.00563895     0.779935 -2.35922e-16    -0.872665     0.261799    -0.883541     0.624581     -1.56172 -1.21431e-17    -0.872665    0.0277938    -0.523599     0.234294     -1.55467     0.332293      2.09217   -0.0122666         2.55      1.32961      1.02863     -3.28623     -2.31629   -0.0848754     -1.01587     0.789031    -0.183126      1.11754
    0.318748  -0.00617905      1.62193     -19.1104    -0.383898     -19.3153     0.872975     0.610487       1.5708 -3.81639e-17    -0.872665   -0.0253297    -0.457474   -0.0172536    -0.789987  3.46945e-18    -0.872665    -0.261799   -0.0795473      1.27804      1.33788      3.36224     -1.55117        0.298   -0.0856093     -1.52545     -2.09208      1.14693    -0.857816      1.54355     -0.57416      1.31606    -0.105703     0.862625
    0.318748  -0.00617905      1.62193    -0.260845    -0.383898    -0.465778     0.872975     0.610487       1.5708            0    -0.872665   -0.0253297    -0.457474   -0.0172536    -0.789987 -9.62459e-14    -0.872665    -0.261799   -0.0328593     0.134239     -1.01969       1.3159     0.324241     -1.51315     -1.16021        1.478    -0.173344   -0.0546328     -1.18877    0.0235223    -0.988516     0.105109      1.29607     -1.30038
    0.351629   -0.0213997      1.57601    -0.734021    -0.132725    -0.756455      1.60494     0.869267      1.51541    0.0702286    -0.791444     -0.15342    0.0617084    0.0106136    -0.620144 -3.64733e-13    -0.872665    -0.261799     0.282908     0.512476     0.739187      3.09075       2.2904        0.298      1.77699     -1.37645        -2.55    -0.354516     -1.12796     0.131668        0.292   -0.0633209     0.367653      -1.2138
   0.31873 0.00616773    1.62193   0.260815  -0.383997    0.46582   0.457543 -0.0172318   0.789925          0  -0.872665   0.261799    -0.8729    0.61057    -1.5708          0  -0.872665  0.0253376  -0.351483  -0.284944    1.44768    2.52625   0.871702      0.298   0.813628    1.02086   0.630671   0.174201   -1.69423  -0.169985  -0.812026  -0.195141    1.41054  -0.951627
  0.318156 0.00590939    1.62169   0.265026  -0.388199   0.468828   0.455896 -0.0129146   0.786219          0  -0.872665   0.261799  -0.876825   0.615772   -1.56743          0  -0.872665  0.0262368  0.0547136  -0.732236   -1.88138    2.08681   0.626964      0.298    0.89925  -0.810438   -2.09137   0.844006   -3.20165   0.670666  -0.471097     1.1761   -1.29148    2.26344
  0.341902 -0.0502522    1.67154   0.795789   0.201658 -0.0297221 -0.0318987  -0.384089    1.40416          0  -0.799075   0.261799   -1.51221  -0.212205    -1.5708          0  -0.872665  -0.261799  -0.523599   0.854297     1.4883    2.69713    1.39025      0.298    1.37585   0.541288   0.608502  -0.237494   -2.71529   -1.86146   -1.72352    1.01139    1.21845    1.27788
  0.305125 -0.0595965    1.68551   0.775808 -0.0674615  0.0529142 -0.0235952  -0.113633    1.32968 -3.747e-16  -0.795428   0.261799   -1.44678  -0.106613   -1.30712          0  -0.872665  -0.261799  -0.523599   0.582253    1.52853    2.42538   0.715426 -0.0620048     1.4359   0.764067    1.03514  -0.953851   -1.65555  -0.794116   -2.15653    1.01302      1.508    0.79864
   0.301742 -0.00405145     1.80826    0.459612    -0.51786    0.617631    0.381855    0.145396    0.646729           0   -0.872665    0.261799    -1.07656    0.807398    -1.42374           0   -0.872665   0.0672249   -0.499951    -0.28393    -1.05384     1.03611    0.881516       0.298    0.921241    -1.26902    -1.80142   -0.722636    -1.08234    -1.24254       0.292   -0.914871    -1.20194     1.71399
   0.309201 -0.00130097     1.81647    -0.34703   -0.456338   -0.529772    0.956659    0.707008     1.50552           0   -0.872665  -0.0439147   -0.424396    0.062003   -0.720783 -1.3968e-13   -0.872665   -0.261799    0.523599    0.312751   -0.536314    0.939995     -1.9996       0.298    -1.67379    -0.93135    -2.09772   -0.236492   -0.917356   -0.478747    -1.31271     1.04339     1.48156   -0.508497
  0.315384 0.00121835    1.81748   0.301635  -0.424323   0.524396   0.449079 0.00606291   0.728377          0  -0.864366   0.261799  -0.897719   0.692401    -1.5708          0  -0.872665  0.0489248  -0.463528   0.121042   -1.26896   0.679166  -0.816696  -0.327414  -0.647174    1.33052    1.01753   -2.51367   -2.02413   -2.40017    0.13637   -1.63383    0.86981  -0.711452
   0.316703  0.00522637     1.82103    0.276083   -0.399012    0.476895    0.451681 -0.00177231    0.776494 4.33681e-19   -0.872665    0.261799   -0.887146    0.629373    -1.55871           0   -0.872665   0.0286507     0.24218   -0.617518    -2.74324     2.45065    0.158693    0.297255    0.244255   -0.684639    -1.61108    0.942293    -3.21873    -0.71468    0.253133   -0.455125     1.29094   -0.446794
    0.31676   0.0052737     1.82108    0.275557   -0.398448    0.476337    0.451829 -0.00224013    0.777137           0   -0.872665    0.261799   -0.886739    0.628499    -1.55895           0   -0.872665   0.0284465   -0.245088   -0.459981   -0.026751     1.46181    0.651841   -0.938342   -0.440012     1.43711    0.608684     1.31983    -2.51539       -2.55       0.292    -2.07792    -1.05425     2.10932
