    0.31676   0.0052737     1.02108    0.275557   -0.398448    0.476337    0.451829 -0.00224013    0.777137           0   -0.872665    0.261799   -0.886739    0.628499    -1.55895           0   -0.872665   0.0284465   -0.245088   -0.459981   -0.026751     1.46181    0.651841   -0.938342   -0.440012     1.43711    0.608684     1.31983    -2.51539       -2.55       0.292    -2.07792    -1.05425     2.10932
   0.35404 -0.0223662   0.989146   -0.60714   -0.15602  -0.718269    1.47908    0.84496     1.5708   0.190559  -0.872665  -0.151572 -0.0479026 -0.0573985  -0.639564          0  -0.871771  -0.261799   0.523599   0.508877   -1.24982    1.20634 -0.0231429   -1.03014   -1.00792    1.45617   0.183883      1.606   -2.20925   -1.20428      0.292  -0.895021   0.837932  -0.567911
 0.287465 -0.070185   1.09325  0.607001 -0.619279 -0.174524  0.162583   0.58802    1.5708  0.141337 -0.872665 0.0682915   -1.2411 -0.141083 -0.720643         0 -0.872665 -0.261799 -0.523599  0.599429 -0.684294   1.24977  0.136205 -0.740005 -0.650525   1.25858  0.760761 -0.296143 -0.995576 -0.832858  -1.51531    1.0029     1.508 -0.258686
  0.342983 -0.0465811    1.07789     0.7896   0.160999  0.0516444 -0.0547921   -0.34008    1.32042          0  -0.798801   0.261799    -1.5001 -0.0994842    -1.5708          0  -0.872665  -0.215116  -0.523599   0.501854  -0.378423    1.27214   0.446831   -1.17173 -0.0346205    1.19527   0.878538   0.398449   -2.55224      -2.55   -2.00098    1.16877     1.1559     1.3223
    0.298956   -0.0739145      1.09404      10.0998      -2.6459      9.29097     0.114453     0.439214       1.5708     0.139281    -0.872665    0.0931554     -1.29946    -0.175451    -0.848672 -2.44922e-27    -0.872665    -0.261799    -0.523599     0.558706    -0.388158      1.33277     0.276123    -0.837135    -0.397615       1.2522     0.832724        0.858     -2.52931    -0.632404        0.292    -0.591845      1.10731    -0.434677
   0.390596   -0.089341     1.02354    -9.74262    -3.11511    -10.3891     1.65806     1.21354     1.54434    0.588967   -0.872665   -0.261799  -0.0895131   -0.377737   -0.385589 1.24455e-17   -0.872665   -0.261799   0.0352506    0.672834    0.403665     2.18693     2.25746    -1.63439   -0.923009       1.478   -0.708465    -3.07165    -1.12864    -2.13272   -0.243029    -2.24377    0.959751   -0.391182
   0.36354 -0.0160285    1.16652  -0.681194 -0.0516978  -0.839303    1.65806   0.994953     1.5708    0.22624  -0.858166  -0.198091  0.0558745  -0.128665  -0.528841  0.0393985  -0.852239  -0.261799   0.523599   0.877746   0.369285    2.94533  -0.353148   -1.69596   -1.94157     -1.562    -1.4637  -0.362941   -1.94527    2.03487  -0.419814    1.13064  -0.699948    2.26498
  0.383424  0.0240028    1.20372  -0.495716  -0.514232  -0.679133    1.11125   0.978212     1.5708          0  -0.872665  -0.261799  -0.446109   0.196876  -0.701338 0.00897682  -0.872665  -0.109876   0.523599    0.72826  -0.841632   0.445759   0.683118  -0.641145   -1.70584    1.11929   0.765884   0.768725   -1.78975  0.0715622  -0.240773  -0.813005    1.06145  -0.798544
     0.31476  -0.00430825      1.22008      9.13286     -2.72819      15.2197     0.902324     0.647693      1.54623 -4.46865e-15    -0.872665   -0.0319308    -0.445526    0.0136104    -0.763417 -2.06432e-16    -0.872665    -0.261799   -0.0289741     0.556036      -2.3922     0.311212      2.32069    -0.838707      1.91218      1.20521      1.05151     -2.57097     -1.69761     -2.18483    -0.370417     -1.79896     0.741395     -1.06112
   0.347417   0.0180672       1.189     3.77152     -2.9414     3.86956   0.0595232 -0.00908224     0.63131 -9.0314e-17   -0.872665    0.261799    -1.45073    0.853073      -1.549    0.112579    -0.84053    0.147499   -0.459124   -0.643389    0.527911     1.99648   -0.953786   -0.541229    -1.46152   -0.837295    -2.06124    -1.70883   -0.935623    0.566161   -0.545894    0.976169      1.4326   -0.435183
    0.27422   0.0550024     1.28484    -0.29708   -0.848907    0.429006     1.05893  -0.0643374    0.440819 2.08167e-17   -0.872665    0.261799   -0.364923    0.938783     -1.5708    0.154542   -0.872665   0.0168458    0.493388   -0.786565    -1.29984     1.15449        2.55   -0.468523        2.55    0.818175     1.19965    -1.58486   -0.862891   -0.688659 0.000830765   -0.836873    -1.26752     2.20873
 0.342385 0.0454651     1.208  -6.01728 -0.355753  -5.09609  0.331158 -0.425242   0.12799         0 -0.761289  0.261799  -1.29269   1.45427   -1.5708  0.491502 -0.872665  0.261799 0.0979677 -0.677837     1.603   2.68352  -1.71888 -0.402721  -2.23953  0.793269  0.681741   1.06128  -2.86039      2.55  -1.68607  -1.12085 -0.399154     -2.55
   0.339583   0.0515821     1.28076     49.4138 -0.00313986     43.5398     1.55043      0.4378      1.5708  0.00254521   -0.872665  0.00731132    0.121138   -0.150853   -0.943502   0.0352885   -0.781507   -0.261799    0.523599     0.15377    -2.68269    0.288541     2.12115   -0.373667     1.88807      1.4181    0.443457   -0.269335    -1.42051   -0.130387   -0.158812  -0.0908166    0.654392   -0.968797
   0.286163   0.0646629     1.28941     18.0498   -0.204187     18.7604     1.44989  -0.0569372     1.17366 1.28652e-17   -0.872665    0.261799  -0.0351649  0.00485964    -1.29993     0.15414   -0.872665   -0.261799    0.523599   -0.115767    0.533222     2.79462    0.521648   -0.219845    0.489465       1.478    0.507737      -3.359    -2.36239     1.86587   -0.805656    -2.33272   -0.918596     2.54747
    0.358502   -0.0259842      1.38536     -10.0541     -3.02833      -10.144      1.54146     0.843822       1.5708      0.21542    -0.872665    -0.154095  -0.00283469   -0.0743325    -0.642032 -4.88585e-15    -0.872665    -0.261799     0.316332     0.005179     -1.87478      0.96592     0.313573     -1.55552      1.36402    -0.740654         2.55     -1.40799    -0.648491     -2.54693    -0.523494        -2.55     0.604488     -1.42563
     0.31389  -0.00176899      1.41777    -0.309836    -0.429536    -0.519081     0.911357     0.688069      1.55236 -1.97758e-16    -0.872665   -0.0449069    -0.442914    0.0197112    -0.732703            0    -0.867634    -0.261799    -0.163384      0.66698     -2.26955     0.280644      2.54004    -0.196038      1.79001      1.44316     0.637183     -2.81854     -2.35311      1.17977     0.286419     -1.22765    -0.563361      1.33422
   0.318743 -0.00618423     1.42195   -0.260598   -0.383818   -0.465561    0.872733    0.610212      1.5708           0   -0.872665  -0.0252163   -0.457632  -0.0173629   -0.790169 3.46945e-18   -0.872665   -0.261799    0.388562    0.291501     1.01797     2.24248   -0.555533   -0.641781       -1.45    -0.95326    -1.91354    -1.74099   -0.925378     2.03977       0.292   -0.485625     1.01089   -0.679585
   0.315449 -0.00134969      1.4176   -0.300575   -0.423363   -0.522889    0.897065    0.690351      1.5708           0   -0.872665  -0.0483039   -0.449265  0.00548737   -0.729906 1.38778e-17   -0.864527   -0.261799    0.201791     0.52756     -1.3696     0.96293  -0.0884773   -0.531368    -1.14044     1.32649    0.578709    -1.35523    -1.37809     1.72658       0.292   -0.702608    0.805767   -0.683377
   0.268877   0.0638642     1.49025   -0.648815   -0.662646   0.0813396     1.27825  -0.0643436    0.704545 1.11022e-16   -0.872665    0.261799  -0.0810373    0.590192    -1.50486 3.46945e-18   -0.806099   -0.110681    0.523599   -0.284617     -1.0167     0.87764     0.07451   -0.682063    -1.09678     1.38592    0.711106   -0.982741    -1.35111      1.5904       0.292   -0.784625      0.7914   -0.843582
  0.268875  0.0638658    1.49025  -0.648826   -0.66262  0.0813289    1.27826 -0.0643517    0.70457          0  -0.872665   0.261799 -0.0810331   0.590157   -1.50486          0  -0.806099  -0.110694   0.523599  -0.284613   -1.01676   0.877667  0.0744959  -0.682009   -1.09682    1.38603    0.71115  -0.982744   -1.35111    1.59038      0.292  -0.784633   0.791377  -0.843578
   0.367862 -0.00839009     1.54686    0.686846  -0.0852864    0.997272  -0.0226128   -0.122553    0.390323 6.93889e-18   -0.777467    0.240088    -1.65806     1.20073     -1.5708    0.188218   -0.843833    0.261799   -0.523599   -0.658844   -0.449256     1.15194    0.445936  -0.0492263   -0.805576    0.723889     1.15206    -1.69613  -0.0373225    -1.38987    -1.87471    0.271236    -0.35737     2.17936
    0.366601   -0.0109723      1.54465     -11.8475   -0.0915852     -11.5591   -0.0344716   -0.0909666     0.385092 -1.46243e-11    -0.778273     0.238616     -1.65806      1.20524      -1.5708     0.121359     -0.80994     0.261799    -0.523599    -0.847755      0.05493      1.41707     -1.29172    -0.295036     -1.80096     -0.67549     -1.85635     0.511169     -3.10169     0.444567     -1.61111      1.76239       -1.542      1.58923
   0.387687 0.000480432     1.56134    0.736832  -0.0999617    0.880025  -0.0320408  -0.0161115    0.541807           0   -0.831929    0.201202    -1.65806     1.07508     -1.5708    0.108378   -0.805879    0.261799   -0.523599   -0.301902   -0.781651    0.978107    0.232915  -0.0973777    -0.90815    0.796517     1.13685    -1.51613   -0.918705   -0.372794    -1.26692     1.79019     1.07728    0.244064
   0.401768  0.00502686     1.58587    0.650607   -0.192317    0.752652   0.0928569   0.0385804    0.689686 2.77556e-17   -0.872665    0.156907    -1.53328    0.960516     -1.5708    0.177295   -0.872665    0.261799   -0.523599   -0.651873    -2.38548      1.3415     1.97557    -1.50541    -2.12367   -0.732147   -0.756117    -1.48551   -0.836769 -0.00214986   -0.872033     1.32721      1.3773   -0.157737
    0.318757  -0.00617672      1.62193    -0.260886    -0.383863    -0.465852     0.873008     0.610568       1.5708 -5.89806e-17    -0.872665   -0.0252783    -0.457425   -0.0172955    -0.789956 -2.63678e-16    -0.872665    -0.261799    0.0147955     0.351027     -1.57333     0.503931     0.814073      -1.2833     -2.14932     0.824385     0.104151    -0.673841     -1.17532    -0.950984    -0.638021       1.0848      1.00012     -0.54703
    0.318763   0.00614262      1.62192     -6.02209    -0.384232     -5.81709     0.457481    -0.016946     0.789602 -8.22953e-14    -0.872665     0.261799     -0.87312     0.611069      -1.5708            0    -0.872665    0.0255623    -0.311641    -0.184633        1.603      2.63345        -2.55    -0.249959      -1.9387      1.14053     0.744997     0.498281     -1.41708     -1.04216     -1.05672     0.314303        1.508    -0.653607
    0.273469   -0.0628671      1.68985      0.51752    -0.756863     -0.22911     0.225432     0.750139      1.54764     0.139595    -0.872665     0.045721     -1.18497   -0.0867434    -0.581459 -5.17966e-16    -0.872665    -0.261799    -0.523599     0.477059    0.0304576        1.746    -0.120414    -0.886793     0.156752        1.478       1.0428    -0.760857     -1.01159    -0.200992    -0.685683     0.898882      1.33612    -0.770761
  0.273415 -0.0628326    1.68983   0.517109  -0.757403  -0.229382   0.225715   0.750782    1.54752    0.13958  -0.872665  0.0456301   -1.18476 -0.0865115  -0.580911          0  -0.872665  -0.261799  -0.523599   0.476647  0.0366324       1.75  -0.122344  -0.887347   0.164209      1.478    1.04608   -0.76572   -1.00867  -0.203919  -0.679451   0.906056    1.33226  -0.772237
    0.306381    -0.053984      1.68724     -27.4368     -3.00952     -28.0701   -0.0868811   -0.0335763      1.18846  6.93889e-18    -0.795523     0.261799     -1.51365    0.0982009     -1.31493 -5.97823e-12    -0.872665    -0.175267    -0.523599     0.151549     -1.70111      1.25143         2.55    -0.536675      2.32691     0.530651      1.30357     0.497666     -2.91314     -2.39418        0.292     -1.57364      -1.4011         2.55
    0.389074    -0.088812      1.62708     -25.4339   -0.0531247     -26.0956       1.5979      1.21278       1.5708     0.577404    -0.872665    -0.261745    -0.121152    -0.376065    -0.386245 -1.19904e-13    -0.872665    -0.261799     0.100655     0.757918     0.724013      3.19073      -2.3761     -1.69009      1.08414    -0.250211      2.42125    -0.120978     -2.43895      0.77119     -0.49927      1.51399     -1.02329         2.55
   0.331433 -0.00981664     1.80713   -0.467705   -0.335082   -0.640168     1.16386    0.783158     1.56861   0.0778284   -0.872665   -0.107364   -0.266086   0.0033491   -0.674372 4.33681e-19   -0.872665   -0.261799    0.224001    0.563929     1.14484      3.3744    -1.21091    -1.77404     1.93761    0.603773     1.91305   -0.530931    -1.51732   -0.188229  -0.0779775    0.366062    0.856151   -0.842074
   0.318699 -0.00615127     1.82189   -0.261302   -0.384294    -0.46628     0.87331    0.611167      1.5708           0   -0.872665  -0.0255748   -0.457283  -0.0169775   -0.789509           0   -0.872665   -0.261799    0.395856    0.295799    -2.82168     2.63783    -2.35611    -1.34514        2.55    -1.44536    -2.27222     1.25134    -2.54012    -2.54126       0.292    -1.94197    -1.12015      2.1457
    0.31676   0.0052737     1.82108    0.275557   -0.398448    0.476337    0.451829 -0.00224013    0.777137           0   -0.872665    0.261799   -0.886739    0.628499    -1.55895           0   -0.872665   0.0284465   -0.245088   -0.459981   -0.026751     1.46181    0.651841   -0.938342   -0.440012     1.43711    0.608684     1.31983    -2.51539       -2.55       0.292    -2.07792    -1.05425     2.10932
