    0.31676   0.0052737     1.02108    0.275557   -0.398448    0.476337    0.451829 -0.00224013    0.777137           0   -0.872665    0.261799   -0.886739    0.628499    -1.55895           0   -0.872665   0.0284465   -0.245088   -0.459981   -0.026751     1.46181    0.651841   -0.938342   -0.440012     1.43711    0.608684     1.31983    -2.51539       -2.55       0.292    -2.07792    -1.05425     2.10932
   0.318746 -0.00618482     1.02195   -0.260618   -0.383823   -0.465577    0.872757    0.610231      1.5708           0   -0.872665  -0.0252408   -0.457625  -0.0173483   -0.790168           0   -0.872665   -0.261799    0.259051    0.272484   -0.340001     1.33961     0.58936     -1.0797   -0.687768       1.478    0.442613     1.49477    -2.45652    -1.06608       0.292    -0.74414    0.944948   -0.673234
 0.308506 0.0753585   1.09339 -0.714413 -0.400286  0.116556   1.34107  -0.19987  0.946409         0 -0.872665  0.261799 -0.085705  0.328369   -1.5708  0.137954 -0.872665 -0.109623  0.523599  0.447613   1.09781   3.12866    1.0526 -0.409565  0.594116     1.478   1.05742   1.49747 -0.854113  -1.21579     0.292  -1.21728  0.300851 -0.217258
   0.308538   0.0753612     1.09339   -0.714528   -0.399978    0.116515     1.34121   -0.199945    0.946725 -8.4828e-15   -0.872665    0.261799  -0.0856219    0.328015     -1.5708    0.137952   -0.872665   -0.109671    0.523599    0.447589     1.09047     3.12977     1.02517   -0.414815    0.620075       1.478     1.06257     1.49824   -0.854284    -1.22434       0.292     -1.2085    0.299255    -0.21846
   0.389256   0.0889325     1.02689      25.434  -0.0512636     26.0954    0.119752   -0.377078    0.386626 2.04793e-19   -0.872665    0.261799    -1.59983     1.21261     -1.5708    0.578614   -0.872665    0.261799   -0.288568   -0.864619    -2.32692     1.18623   -0.175222   -0.310397    -1.38824     1.16025    0.267783   -0.668982    -1.46825   -0.779054    -1.57858    0.741333       1.508    0.164237
    0.388765    0.0886018      1.02742      25.4335     -0.05655      26.0958     0.124023    -0.374487     0.385775 -2.08167e-17    -0.872665     0.261799     -1.59421      1.21292      -1.5708     0.575743    -0.872665     0.261712    -0.492111     -1.22323    -0.155748      2.03285     0.744449     -0.51591    -0.411401      1.36707     0.269608      1.38061     -2.59599     -0.98561        0.292    -0.886001     0.872329    -0.566407
   0.318746  0.00618385     1.22195    0.260455   -0.383825    0.465468    0.457768  -0.0173855    0.790235           0   -0.872665    0.261799   -0.872582     0.61012     -1.5708 4.33681e-19   -0.872665   0.0252258   -0.385537   -0.265316     1.02794     2.22878    0.852556   -0.642504     0.37018       1.478    0.901227   0.0834318   -0.655116    -1.06393    -1.39403     0.90776      1.2455   -0.619338
    0.318746   0.00618385      1.22195     0.260455    -0.383825     0.465468     0.457768   -0.0173855     0.790235 -8.89046e-18    -0.872665     0.261799    -0.872582      0.61012      -1.5708            0    -0.872665    0.0252258    -0.385608    -0.265304        1.028      2.22891     0.852567    -0.642393     0.370188        1.478     0.901182    0.0838372    -0.655317      -1.0636     -1.39381     0.907374      1.24582    -0.619674
   0.407687 -0.00911998     1.17119      58.929    -3.03181      58.916     1.65806    0.964995      1.5708     0.06821   -0.783357   -0.261799   0.0422787   0.0551977    -0.68561           0   -0.872665   -0.155247    0.523599     0.77006    -2.29986    0.400866        2.55     -0.2018      1.8601     1.37036    0.541891    0.606668    -1.50094    -2.40112  -0.0943284    -1.89906   -0.733874     2.53353
   0.314432 -0.00417251     1.21993   -0.294499   -0.415642   -0.490086    0.904845    0.650505     1.54415           0   -0.872665  -0.0324198   -0.444484   0.0160512   -0.761379           0   -0.872665   -0.261799    0.252984    0.408053     1.33466     2.47124        2.55       0.298     2.05796    -1.05805    -2.10682    -1.43438    -1.33489       -2.55    0.288265       -2.55     1.22698   -0.710462
  0.283486 -0.0681532    1.29243    3.71392   -2.47493    2.94276   0.186275   0.647928     1.5708    0.14239  -0.872665  0.0570366   -1.21585  -0.127042  -0.670262          0  -0.872665  -0.261799  -0.523599   0.191472      1.019    2.31577   -1.44993   -1.19816   -1.19727  -0.462381   -1.41331      1.606   -2.76928   0.389407   0.152536   0.941907   -1.31273     2.2457
   0.342983  -0.0465961     1.27787    0.789538    0.161178   0.0513189  -0.0546305   -0.340279     1.32077 2.77556e-17   -0.798806    0.261799    -1.50005  -0.0999626     -1.5708 1.38778e-17   -0.872665   -0.215262   -0.523599     0.50203   -0.377598     1.27255     0.44738    -1.17217  -0.0341089     1.19569    0.879083    0.397934    -2.55319       -2.55    -2.00068     1.16904     1.15567     1.32266
    0.350645   -0.0210691      1.36866     -13.3607    -0.115652     -13.3301      1.65806     0.866149      1.49593            0    -0.744368    -0.149854     0.116932    0.0393646    -0.622945 -1.34966e-13    -0.872665    -0.261799     0.523599     0.193991        1.603      3.07145     -1.90686     -2.04922     -1.91491     0.106789    -0.413324    -0.894114    -0.797159     -1.43153    -0.212743    -0.989742    -0.809339      2.01017
   0.333926 -0.00849484     1.37211     2.32494      -2.887     2.32518     1.65806    0.909977     1.35712           0   -0.783081   -0.149449   0.0296125    0.155958   -0.582677           0   -0.872665   -0.261799    0.523599    0.863258     -1.5603    0.473662        2.55       0.298     2.06342     1.47232    0.690888    -2.68468    -2.62329     1.69574   -0.346656     0.87465    0.744199    -1.06796
   0.407485 -0.00891604     1.37091   -0.763049   -0.110092   -0.775459     1.65806    0.965909      1.5708   0.0642094   -0.781193   -0.261799   0.0431513     0.05636   -0.684463           0   -0.872399   -0.155487    0.523599  0.00822822   -0.855017     1.63825     0.50048    -1.51577    -1.08649       1.478   -0.421929   -0.870551   -0.931311    0.440845   -0.338856    0.305562    0.950318    -1.08012
  0.384497 -0.0194225    1.40002   0.550939  -0.469322   0.706274   0.369504   0.196436   0.696982          0  -0.872665   0.118816   -1.19936   0.977632   -1.55457          0  -0.857434   0.261799  -0.523599  -0.780247   0.688335    1.57831   0.818687  -0.174248 -0.0830396   0.990586   0.737279   -1.48828  -0.972081    2.13326  -0.771379  -0.593103      1.508   -1.25857
   0.394933 -0.00240725     1.38836    0.649446    -0.26802    0.757816    0.149243   0.0942328    0.682059           0   -0.872665    0.151021    -1.44336    0.970392     -1.5708   0.0802333   -0.840956    0.261799   -0.523599   -0.630557    0.491359     1.59714     0.67725   -0.401742   0.0910264     1.06206    0.740277      -2.043    -1.02493     2.02217   -0.489308     -0.2376       1.508   -0.678296
   0.394935 -0.00240566     1.38836    0.649449   -0.268004    0.757816    0.149229    0.094222    0.682059           0   -0.872665    0.151023    -1.44338    0.970391     -1.5708   0.0802501   -0.840961    0.261799   -0.523599   -0.630535    0.491355     1.59714    0.677224   -0.401797   0.0910651     1.06209    0.740278    -2.04299     -1.0249     2.02215   -0.489127   -0.237594       1.508   -0.678247
    0.279763    0.0656041      1.49121     -50.7942    -0.715919     -50.0337      1.18717    -0.111807     0.616534 -4.40759e-14    -0.872665     0.261799    -0.215243     0.713053      -1.5708     0.143739    -0.872665   -0.0437183      0.45734    -0.383427        1.603      2.56394     -2.43686        0.298     -2.17173      1.34349      1.19592       -3.359     -1.56391     -2.13657    -0.872088    -0.709354      1.26432     -1.33231
  0.346712  0.0585293    1.46095    9.68302   -2.64858     10.378   0.497269   -0.16598   0.330117          0  -0.872665   0.246142   -1.12275    1.23343    -1.5708   0.347417  -0.872665     0.2323   0.209499   -1.49308   -1.19066    2.09677       2.55   -1.02205    1.72517 0.00805395    2.00278    -2.2481  -0.487397    1.94214  -0.448439  -0.231657      1.508  -0.732072
  0.383763  0.0545326    1.48451    17.9553 -0.0330183      18.48    1.59466   0.403689     1.5708          0  -0.872665 -0.0543187   0.141949 -0.0317911   -1.09215          0  -0.791447  -0.161977   0.523599   0.145884    0.53678    3.04519    1.32796 -0.0738046  -0.369896      1.478   0.246836   -3.10733   -1.95685     1.3058      0.292   -1.55423  -0.484245    1.84461
  0.337353  0.0510946    1.48731     17.998 -0.0176287    18.6365    1.54447   0.135466     1.4654          0  -0.872665   0.121649  0.0782352  -0.145543   -1.18955  0.0941051  -0.844207  -0.242172   0.493049   0.119519   0.418943    3.08636   0.699376  -0.105044   0.302538    1.47777   0.300604     -3.359   -1.47955   -1.27505  -0.952116   -1.31409   0.382795   -1.93381
  0.356678  0.0201521    1.57345   0.705363  -0.101114   0.782185 -0.0561248 -0.0411098   0.588717          0  -0.859283   0.261799   -1.58242   0.910891    -1.5708  0.0934188  -0.797598   0.169364  -0.523599  -0.777864   0.801324    1.63546   0.621113 0.00235556   0.673521   0.772618   0.656823  -0.835187  -0.792727   -0.20767   -1.65269    1.21632      1.508 -0.0400692
   0.355658 -0.00460596     1.55182   -0.777917  -0.0674937   -0.906611     1.65806     1.05344      1.5708  0.00487881   -0.738944   -0.203917    0.108083  -0.0443528   -0.474434   0.0195975   -0.827216   -0.261799    0.519055    0.594414    0.813897     3.01649   -0.937539   -0.361226    -1.19714    -1.36073       -2.55      -3.359    -2.50213     2.13761   -0.376539    -2.17804   -0.784029     2.17034
    0.318743   0.00618225      1.62192     -2.88058     -2.75758     -2.67559     0.457379   -0.0171687     0.789761 -2.04134e-15    -0.872665     0.261799    -0.873067     0.610783      -1.5708 -2.65551e-14    -0.872665    0.0254369    -0.251656    -0.182923     -1.42642      1.11013    -0.475148    -0.325247     -0.71479      1.21589     0.759718     -2.23541    -0.844658     -1.80574     -1.18853     -2.11583     0.638128     -1.37836
    0.359907    -0.028244       1.5666     -3.91804     -3.10198     -3.88132      1.65806     0.848563       1.5708    0.0161194     -0.73341    -0.149873     0.155451    -0.031432    -0.636052 -3.31002e-15    -0.871909    -0.261799     0.523599     0.671341     0.670186      3.13428    -0.804414    -0.511213     -1.24398     -1.28151     -2.43097     0.569586     -1.83596      1.29615    -0.270002     0.756038    -0.722506      2.37538
  0.365998 -0.0612458    1.61279   -3.74038   -3.02479    -4.2801    1.65806    1.35388    1.51789          0  -0.589182  -0.261799 0.00804597  -0.113419  -0.217982  0.0188377  -0.872665  -0.261799   0.371663    1.17567   -2.19215   0.679838   -1.87916  -0.317706 -0.0263657    1.46481   0.536138   0.201576   -1.50522  -0.422713      0.292  -0.373403   0.524461  -0.631552
   0.373076   -0.072462     1.64643    -22.2774    -2.86863    -22.9637     1.36813     1.23468      1.5708    0.459547   -0.872665   -0.261799   -0.307576   -0.265593   -0.361895 2.77556e-17   -0.872665   -0.248055    0.523599    0.599018    -2.79196     2.25515    -2.03168    -0.77929        2.55    -1.18981    -2.54863    -1.65063   -0.697084       -2.55  -0.0468026    -2.23528     1.30012   -0.779837
    0.310451   -0.0569789      1.68789     -58.8609     -3.05328     -59.5508   -0.0236986    -0.102919      1.25392     0.127311     -0.86075     0.261799     -1.50628    0.0132744     -1.33314 -2.09505e-15    -0.872665    -0.204836    -0.463504    0.0499763     -3.31573      1.62229      1.66738    -0.717912      1.34356      0.57149      1.59484     -2.65077    -0.299778     -2.04732    -0.164071     -2.04557      1.45308    -0.372181
 0.289418 -0.070995   1.69353  -8.80295   -2.5448  -9.58955  0.152131  0.560115    1.5708  0.140763 -0.872665  0.073335  -1.25271 -0.147636 -0.744247         0 -0.872665 -0.261799 -0.523599   0.67661   1.27993   2.53527 -0.560845 -0.493248  -1.14886 -0.900854  -1.89314  -2.41089  -1.06469  -2.07456 -0.212967  -2.11049    1.1944 -0.675426
  0.407376 -0.0107847    1.77334  -0.739974  -0.104639  -0.769432    1.65806   0.962724     1.5708   0.115936  -0.809202  -0.260063  0.0326478  0.0350709  -0.684578          0  -0.872665  -0.159123   0.523599   0.543801    1.59107    3.43447   -1.99376   -2.04237   -2.08556   0.254929  -0.243827  -0.335618   -1.58692  -0.183859   -0.18608 0.00136515   0.870908  -0.670711
    0.335689   -0.0116129      1.80236    -0.518278    -0.304437    -0.674417      1.25446     0.812937      1.55649     0.102598    -0.872665    -0.122883    -0.209411   0.00401886    -0.655297 -9.71445e-17    -0.872665    -0.261799     0.523599     0.486432     -3.14599      2.54487        -2.55     -1.44404      2.35919       -1.562        -2.55     -1.81063     -1.14273     -2.40107    -0.240407     -2.26419      1.04015    -0.867328
    0.31676   0.0052737     1.82108    0.275557   -0.398448    0.476337    0.451829 -0.00224013    0.777137           0   -0.872665    0.261799   -0.886739    0.628499    -1.55895           0   -0.872665   0.0284465   -0.245088   -0.459981   -0.026751     1.46181    0.651841   -0.938342   -0.440012     1.43711    0.608684     1.31983    -2.51539       -2.55       0.292    -2.07792    -1.05425     2.10932
