    0.31676   0.0052737     1.02108    0.275557   -0.398448    0.476337    0.451829 -0.00224013    0.777137           0   -0.872665    0.261799   -0.886739    0.628499    -1.55895           0   -0.872665   0.0284465   -0.245088   -0.459981   -0.026751     1.46181    0.651841   -0.938342   -0.440012     1.43711    0.608684     1.31983    -2.51539       -2.55       0.292    -2.07792    -1.05425     2.10932
  0.318948 -0.0060227    1.02186    2.87923   -2.75636    2.67435   0.874174    0.61317     1.5708          0  -0.872665 -0.0266218    -0.4571 -0.0157048  -0.788915          0  -0.872665  -0.261108   0.306121   0.279372  -0.154736    1.43933   0.492525  -0.958739  -0.423291      1.478   0.629572    1.47481   -2.48755  -0.932247      0.292    -0.8202   0.989908  -0.647252
   0.279756   0.0656056     1.09122     5.75459   -0.715921       6.515     1.18708   -0.111815     0.61649 1.73472e-18   -0.872665    0.261799    -0.21532    0.713074     -1.5708    0.143747   -0.872665  -0.0437169    0.523599   -0.687148    -3.08366     2.36326    -2.33322    -1.26743     2.47769      -1.562       -2.55       1.606    -2.44638   -0.803185    0.103587   -0.952763     1.02574   -0.874776
     0.27585    0.0615804      1.08903    -0.452694    -0.778774     0.293265      1.14217   -0.0911491     0.543239 -4.36456e-15    -0.872665     0.261799    -0.264491     0.804156      -1.5708     0.146509    -0.872665   -0.0225717     0.523599    -0.690376     0.559886      1.68874      0.17258    -0.975387     0.425008        1.478      1.26667        1.606     -2.49913    -0.874076     0.212893      -0.8362      1.02608    -0.802635
    0.389035    0.0887972      1.02711      25.4338   -0.0534769      26.0956     0.121504    -0.375979     0.386235 -6.13093e-15    -0.872665     0.261799     -1.59748      1.21273      -1.5708     0.577365    -0.872665      0.26172    -0.497353     -1.21925     -2.27136      1.34155    -0.193439    -0.504838     -1.61497      1.14734      0.13009      1.37692     -2.59189     -1.06917        0.292    -0.792534     0.856081    -0.581976
    0.389395     0.089038      1.02673      25.4341   -0.0496233      26.0952     0.118388    -0.377858     0.386865 -2.20346e-16    -0.872665     0.261799     -1.60158       1.2125      -1.5708     0.579451    -0.872665     0.261799    0.0432983    -0.683833     -2.44041      1.38468   -0.0317025    -0.395927     -1.11798      1.03978     0.115337    -0.815836     -3.36769     0.514428     -1.60945    -0.929251        1.508    -0.752216
   0.318747  0.00618132     1.22194    0.260642   -0.383854    0.465611    0.457624  -0.0173246    0.790123 8.67362e-19   -0.872665    0.261799   -0.872772    0.610291     -1.5708           0   -0.872665    0.025261   -0.382397   -0.266728     1.02063     2.22231    0.841974   -0.648924    0.375053       1.478    0.905203   0.0797399   -0.654935    -1.06357    -1.40119    0.910984     1.24754   -0.613091
    0.318747   0.00618132      1.22194     0.260642    -0.383854     0.465611     0.457624   -0.0173246     0.790123   2.1684e-19    -0.872665     0.261799    -0.872772     0.610291      -1.5708 -2.94903e-17    -0.872665     0.025261    -0.385769    -0.265711      1.02777      2.22849     0.852179    -0.642376     0.370252        1.478     0.901142    0.0848516    -0.656377     -1.06151     -1.39309      0.90623       1.2472    -0.620972
  0.408217  0.0105603    1.17349   0.738604  -0.105465   0.769276 -0.0302482  0.0354076   0.685851          0  -0.872665   0.157424   -1.65806   0.964121    -1.5708   0.119135  -0.811185   0.261799  -0.454947  -0.771525   -2.59796    1.87605   0.607156   -0.16859      -2.55   0.667707   0.545369    1.17585    -2.8576      -2.55  -0.601722     1.1584      1.508  -0.198304
    0.408217    0.0105607      1.17349     0.738599    -0.105464     0.769275   -0.0302453    0.0354028     0.685851 -4.16334e-16    -0.872665     0.157425     -1.65806     0.964121      -1.5708     0.119147    -0.811192     0.261799    -0.454975     -0.77153     -2.59792      1.87599     0.607231    -0.168608        -2.55     0.667816      0.54526      1.17588     -2.85757        -2.55    -0.601704      1.15837        1.508     -0.19834
    0.444149    0.0387944      1.27269      33.6722     -2.27998      34.3795      1.65806     0.242439     0.819314 -2.91879e-29    -0.872665    -0.166525   -0.0880096      1.04839      -1.5708     0.091948    -0.872665     0.260961     0.523599    -0.211195     -1.50337     0.729561     0.857575    0.0674403      -2.3247      1.30607      0.80953     0.231048     -1.01564     -1.25691     -1.04027     0.808645      1.21149    -0.341795
  0.33557 0.0381719   1.19173  -37.3495  -0.31823   -36.398  0.227438 -0.411924 0.0190478         0 -0.737977  0.261799  -1.35099   1.55334   -1.5708  0.368583 -0.789409  0.261799 -0.200784  -1.31466    -3.352    1.8639      2.55 -0.107356  0.736781  0.864886   0.79558  -2.03033 -0.729378   2.39067 0.0231364      2.55  -1.26591      2.55
  0.312236 0.00336535    1.39167  -0.664684  -0.452874  -0.769763    1.37851   0.910339    1.34491  0.0250129  -0.857575  -0.121802  -0.213244    0.19225  -0.572891          0  -0.872665  -0.261799   0.523599   0.555861   -1.17391   0.773644  -0.606598   0.123795  -0.804777    1.17355    1.16006  -0.133908   -1.19094    0.32486  -0.206513  0.0328045    1.01756   -1.21305
   0.343764 -0.00218397     1.38138   -0.655306   -0.237142   -0.816712     1.41616    0.964086      1.5708   0.0446598   -0.814352   -0.177675    -0.09945  -0.0218987   -0.545344   0.0598572   -0.872665   -0.261799    0.523599    0.310057     -1.8058    0.513108     1.82315     -1.8329    -1.33417   -0.460103    -1.06977   -0.644685    -1.11766     0.53509   -0.428394    0.167316     1.11373    -1.14242
   0.322147 -0.00436691     1.40372   -0.519758   -0.393005   -0.671746     1.20993    0.824764     1.49294   0.0580905   -0.870178   -0.107998   -0.264048   0.0729119   -0.641944 3.46945e-18   -0.872665   -0.261799    0.523599    0.754433    -1.05692    0.814067   -0.747156   -0.286823   -0.479196     1.26549     1.08981   -0.661962    -1.60096    0.401117  0.00354074     0.21118    0.962387   -0.832017
   0.322146 -0.00436632     1.40372   -0.519752   -0.393014   -0.671742     1.20992    0.824762     1.49294   0.0580913   -0.870181   -0.107995   -0.264058    0.072916   -0.641945           0   -0.872665   -0.261799    0.523599    0.754437    -1.05693    0.814054    -0.74714    -0.28681   -0.479258     1.26552      1.0899   -0.661953    -1.60096     0.40111  0.00354514    0.211178    0.962384   -0.831998
     0.39723  0.000245494      1.38441     0.677856    -0.231345     0.765923     0.102553    0.0854463     0.679806 -2.95743e-19    -0.872665     0.153932      -1.4938      0.97069      -1.5708    0.0743673    -0.825829     0.261799    -0.523599    -0.686521     -2.74507      1.55411        1.917    -0.465401      1.80566      0.78925     0.955337     -1.85917    -0.614205    -0.631383    -0.120231     -0.84331     -1.32351         2.55
   0.410503   0.0129317     1.37783    0.689177  -0.0961364    0.750966 -0.00211166 -0.00619152    0.697151           0   -0.872665    0.159237    -1.65806    0.954362     -1.5708    0.231508   -0.872665    0.261799   -0.523599   -0.384772   -0.818163     1.46971   -0.119997   -0.489443   -0.178918     1.10378    0.648989    -1.42132     -1.2699   0.0390671    -1.38737     1.12706       1.508    0.256338
     0.39022   -0.0890035       1.4238    -0.319196   -0.0298664    -0.965072      1.65806      1.21406      1.54138     0.586765    -0.872665    -0.261799   -0.0911266    -0.374734    -0.384499 -7.92595e-14    -0.872665    -0.261799    0.0994486      1.52206    0.0162918      2.80924     0.191157     -1.23866     0.974298        1.478      1.10755     -2.16323     -2.67667     0.132884     -1.48084     0.277228      1.30435     0.353928
     0.37366   -0.0684876      1.41172      24.5402   -0.0689892      24.0239      1.65806      1.32664      1.56382            0    -0.570503    -0.261799    0.0467577    -0.121443    -0.249743 -4.59008e-14    -0.872665    -0.257387     0.523599     0.826923     -1.32022      1.25303    -0.184852     -1.09869     -1.02201        1.478    0.0649281      -1.1948      -1.2937      -1.0043     0.159538     -1.22635    -0.988029       2.1528
   0.383283  0.00464353     1.55508   -0.775964   -0.106581   -0.907508     1.65806     1.09542      1.5708   0.0210941    -0.75976   -0.261799   0.0494821   0.0118682   -0.517482           0   -0.824579   -0.204332    0.523599    0.507447    -1.75762 -3.1225e-17     1.37555    -1.94649   -0.512273    -0.33845    -2.01993   -0.503167    -1.04766    -1.26967  -0.0974175    -1.49775   -0.720084     2.00536
  0.383287 0.00464192    1.55508  -0.776006  -0.106588  -0.907476    1.65806    1.09538     1.5708  0.0210074   -0.75971  -0.261799  0.0495027  0.0119217   -0.51749          0   -0.82461  -0.204357   0.523599   0.507333    -1.7578          0    1.37567   -1.94654  -0.512955   -0.33851   -2.01929  -0.503191   -1.04773   -1.26915 -0.0972595   -1.49829  -0.719988    2.00535
    0.373286   0.00432397      1.55244    -0.666362   -0.0822199    -0.960226      1.65806      1.16713       1.5708     0.239017    -0.871189    -0.261799    0.0101562    -0.129605    -0.429567 -3.04617e-15     -0.78902    -0.234348     0.523599     0.648991     -1.62561     0.827561    0.0634189     -0.85547     -1.64482      1.32189    0.0638508        1.606     -1.95043     -0.27202    -0.833828     -1.12388     0.843191      -1.6654
  0.381523 0.00799209    1.55632   -7.06636  -0.107746   -7.19772    1.65806    1.10107     1.5708  0.0130679  -0.759401  -0.261799  0.0259447 -0.0396322  -0.506848    0.11194  -0.872665   -0.21136   0.523599   0.587566   -2.19018   0.340549    1.72179  -0.540842   -0.65184   -1.23903      -2.55     -3.359   -2.11116   -1.96653  -0.347118  -0.948835   0.755916   -1.30888
    0.318748   0.00620839      1.62192     -6.02208    -0.383638     -5.81728     0.457083   -0.0174024     0.790066 -1.09912e-14    -0.872665     0.261799    -0.873331     0.610442      -1.5708 -5.27356e-16    -0.872665    0.0252105    0.0695173    -0.681843     -1.94135       1.9576    -0.405965        0.298     -1.31757     0.618363      1.12112      0.98928     -3.07143     -2.13954        0.292     -2.29024     -1.22912       2.3086
    0.385047  -0.00767546      1.58221     -6.97595    -0.189217     -7.05242      1.56972     0.947334      1.53299     0.131184    -0.844873    -0.232151    -0.045934    0.0519534    -0.656637 -2.25514e-17    -0.872665    -0.187389     0.523599     0.699131      -2.0963     0.730943     -2.38948    -0.104339        -2.55     -1.33542        -2.55    -0.112217     -1.66178     0.480888    0.0351304    -0.803443     0.788503    -0.636672
  0.335459  0.0801601    1.45306    6.16008 -0.0423447    7.59966  -0.086964    -1.5322  -0.159698   0.726091  -0.872665   0.261799   -1.50066    1.55334    -1.5708   0.981172  -0.872665   0.238072   0.070126   -1.52618  -0.542695    3.24179  -0.720336   -1.00717   -1.88555   -1.33751      -2.55  -0.241367   -2.62061   0.983688   -0.53993    1.32569  -0.891655       2.55
     0.38682    0.0486539      1.68162      8.46433     -2.45355      9.21141      1.65806      0.17976     0.901801 -7.58803e-14    -0.872665   -0.0453888     0.105163     0.767831     -1.53792            0     -0.83161    0.0857567     0.523599   -0.0637132     -1.68526     0.534056         2.55    0.0579707      2.10758       1.4111      0.68491     -2.84951     -1.99089     -1.78458    -0.211921     -1.67487     0.758775     -1.03848
  0.383896 0.00446509    1.75531  -0.778214  -0.107161  -0.904074    1.65806    1.09158     1.5708  0.0167876  -0.757467  -0.261799  0.0503369  0.0155615  -0.522349          0  -0.826036  -0.202848   0.523599   0.499347    -1.7718          0    1.38489   -1.95247  -0.563456  -0.340722   -1.97756   -0.50727   -1.04809   -1.24808 -0.0923453   -1.51197  -0.720552    2.00074
    0.38389  0.00446556     1.75531   -0.778214   -0.107159   -0.904089     1.65806     1.09159      1.5708   0.0167833   -0.757462   -0.261799   0.0503422    0.015553   -0.522314           0   -0.826034   -0.202861    0.523599    0.499357    -1.77177 6.93889e-18     1.38488    -1.95247   -0.563462   -0.340695    -1.97746   -0.507241    -1.04817    -1.24777  -0.0922443    -1.51238   -0.720482     2.00078
  0.408333 -0.0107838    1.77386   -3.87635   -3.03686   -3.90983    1.65806   0.963761     1.5708   0.127794  -0.815913  -0.261799   0.028171  0.0320783  -0.686151          0  -0.872665  -0.157722   0.523599   0.519443   -1.84303          0    1.39967   -2.06991    2.26255   0.156211    1.53834  -0.672089   -1.61063   0.414992  -0.164281  -0.255217   0.868169  -0.686822
    0.313958   0.00391494      1.81965     -12.2675    -0.419406     -12.0729     0.442794    0.0200943     0.757723  -1.3401e-12    -0.872665     0.261799    -0.909068     0.655646     -1.54096 -1.06859e-15    -0.872665    0.0334684     0.221596    -0.590334      -3.2957      2.16911     0.846844    -0.566645     -1.30056    -0.391383     -1.21834     0.917475     -3.17584     -1.99351     0.196474     -2.26017     -1.36177      2.47969
    0.31676   0.0052737     1.82108    0.275557   -0.398448    0.476337    0.451829 -0.00224013    0.777137           0   -0.872665    0.261799   -0.886739    0.628499    -1.55895           0   -0.872665   0.0284465   -0.245088   -0.459981   -0.026751     1.46181    0.651841   -0.938342   -0.440012     1.43711    0.608684     1.31983    -2.51539       -2.55       0.292    -2.07792    -1.05425     2.10932
