    0.31676   0.0052737     1.02108    0.275557   -0.398448    0.476337    0.451829 -0.00224013    0.777137           0   -0.872665    0.261799   -0.886739    0.628499    -1.55895           0   -0.872665   0.0284465   -0.245088   -0.459981   -0.026751     1.46181    0.651841   -0.938342   -0.440012     1.43711    0.608684     1.31983    -2.51539       -2.55       0.292    -2.07792    -1.05425     2.10932
    0.318742   0.00618194      1.02194     0.260604    -0.383848     0.465585     0.457651   -0.0173459     0.790144 -3.19189e-16    -0.872665     0.261799     -0.87273     0.610255      -1.5708            0    -0.872665    0.0252382     -0.29135    -0.433763    -0.366599      1.42305      0.45299     -1.01041    -0.603924        1.478     0.495409      1.56227     -2.45779     -1.05962        0.292    -0.824247     0.963537    -0.678325
  0.275997  0.0617809    1.08915  -0.456706  -0.776013   0.289909    1.14443 -0.0920882   0.546633          0  -0.872665   0.261799  -0.261923   0.799871    -1.5708   0.146349  -0.872665 -0.0236339   0.523599  -0.684465   0.641211    1.71282   0.222673  -0.983507   0.457121      1.478    1.28282      1.606   -2.50007   -1.03424   0.225361  -0.671684   0.998554  -0.822112
    0.375282    0.0752034      1.04381     0.288384    -0.239055     0.972233     0.278044    -0.282769     0.364967 -1.16573e-14    -0.872665     0.251284     -1.40326      1.23066      -1.5708     0.477545    -0.872665     0.261799    -0.281088    -0.313072     -1.72432     0.757621     -1.89672    -0.196511        -2.55     -1.19066     -2.23862        1.606     -2.12459      1.95517     -1.55466      1.28164     0.414118      0.86691
   0.389342   0.0889999     1.02679     25.4341  -0.0502344     26.0953    0.118886   -0.377551    0.386778 6.93889e-18   -0.872665    0.261799    -1.60093     1.21254     -1.5708    0.579117   -0.872665    0.261799   -0.304147   -0.877178    0.338941     2.20572     1.08348   -0.273552   0.0240714      1.2418    0.393025   -0.619699    -1.45672   -0.793901    -1.55714    0.727855       1.508    0.124187
    0.389343    0.0890004      1.02679      25.4341   -0.0502264      26.0953     0.118879    -0.377555     0.386779 -6.87609e-15    -0.872665     0.261799     -1.60094      1.21254      -1.5708     0.579121    -0.872665     0.261799    -0.288812    -0.863156     -2.32819      1.18589    -0.181599    -0.309827     -1.38184      1.16128     0.268047    -0.664971     -1.47023    -0.785107     -1.57964     0.740756        1.508     0.166219
    0.318748   0.00618176      1.22194     0.260635     -0.38385     0.465608     0.457628   -0.0173305     0.790127 -8.89046e-18    -0.872665     0.261799    -0.872764     0.610284      -1.5708  1.73472e-18    -0.872665    0.0252654    -0.385906    -0.265658      1.02794      2.22878     0.852299    -0.642158     0.370179        1.478     0.901136    0.0850851    -0.656481     -1.06149     -1.39283     0.905846      1.24728    -0.621442
    0.318748   0.00618176      1.22194     0.260635     -0.38385     0.465608     0.457628   -0.0173305     0.790127 -8.89046e-18    -0.872665     0.261799    -0.872764     0.610284      -1.5708 -1.47451e-17    -0.872665    0.0252654    -0.385976    -0.265646      1.02799      2.22892      0.85231    -0.642047     0.370187        1.478     0.901091    0.0854896    -0.656682     -1.06117     -1.39261      0.90546       1.2476    -0.621778
   0.316693  0.00332951     1.21941    0.284459   -0.408385    0.499887    0.452515 -0.00310112    0.753593           0   -0.867876    0.261799     -0.8872    0.658957     -1.5708           0   -0.872665   0.0392545   -0.315162   -0.399178     1.33714     2.33301        2.55       0.298      2.0127    -1.00692    -2.10213       1.606    -2.34295     0.48841    0.170395    0.800863    -1.22221      2.4032
   0.318327 -0.00564494     1.22147   -0.265168   -0.388762   -0.472178    0.875488    0.619787      1.5708           0   -0.872665   -0.027964   -0.456623  -0.0144888   -0.782993           0   -0.871758   -0.261799    0.247996    0.297151    -0.48602     1.32703    0.464252    -1.05932   -0.725255       1.478    0.433565     1.52305    -2.41719    -1.06595       0.292   -0.779417    0.933367   -0.669907
    0.358019   -0.0442432      1.26469     -19.1035    -0.602525     -13.5104      1.02945      1.28124       1.5708     0.292649    -0.872665    -0.261799    -0.615752   -0.0998651    -0.346385 -8.32163e-14    -0.872665    -0.195747    -0.523599     0.750638     -1.84947      0.45253  -0.00243776     -1.58757      1.30772     -0.99239         2.55    -0.485085     -1.32689      1.22462     0.144497      1.46275    -0.584517         2.55
  0.28339 -0.068088   1.29239   0.57155 -0.667908 -0.199415  0.186761  0.649484    1.5708  0.142409 -0.872665 0.0567424  -1.21537  -0.12667  -0.66898         0 -0.872665 -0.261799 -0.523599     0.604 -0.720251   1.24542  0.106542 -0.743154 -0.699708   1.28663  0.734999 -0.262188   -1.0241  -0.75915  -1.36213  0.919901     1.508 -0.402189
    0.294963   -0.0729106      1.29398     0.654974    -0.537029    -0.144611     0.128882     0.488118       1.5708     0.139929    -0.872665    0.0853956     -1.28074    -0.164317     -0.80613 -1.20459e-14    -0.872665    -0.261799    -0.523599      0.53231    -0.263391      1.36819     0.334898     -0.87211    -0.371618      1.29545     0.832283     -2.12485    -0.946574    -0.682566     -0.12722    -0.645809     -1.27305         2.55
    0.388447    -0.088407      1.22774     -63.1324    -0.059734     -63.7952      1.59083      1.21309       1.5708     0.573994    -0.872665    -0.261582    -0.126567    -0.372936    -0.385209 -3.95479e-13    -0.872665    -0.261799     0.176013     0.803774      -2.2763     0.420383     0.882312     -1.67252      1.19093    -0.266836      2.46257     -2.81381     -1.15047     -2.33472    0.0349887     -2.09059      1.12316    -0.297194
   0.319289  0.00392891     1.41498    0.355472   -0.402838    0.553581    0.392451   0.0130616    0.718757           0   -0.869435    0.261799   -0.966802     0.71183     -1.5708 3.46945e-18   -0.861293    0.063295   -0.351647    -0.34276   0.0259925    0.943244    0.621005    -1.34142   -0.755207       1.478      0.6955       1.606    -2.36736     -1.1563       0.292   -0.685725    0.961494   -0.679781
   0.378779 -0.00854446     1.35594     3.90851    -3.03766     4.07132  -0.0172361  -0.0714145    0.484616    0.128301   -0.872665     0.21889    -1.65806     1.11925     -1.5708    0.045905   -0.777057    0.261799   -0.523599   -0.596177   -0.227456     1.13034    0.470978   -0.124129        2.55   -0.706971    -2.01191    -2.16751   -0.661062   0.0710035    0.175086    -1.16032    -1.48459        2.55
  0.40868 0.0113361    1.3748  0.724677 -0.102816  0.765287 -0.022609 0.0234108  0.687287         0 -0.872665  0.158513  -1.65806  0.962582   -1.5708  0.150586 -0.828374  0.261799 -0.523599 -0.475777 -0.979201   1.55281 -0.575927 -0.155386  0.111083  0.883168  0.688952  -1.56915 -0.830969 -0.169349  -1.21118   1.56608   1.24835  0.203042
   0.40868  0.0113359     1.3748    0.72468  -0.102816   0.765288 -0.0226107  0.0234134   0.687286          0  -0.872665   0.158513   -1.65806   0.962583    -1.5708   0.150579   -0.82837   0.261799  -0.523599  -0.475773  -0.979132    1.55282  -0.575985  -0.155434   0.111144   0.883193   0.689055   -1.56908  -0.830975  -0.169358   -1.21129      1.566     1.2483   0.203139
    0.275522    0.0610372      1.48873     -41.2833     -2.35577      -40.539      1.13676   -0.0886613      0.53464 -7.07559e-14    -0.872665     0.261799    -0.270807       0.8151      -1.5708     0.146842    -0.872665   -0.0198084     0.523599    -0.475921     -1.47044     0.906358         2.55     -0.23375      2.44053      1.06149      1.10446     -3.16502     -2.08969         2.55     -1.06194        -2.55     -1.50333      2.53045
   0.342242   0.0374053     1.46881      5.3635    0.130519     6.14739     1.65806   0.0397832      1.5708 -1.2005e-15   -0.838991    0.159251    0.208136   -0.285566    -1.22014           0   -0.795468   -0.261799    0.429893  -0.0439734    0.971529     2.80478        2.55    -1.76803    -1.47808       1.478   -0.789459    0.366244    -1.80277     1.28694   -0.648978     1.08964   -0.220972     1.78633
    0.30285 -0.00306082     1.60996    0.437241   -0.508171     0.59985    0.390392    0.130305    0.660358           0   -0.872665    0.261799    -1.05178    0.789276    -1.43987           0   -0.872665   0.0626601   -0.203231   -0.829156    0.380969     1.54726    -1.62502   -0.847769    -1.75608   -0.705214    -1.16984    -1.27836   -0.724046    0.984158   -0.507455    0.508806       1.508   -0.954454
   0.307291 0.000138863     1.61491     0.36935   -0.471442     0.54691    0.416143    0.080266    0.704747           0   -0.872665    0.261799    -0.97943     0.72906    -1.48898           0   -0.872665   0.0486063   -0.154614   -0.159772   -0.816291    0.928218 -0.00628919  -0.0300734    -0.92163    0.932736     1.32631    -1.39249   -0.475964    -1.72776    -1.80827    0.439871   -0.186738     1.61297
    0.355699 -0.000536291      1.54895      77.7986     -3.07091      77.5866      1.65806      1.11717       1.5708    0.0765224    -0.778829    -0.220419    0.0831763   -0.0742429    -0.423125            0    -0.799517    -0.261799     0.523599     0.645479      1.13065      2.89236        -2.55      -0.2004        -2.55      1.36839     0.445295    -0.395074     -1.04754     -1.27135    -0.181735     -1.66012      -0.7263      2.05888
   0.313757  0.00380852     1.61954    0.300669   -0.420966    0.494766    0.442167   0.0217738    0.756281 6.93889e-18   -0.872665    0.261799    -0.91075    0.657664    -1.53962           0   -0.872665   0.0338593    -0.22896    -0.32773    -1.27936     1.24422   -0.209129   -0.177374   -0.857657     1.08756    0.828756     0.83146    -2.56722     0.76787    -1.63751     1.88302    -1.13857    0.980089
     0.31429  -0.00072619      1.61567      314.476    -0.437569     -319.896     0.446101    0.0135614     0.706263 -2.16382e-13    -0.860992     0.261799    -0.907304     0.721578      -1.5708 -4.47156e-13    -0.872665    0.0573756    -0.103689    -0.597494     0.142319      1.76781    -0.764828     -0.32778     -2.02927    -0.925832     -2.13449     -1.99923    -0.488404     -1.95574    -0.437983        -2.55      1.16674    -0.849217
    0.312035  -0.00290597       1.6185    -0.316766     -0.43416    -0.506801     0.926449     0.675461      1.52754 -5.27356e-16    -0.872665   -0.0373593    -0.436025    0.0363386    -0.743538            0    -0.872665    -0.261799     0.258648      0.45303     -1.45758      1.03235    -0.246973     -0.21341     -1.06722       1.2281     0.773894    -0.676984     -1.61648     0.498274    -0.592371   0.00982278      1.30488    -0.850917
  0.266767 -0.0598164    1.68808   0.507211  -0.800967  -0.225122   0.236029   0.789215    1.52137   0.134561  -0.872665  0.0483909   -1.18503 -0.0595503  -0.544249          0  -0.872665  -0.261799  -0.523599   0.593203   -1.22109    1.14849  -0.245812  -0.173532  -0.997779     1.1516   0.931601  -0.722731   -1.34589   0.632029  -0.552382    0.05585    1.35859   -1.03845
    0.2667 -0.0598808    1.68811   0.509568  -0.799958  -0.222825   0.234648    0.78716    1.52065    0.13439  -0.872665  0.0492105   -1.18648 -0.0595045  -0.545733          0  -0.872665  -0.261799  -0.523599   0.590063    -1.2144    1.15212  -0.243482  -0.175807  -0.992945     1.1507   0.931689   -0.73479   -1.34518   0.647594  -0.551592  0.0526918    1.36028   -1.03898
  0.359543 -0.0282936    1.76593    5.49971  -0.039118    5.54721    1.65806   0.842453     1.5708          0  -0.723945  -0.147584   0.161281 -0.0271432  -0.640743          0  -0.872665  -0.261799   0.278049    0.30426    -1.6674  0.0945152   0.563224   -2.08825    1.04873  -0.335548       2.55  -0.208402   -1.14397    0.25489   -0.35646  -0.279404   0.704789   -1.27649
    0.300188  -0.00550516      1.80555     0.495328    -0.531247     0.645625     0.367937     0.168758     0.626472            0    -0.872665     0.261799     -1.11744      0.83395     -1.39702 -4.16334e-17    -0.872665    0.0740045    -0.486491    -0.316166    -0.847022      1.00125    -0.222167    0.0684526    -0.906874      1.05718      1.24765    -0.543125     -1.31519      1.09556    -0.669432     -0.28213       1.4185      -1.2987
    0.304236    0.0019765      1.81174    -0.413321    -0.496516    -0.581113      1.02577      0.76912      1.45726 -3.46945e-18    -0.872665   -0.0578138    -0.399496     0.113373    -0.675348            0    -0.872665    -0.261799     0.286461     0.247168     -1.41252      1.20343    -0.430169   -0.0889711    -0.957277      1.20994     0.818492    -0.490099      -1.2108     0.607683    -0.600542    0.0792901      1.28799     -1.21984
   0.30782 0.00046996    1.81537   0.362763  -0.467203   0.541853   0.418616  0.0750002    0.70939          0  -0.872665   0.261799  -0.972641   0.722715   -1.49379          0  -0.872665  0.0472185  -0.400261  -0.538821   -1.19765     1.3757  -0.182583 -0.0923244  -0.979426    1.10191   0.838281  -0.670868   -1.22097   0.846372  -0.821006  0.0319758    1.50253   -1.21231
    0.31676   0.0052737     1.82108    0.275557   -0.398448    0.476337    0.451829 -0.00224013    0.777137           0   -0.872665    0.261799   -0.886739    0.628499    -1.55895           0   -0.872665   0.0284465   -0.245088   -0.459981   -0.026751     1.46181    0.651841   -0.938342   -0.440012     1.43711    0.608684     1.31983    -2.51539       -2.55       0.292    -2.07792    -1.05425     2.10932
