    0.31676   0.0052737     1.02108    0.275557   -0.398448    0.476337    0.451829 -0.00224013    0.777137           0   -0.872665    0.261799   -0.886739    0.628499    -1.55895           0   -0.872665   0.0284465   -0.245088   -0.459981   -0.026751     1.46181    0.651841   -0.938342   -0.440012     1.43711    0.608684     1.31983    -2.51539       -2.55       0.292    -2.07792    -1.05425     2.10932
    0.318746  -0.00618392      1.02194    -0.260632    -0.383832    -0.465592     0.872769     0.610253       1.5708 -1.92618e-13    -0.872665   -0.0252493    -0.457618   -0.0173399    -0.790153 -2.16188e-13    -0.872665    -0.261799   -0.0691712     0.737934     -1.80912       0.5369    -0.305111    -0.510281     -1.33544      1.42469     0.464375     0.920109     -1.49124    -0.952955        0.292    -0.634552     0.496252    -0.572231
  0.308541   0.075363    1.09339  -0.714521  -0.399894   0.116524     1.3412  -0.199977   0.946796          0  -0.872665   0.261799 -0.0856106   0.327918    -1.5708   0.137906  -0.872665  -0.109713   0.523599   0.447628    1.08969    3.12996     1.0223  -0.415317   0.622776      1.478    1.06303    1.49802  -0.854188   -1.22181      0.292   -1.21124   0.299674  -0.218129
    0.308544    0.0753631      1.09339    -0.714527    -0.399881     0.116521      1.34121    -0.199978     0.946811 -5.55112e-16    -0.872665     0.261799   -0.0856082     0.327904      -1.5708     0.137911    -0.872665    -0.109712     0.523599     0.447632      1.08986      3.13001       1.0228    -0.414949     0.622336        1.478      1.06282      1.49802    -0.854171     -1.22174        0.292     -1.21146     0.299683    -0.217991
   0.389362   0.0890114     1.02677     25.4341  -0.0500347     26.0953    0.118731   -0.377658    0.386806 2.77556e-17   -0.872665    0.261799    -1.60114     1.21253     -1.5708    0.579235   -0.872665    0.261799   -0.305076   -0.878037    0.340979     2.20519     1.09177   -0.274112   0.0166897     1.24249    0.392223   -0.617353    -1.45616   -0.794289    -1.55593     0.72686       1.508    0.121846
   0.38936    0.08901    1.02677    25.4341 -0.0500573    26.0953   0.118749  -0.377647   0.386803          0  -0.872665   0.261799   -1.60112    1.21253    -1.5708   0.579222  -0.872665   0.261799  -0.304368  -0.877224   0.340247    2.20563    1.08835  -0.273516   0.020377    1.24194   0.392657  -0.618811   -1.45682  -0.794616   -1.55701   0.727551      1.508   0.123856
   0.318748  0.00618217     1.22194    0.260598   -0.383839    0.465576    0.457654   -0.017345    0.790154           0   -0.872665    0.261799   -0.872728    0.610246     -1.5708 4.33681e-19   -0.872665   0.0252449   -0.385752   -0.265604     1.02789     2.22866     0.85234   -0.642225    0.370209       1.478     0.90125    0.084513   -0.656057    -1.06218    -1.39331     0.90648     1.24671   -0.620777
   0.318748  0.00618217     1.22194    0.260598   -0.383839    0.465576    0.457654   -0.017345    0.790154 8.67362e-19   -0.872665    0.261799   -0.872728    0.610246     -1.5708           0   -0.872665   0.0252449   -0.382416   -0.266611      1.0208     2.22256    0.842168   -0.648706    0.375006       1.478    0.905289   0.0795189   -0.654694    -1.06411    -1.40123    0.911162     1.24726   -0.612943
    0.403252  -0.00665538      1.18144       5.5981    -0.164908      5.52081      1.57442     0.964168       1.5708     0.146738    -0.846192    -0.261799   -0.0489068    0.0412534    -0.685059 -4.84957e-15    -0.872665    -0.157977     0.523599     0.684791     -2.05131     0.258804      1.48934     -0.79701    -0.149188     -0.95249     -2.53692      1.10093     -1.79574        -2.55        0.292     -1.93642     -0.72764      2.20594
  0.360705 -0.0270518    1.16756    33.8001   -3.09961    33.8009    1.65806   0.873613     1.5708  0.0589274  -0.758833  -0.158372   0.137863 -0.0437247  -0.617056          0  -0.867171  -0.261799   0.523599   0.656851   0.512682    2.99352  -0.370927   -0.67102    1.36646    1.40179   0.806391   -1.74436   -1.64314      -2.55  -0.127855      -2.55   0.797749  -0.702314
  0.274954 -0.0533011    1.28358   0.245853  -0.859462   -0.47545   0.399428   0.973616     1.5708   0.158198  -0.872665 -0.0294082   -1.03173 -0.0589719  -0.415914          0  -0.872665  -0.261799  -0.523599   0.865588    1.11514     2.7113  -0.100135  -0.405004    1.31094    1.31325     1.0164  0.0345087   -1.29099  -0.351299  -0.432811    0.17874    1.09248   -1.03104
  0.274948 -0.0533048    1.28358   0.245949  -0.859448  -0.475363   0.399366   0.973548     1.5708   0.158195  -0.872665 -0.0293789   -1.03177 -0.0589853  -0.415958          0  -0.872665  -0.261799  -0.523599   0.865515    1.11519     2.7112  -0.100131  -0.404997    1.31095    1.31319    1.01651  0.0343891   -1.29101   -0.35118  -0.432925   0.178812    1.09264    -1.0311
    0.355057   -0.0101783      1.33773     0.656958   -0.0713017      1.05158   -0.0328082    -0.186319      0.31638 -8.02356e-16    -0.748536     0.261799     -1.65806      1.25199      -1.5708      0.23035    -0.858733      0.25178    -0.523599    -0.829889    -0.398835      1.12098      1.71725    -0.151641      1.19809    -0.708631     -2.06747     -1.55921            0     -1.25747     -1.69506    -0.204519    -0.507003         2.55
  0.336644  0.0103958    1.37169   0.812896  -0.232798   0.808005 -0.0438716    0.13808   0.589611  -6.64e-14  -0.872665   0.261799   -1.65806   0.903241   -1.37927          0  -0.776895   0.150095  -0.479501  -0.726328   0.354916    1.14076 -0.0552947  -0.142672   0.411249   0.700277    1.24613   0.869152   -3.21321   0.514702   -1.22602    1.55366   -1.32528    1.67544
  0.318764 0.00613222     1.4219   0.261107  -0.384307   0.466167    0.45751 -0.0169337   0.789531          0  -0.872665   0.261799  -0.873101   0.611191    -1.5708          0  -0.872665     0.0256  -0.169517  -0.205249    1.24267    2.56943   -0.85898  -0.435582  -0.734861  -0.918184   -2.13346   -3.17105   -2.82366    1.94254   -1.87946    1.02397    1.30935  -0.175922
   0.318762 -0.00618188     1.42192    -37.9601   -0.383859     -38.165     0.87312    0.610597      1.5708 5.55112e-17   -0.872665  -0.0252941   -0.457339  -0.0172629   -0.789913           0   -0.872665   -0.261799    0.151325    0.666537    -1.95898    0.572458     2.10468   -0.266974        2.55     1.17188    0.857189    -1.85121    -1.25946    -2.07352    -1.60298     2.03827   -0.553165    0.344092
  0.360124  0.0271447    1.38382   0.637379 -0.0979071   0.720027 -0.0132016 -0.0805721   0.642072          0  -0.872665   0.261799   -1.56411   0.844656    -1.5708   0.224437  -0.872665   0.155311  -0.523599  -0.335598   -1.39762    1.21937  -0.270135  -0.177528  -0.678398    1.02703   0.749542   -1.01463   -1.44462  -0.262237   -1.32708   0.967638      1.508  0.0622648
   0.36015  0.0271347    1.38382   0.637382 -0.0979165   0.720068 -0.0131725 -0.0805519   0.642084          0  -0.872665   0.261799   -1.56413   0.844751    -1.5708   0.224456  -0.872665   0.155408  -0.523599  -0.335734   -1.39759    1.21957  -0.270361  -0.177458  -0.678127    1.02705   0.749536   -1.01538   -1.44439  -0.261568   -1.32684   0.967941      1.508  0.0621807
  0.368333  0.0636902    1.40919   0.592234 -0.0867005    1.13817 -0.0341844  -0.124746   0.217239          0  -0.861213   0.261799   -1.65806    1.35533   -1.54588          0  -0.576443   0.261799  -0.464912   -1.04779  -0.794235    1.46943  -0.460034      0.298   0.110185   0.619918   0.760397    1.12595   -2.85702  -0.705017      0.292  -0.619571    1.12315  -0.428173
     0.38848    0.0883012       1.4278     -2.84113     -3.08094     -2.17801      0.12743    -0.372504     0.385105 -5.91148e-16    -0.872665     0.261799     -1.58991      1.21349      -1.5708     0.573516    -0.872665     0.261799     0.356286    -0.333233    0.0336296      2.21566     -1.02674      -1.2991     -2.08549    -0.329346     -1.07185     0.137483     -3.31611     -2.34945     -0.81558     -1.52304     -1.06891     -2.40923
   0.368626    0.025218     1.58594   -0.723107   -0.514304   -0.832368     1.45968     1.05534     1.33493 1.73472e-18   -0.866472   -0.261799   -0.304007    0.304545   -0.594736           0   -0.872665   -0.137607    0.523599    0.682506    -1.18423    0.764121    -1.13312   -0.302248   -0.288475     1.42771    0.921885    0.413324    -1.21114    0.141019   -0.315528   -0.267659     0.95568    -1.20604
   0.368628   0.0252151     1.58593   -0.723124   -0.514263   -0.832373     1.45971     1.05533     1.33494 1.73472e-18    -0.86646   -0.261799   -0.303962    0.304528    -0.59474           0   -0.872665   -0.137613    0.523599    0.682482    -1.18428    0.763997    -1.13283   -0.301873   -0.288813     1.42765     0.92193    0.413287    -1.21114    0.141019   -0.315545   -0.267652    0.955674    -1.20605
  0.376496 -0.0172328    1.58463   -0.64941  -0.140326  -0.740711    1.54779   0.899772     1.5708   0.188647  -0.864928  -0.200077 -0.0271532 -0.0244634  -0.656641          0  -0.872665  -0.218739   0.315562   0.605561   -1.08994   0.499603   0.475184   -2.04899   -1.48952     1.0741  -0.480498   0.733345   -1.60124  -0.464252  -0.178641   -0.85267   0.765032  -0.734162
  0.361005  -0.024586    1.56706  -0.744453 -0.0454136  -0.779179    1.65806    0.90457     1.5708  0.0872559    -0.7762  -0.168038    0.12319 -0.0530225  -0.593495          0  -0.860094  -0.261799   0.523599    0.74412   0.270589    3.00257  -0.452031   -1.76839   -1.93973     -1.562   -1.46741   0.374798   -1.84985     1.5531  -0.309857   0.738312  -0.704697    2.36051
    0.341792    0.0460933       1.6745    -0.896183    0.0300798    -0.448569      1.63541     0.447535       1.5708      0.03474    -0.872665   0.00281788      0.19149    -0.149863     -0.93297 -7.57172e-14    -0.764189    -0.261799     0.523599     0.397858     -1.06705    0.0163029     0.564018     -2.40439     -1.68227     0.725691    -0.429294     -2.80438     -1.86763      -1.3501    -0.348413      0.48572    -0.391772      2.17574
 0.343015 0.0447082   1.68202 -0.789506  0.123389 -0.125898   1.49512 0.0040071    1.5708         0 -0.872665  0.173411 0.0727299 -0.298585  -1.24567         0 -0.796468 -0.261799  0.523599 -0.699294 -0.225354   2.33958   2.48623    -2.492 -0.345513   1.38752  -2.00648  -1.57954 -0.990129   1.46131 -0.235796    2.5457 -0.750595   2.03717
   0.274009   0.0558737     1.68544   -0.320432   -0.842061     0.40811     1.07102  -0.0674704    0.453505 6.93889e-18   -0.872665    0.261799   -0.349601    0.921395     -1.5708    0.153143   -0.872665   0.0109306    0.507888   -0.781888   -0.621738    0.962582     1.29099   -0.586622      -1.632    0.946156     0.75239    -1.30244    -1.03774    0.386653   -0.485724    0.951722     1.34123   -0.712655
  0.274002  0.0558765    1.68545   -0.32049  -0.842052   0.408059    1.07104 -0.0674817   0.453531          0  -0.872665   0.261799  -0.349567    0.92135    -1.5708   0.153144  -0.872665  0.0109087    0.50789  -0.781824  -0.621884   0.962526    1.29089  -0.586702   -1.63207   0.946184   0.752407   -1.30228   -1.03784   0.386525  -0.485873    0.95179    1.34122  -0.712686
   0.307061 -0.00289701     1.80442    0.511324   -0.487787    0.657957    0.329742    0.142716    0.631166           0   -0.872665    0.261799    -1.14455    0.833047    -1.43117           0   -0.861812     0.08619   -0.523599   -0.471459   -0.443901     0.67148     1.26829   -0.981177    -1.72576    0.917442     0.63932   -0.655569    -0.92555    0.159317   -0.364332    0.732557      1.2481    -1.07933
   0.306967 -0.00285654     1.80472    0.507471     -0.4882    0.655048     0.33246    0.141419    0.632794           0   -0.872665    0.261799    -1.13963     0.83073    -1.43264           0   -0.862215   0.0851921   -0.523599   -0.466105    -0.46195    0.664918     1.27249   -0.986785    -1.74723    0.909859     0.63752   -0.634022   -0.929792     0.14195   -0.381741    0.728528     1.25158    -1.07604
  0.32328 0.0060456   1.81111  0.416013 -0.380221  0.590714  0.331337  0.021121  0.701651         0 -0.872665  0.261799   -1.0449  0.741004  -1.56979         0 -0.848581 0.0804666 -0.523599 -0.681447 -0.902948   1.09937   1.12509  -0.92317   -1.7802  0.937866  0.281532 -0.669084 -0.893598  0.184548 -0.621841  0.658221   1.30034  -1.02449
   0.32328 0.00604541    1.81111   0.416011  -0.380223   0.590715    0.33134  0.0211196    0.70165          0  -0.872665   0.261799   -1.04489   0.741005   -1.56979          0  -0.848581  0.0804672  -0.523599  -0.681454  -0.902964    1.09938    1.12509  -0.923147   -1.78019   0.937897   0.281448  -0.669096  -0.893597   0.184552  -0.621834   0.658255    1.30036   -1.02453
    0.31676   0.0052737     1.82108    0.275557   -0.398448    0.476337    0.451829 -0.00224013    0.777137           0   -0.872665    0.261799   -0.886739    0.628499    -1.55895           0   -0.872665   0.0284465   -0.245088   -0.459981   -0.026751     1.46181    0.651841   -0.938342   -0.440012     1.43711    0.608684     1.31983    -2.51539       -2.55       0.292    -2.07792    -1.05425     2.10932
