4
0
0.499994 0.699989  1.70002
 19.3404 -240.819  192.655        0        0        0
-2.08602e-05           -1 -7.81734e-05
1
0.499998     -0.7      1.7
19.3544 240.611 192.489       0       0       0
-2.08602e-05            1 -7.81734e-05
4
0.400001      0.7 0.300003
-19.3547 -213.908  122.517 0.198041   27.639        0
-6.85448e-06           -1 -4.68276e-06
5
0.399999     -0.7 0.300003
-19.3402  214.116  122.636 0.198041   27.639        0
-6.85448e-06            1 -4.68276e-06
3
0
0.499987 0.699983  1.70003
0.0047082   -399.58   319.664         0         0         0
-2.08602e-05           -1 -7.81734e-05
1
 0.499999 -0.699999       1.7
-0.00359756     399.582     310.632           0           0           0
-2.08602e-05            1 -7.81734e-05
4
0.400001      0.7 0.300003
-0.00115828 -0.00202229  0.00115828 0.000641991     131.053           0
-6.85448e-06           -1 -4.68276e-06
4
0
0.499968 0.699985  1.70004
 14.5413 -243.325   194.66        0        0        0
-2.08602e-05           -1 -7.81734e-05
1
 0.499996 -0.699999       1.7
12.7682 238.664 190.931       0       0       0
-2.08602e-05            1 -7.81734e-05
4
0.400001      0.7 0.300003
-14.8693 -211.292  121.019  4.65386   21.007        0
-6.85448e-06           -1 -4.68276e-06
5
 0.4 -0.7  0.5
-12.4403  215.953  123.688  4.65386   21.007        0
-7.00358e-06            1 -1.16726e-05
3
1
 0.499997 -0.699999       1.7
 4.26326e-14  2.84217e-14 -2.84217e-14            0            0            0
-2.08602e-05            1 -7.81734e-05
4
0.400001      0.7 0.300003
-0.000231521     -626.421      358.787      50.1136      30.1024            0
-6.85448e-06           -1 -4.68276e-06
5
 0.4 -0.7  0.5
0.000144563     626.421      271.51     50.1137     30.0921           0
-7.00358e-06            1 -1.16726e-05
4
1
 0.499997 -0.699999       1.7
8.95006 240.382 192.306       0       0       0
-2.08602e-05            1 -7.81734e-05
4
0.400001      0.7 0.300003
 -11.918 -212.932  121.958  1.23126    14.84        0
-6.85448e-06           -1 -4.68276e-06
5
 0.4 -0.7  0.5
-8.85798  214.221  122.697  1.23126    14.84        0
-7.00358e-06            1 -1.16726e-05
0
0.499997 0.700005      1.9
 11.8259 -241.671  193.337        0        0        0
-1.52125e-05           -1 -7.30142e-05
3
1
0.499997     -0.7      1.7
0.00542776    468.725     374.98          0          0          0
-2.08602e-05            1 -7.81734e-05
5
 0.4 -0.7  0.5
-0.00638435   0.0111467  0.00638435 -0.00160921     83.8579           0
-7.00358e-06            1 -1.16726e-05
0
0.499992 0.700009  1.89999
0.00094039   -468.736    255.311          0          0          0
-1.52125e-05           -1 -7.30142e-05
4
1
 0.499991 -0.700001   1.69998
17.7789 245.905 196.724       0       0       0
-2.08602e-05            1 -7.81734e-05
5
 0.4 -0.7  0.5
-18.5648  208.946  119.675  -11.083  30.2869        0
-7.00358e-06            1 -1.16726e-05
0
0.499991  0.70001  1.89999
 21.5936 -234.901  187.921        0        0        0
-1.52125e-05           -1 -7.30142e-05
4
0.4 0.7 0.5
-20.8077  -219.95  125.978  -11.083  30.2869        0
-7.00358e-06           -1 -1.16726e-05
3
5
 0.4 -0.7  0.5
 4.18509  538.607  308.491 -43.0891  27.2841        0
-7.00358e-06            1 -1.16726e-05
0
0.49999 0.70001 1.89999
 17.0034 -58.5956  46.8765        0        0        0
-1.52125e-05           -1 -7.30142e-05
4
0.4 0.7 0.5
-21.1886 -480.012   274.93 -38.4009  27.2803        0
-7.00358e-06           -1 -1.16726e-05
4
5
0.400004     -0.7 0.500001
-19.3624  214.228  122.701 0.410813   27.679        0
-7.00358e-06            1 -1.16726e-05
0
0.499988 0.700009  1.89999
 19.3626 -240.929  192.743        0        0        0
-1.52125e-05           -1 -7.30142e-05
4
0.400001 0.699998 0.499999
-19.3879 -213.798  122.454 0.410813   27.679        0
-7.00358e-06           -1 -1.16726e-05
1
  0.50002 -0.699983   1.89999
19.3879 240.499 192.399       0       0       0
-1.52125e-05            1 -7.30142e-05
3
0
0.499987 0.700007  1.89999
0.0271997  -395.269   316.215         0         0         0
-1.52125e-05           -1 -7.30142e-05
4
0.400001 0.699996 0.499999
-0.0110395 -0.0192743  0.0110395 -0.0005052    134.117          0
-7.00358e-06           -1 -1.16726e-05
1
 0.500039 -0.699967   1.89998
-0.0159349    395.288    314.071          0          0          0
-1.52125e-05            1 -7.30142e-05
4
0
0.499971 0.700006      1.9
 21.9892 -257.055  205.644        0        0        0
-1.52125e-05           -1 -7.30142e-05
4
0.400001 0.699996 0.499999
-24.2348 -197.449   113.09  15.7955   33.017        0
-7.00358e-06           -1 -1.16726e-05
1
 0.500027 -0.699956   1.89999
20.9329 225.497 180.398       0       0       0
-1.52125e-05            1 -7.30142e-05
5
 0.4 -0.7  0.7
-18.6875  229.007  131.165  18.3206  33.0172        0
 -7.0034e-06            1 -2.33451e-05
3
4
0.400001 0.699996 0.499999
-0.00064721    -628.497     359.975     50.2794     41.9379           0
-7.00358e-06           -1 -1.16726e-05
1
 0.500023 -0.699951   1.89996
  7.4607e-14  2.84217e-14 -3.55271e-15            0            0            0
-1.52125e-05            1 -7.30142e-05
5
 0.4 -0.7  0.7
0.000553368     628.497     270.322     50.2797     41.9634           0
 -7.0034e-06            1 -2.33451e-05
4
4
0.400001 0.699996 0.499999
-16.0281 -206.503  118.276  12.1021  19.4683        0
-7.00358e-06           -1 -1.16726e-05
1
0.499992 -0.69996  1.89996
12.1339  235.22 188.176       0       0       0
-1.52125e-05            1 -7.30142e-05
5
 0.4 -0.7  0.7
-11.2274  219.174  125.533  12.1021  19.4683        0
 -7.0034e-06            1 -2.33451e-05
0
0.499999      0.7      2.1
15.1213 -247.89 198.312       0       0       0
-2.08616e-05           -1 -1.30297e-05
3
1
 0.500005 -0.699955   1.89994
0.00176073    426.495    341.196          0          0          0
-1.52125e-05            1 -7.30142e-05
5
 0.4 -0.7  0.7
 -0.00314082   0.00548369   0.00314082 -0.000284775      110.115            0
 -7.0034e-06            1 -2.33451e-05
0
0.499999      0.7      2.1
0.00158922     -426.5    289.098          0          0          0
-2.08616e-05           -1 -1.30297e-05
4
1
0.500028 -0.69993  1.89995
 16.668 246.505 197.204       0       0       0
-1.52125e-05            1 -7.30142e-05
5
0.400002     -0.7 0.700001
-17.5438  208.344   119.33 -12.3086   28.511        0
 -7.0034e-06            1 -2.33451e-05
0
0.499996      0.7      2.1
 20.3957 -234.309  187.447        0        0        0
-2.08616e-05           -1 -1.30297e-05
4
0.400001 0.699999 0.699999
-19.5196  -220.54  126.316 -12.3086   28.511        0
 -7.0034e-06           -1 -2.33451e-05
3
5
0.400002     -0.7      0.7
 3.13008  541.536  310.168 -43.3228  26.5317        0
 -7.0034e-06            1 -2.33451e-05
0
0.499994 0.699999      2.1
17.0072 -43.832 35.0656       0       0       0
-2.08616e-05           -1 -1.30297e-05
4
0.400001 0.699998 0.699999
-20.1374 -497.704  285.063 -39.8165  26.5331        0
 -7.0034e-06           -1 -2.33451e-05
4
5
0.400005     -0.7 0.700001
-19.3764  214.217  122.694 0.388743  27.6997        0
 -7.0034e-06            1 -2.33451e-05
0
0.499992 0.699998  2.10001
 19.3765 -240.917  192.734        0        0        0
-2.08616e-05           -1 -1.30297e-05
4
0.400001 0.699997 0.699999
-19.4032  -213.81  122.461 0.388743  27.6997        0
 -7.0034e-06           -1 -2.33451e-05
1
 0.500004 -0.699991       2.1
19.4032  240.51 192.408       0       0       0
-2.08616e-05            1 -1.30297e-05
3
5
0.400008     -0.7 0.700002
-0.699177   1.22072  0.699177 -0.098761     132.9         0
 -7.0034e-06            1 -2.33451e-05
0
 0.49999 0.699998      2.1
-0.0726601   -394.109    315.287          0          0          0
-2.08616e-05           -1 -1.30297e-05
1
 0.500042 -0.699966   2.09998
0.772255  392.888  314.311        0        0        0
-2.08616e-05            1 -1.30297e-05
4
5
0.400008     -0.7 0.700002
-24.4773  206.769  118.428  -13.689  34.2649        0
 -7.0034e-06            1 -2.33451e-05
0
0.500005 0.699992  2.09999
  21.051 -234.253  187.403        0        0        0
-2.08616e-05           -1 -1.30297e-05
1
 0.500089 -0.699897   2.10001
23.4935 247.829 198.263       0       0       0
-2.08616e-05            1 -1.30297e-05
4
0.4 0.7 0.9
-20.0665 -220.344  126.203  -13.689  34.2649        0
-1.02818e-05           -1 -6.24357e-06
3
5
0.400008     -0.7 0.700002
-0.00314382     569.692     326.295    -45.5758     40.1224           0
 -7.0034e-06            1 -2.33451e-05
0
0.500005 0.699992  2.09999
 1.77636e-15 -1.06581e-14 -5.32907e-15            0            0            0
-2.08616e-05           -1 -1.30297e-05
4
0.4 0.7 0.9
0.0031406  -569.692   304.003  -45.5753   40.1041         0
-1.02818e-05           -1 -6.24357e-06
4
5
0.400008     -0.7 0.700002
-10.1737  207.441  118.813 -10.2291  12.2398        0
 -7.0034e-06            1 -2.33451e-05
0
0.500015 0.699987      2.1
 7.72577 -236.231  188.985        0        0        0
-2.08616e-05           -1 -1.30297e-05
4
0.4 0.7 0.9
-6.96197 -218.151  124.947 -10.2291  12.2398        0
-1.02818e-05           -1 -6.24357e-06
1
 0.5 -0.7  2.3
9.40996  246.94 197.552       0       0       0
-2.04272e-05            1 -4.20239e-05
3
0
0.500019 0.699987      2.1
0.0427151  -437.343   349.875         0         0         0
-2.08616e-05           -1 -1.30297e-05
4
0.4 0.7 0.9
-0.0432114 -0.0754447  0.0432114 0.00557953    128.155          0
-1.02818e-05           -1 -6.24357e-06
1
 0.5 -0.7  2.3
0.000550902     437.418     280.379           0           0           0
-2.04272e-05            1 -4.20239e-05
4
0
0.500022 0.699979      2.1
 11.5292 -251.607  201.286        0        0        0
-2.08616e-05           -1 -1.30297e-05
4
0.4 0.7 0.9
-13.1756 -203.351  116.471  16.2676  20.5873        0
-1.02818e-05           -1 -6.24357e-06
1
  0.49998 -0.699994   2.30003
15.2345 228.658 182.926       0       0       0
-2.04272e-05            1 -4.20239e-05
5
 0.4 -0.7  0.9
-13.5883  226.301  129.615  18.1041  20.5873        0
-1.02818e-05            1 -6.24357e-06
3
4
0.4 0.7 0.9
  2.9148 -542.133   310.51  43.3695  14.5043        0
-1.02818e-05           -1 -6.24357e-06
1
 0.499961 -0.699988   2.30006
8.69591 40.8252 32.6602       0       0       0
-2.04272e-05            1 -4.20239e-05
5
 0.4 -0.7  0.9
-11.6109  501.308  287.127  40.1046  14.5038        0
-1.02818e-05            1 -6.24357e-06
4
4
0.4 0.7 0.9
-15.3881 -210.848  120.765  5.74285  21.6693        0
-1.02818e-05           -1 -6.24357e-06
1
 0.499943 -0.699989   2.30007
15.3888 237.822 190.258       0       0       0
-2.04272e-05            1 -4.20239e-05
5
 0.4 -0.7  0.9
-14.9497   216.86  124.208  5.74285  21.6693        0
-1.02818e-05            1 -6.24357e-06
0
     0.5 0.699999      2.3
 14.9489 -243.834  195.067        0        0        0
-2.04272e-05           -1 -4.20239e-05
3
4
0.4 0.7 0.9
-0.0460493 -0.0803995  0.0460493  0.0064741    136.097          0
-1.02818e-05           -1 -6.24357e-06
1
 0.499913 -0.700002   2.30007
0.0187931   402.034   308.688         0         0         0
-2.04272e-05            1 -4.20239e-05
0
0.499999 0.699999      2.3
0.0270903  -401.954   321.563         0         0         0
-2.04272e-05           -1 -4.20239e-05
4
4
0.4 0.7 0.9
-17.4427 -207.681  118.951  11.5394  24.3247        0
-1.02818e-05           -1 -6.24357e-06
1
 0.499912 -0.700001   2.30007
15.0111 235.448 188.358       0       0       0
-2.04272e-05            1 -4.20239e-05
0
0.500001      0.7      2.3
16.6119 -246.87 197.496       0       0       0
-2.04272e-05           -1 -4.20239e-05
5
 0.4 -0.7  1.1
-14.1803  219.103  125.493  11.5394  24.3247        0
-6.85459e-06            1 -1.87318e-05
3
4
0.400004 0.699999 0.900001
-0.00243074    -626.458     358.808     50.1163      42.872           0
-1.02818e-05           -1 -6.24357e-06
1
 0.499906 -0.700001   2.30008
-7.10543e-15  1.42109e-14  3.19744e-14            0            0            0
-2.04272e-05            1 -4.20239e-05
5
 0.399999 -0.699999       1.1
0.00233125    626.459    271.489    50.1169    42.8562          0
-6.85459e-06            1 -1.87318e-05
4
4
0.400005 0.699999 0.900001
-13.0166 -207.882  119.066  9.65461  15.8085        0
-1.02818e-05           -1 -6.24357e-06
1
 0.499899 -0.699995   2.30006
9.85538 236.432 189.146       0       0       0
-2.04272e-05            1 -4.20239e-05
5
 0.399999 -0.699998       1.1
-9.11586  217.989  124.855  9.65461  15.8085        0
-6.85459e-06            1 -1.87318e-05
0
0.499999 0.699993  2.50001
  12.277 -246.539  197.231        0        0        0
-1.16726e-05           -1  -8.4043e-05
3
1
 0.499876 -0.699996   2.30006
0.0382273   432.764   346.211         0         0         0
-2.04272e-05            1 -4.20239e-05
5
 0.399999 -0.699998       1.1
-0.00111922  0.00195409  0.00111922 0.000141745     38.3849           0
-6.85459e-06            1 -1.87318e-05
0
0.499996  0.69999  2.50001
-0.0372646   -432.765    284.085          0          0          0
-1.16726e-05           -1  -8.4043e-05
4
1
 0.499869 -0.699994   2.30006
11.3156 249.827 199.862       0       0       0
-2.04272e-05            1 -4.20239e-05
5
 0.399999 -0.699998       1.1
-12.6503  205.045  117.441 -16.4034  19.9705        0
-6.85459e-06            1 -1.87318e-05
0
0.499975 0.700003      2.5
 14.6466 -230.869  184.695        0        0        0
-1.16726e-05           -1  -8.4043e-05
4
0.4 0.7 1.1
-13.3121 -224.004  128.299 -17.9203  19.9705        0
-6.85459e-06           -1 -1.87318e-05
3
5
 0.400001 -0.699999       1.1
 5.60258  534.684  306.244 -42.7737  14.7928        0
-6.85459e-06            1 -1.87318e-05
0
 0.49996 0.700009  2.49999
 7.56717 -78.3725   62.698        0        0        0
-1.16726e-05           -1  -8.4043e-05
4
0.400022 0.699995      1.1
-13.1696 -456.312  261.355 -36.5046  14.7952        0
-6.85459e-06           -1 -1.87318e-05
4
0
0.499994 0.699989  2.50002
 19.3403 -240.819  192.655        0        0        0
-1.16726e-05           -1  -8.4043e-05
1
0.499998     -0.7      2.5
19.3543 240.611 192.489       0       0       0
-1.16726e-05            1  -8.4043e-05
4
0.400001      0.7      1.1
-19.3547 -213.908  122.517 0.198082   27.639        0
-6.85459e-06           -1 -1.87318e-05
5
0.399999     -0.7      1.1
-19.3403  214.116  122.636 0.198082   27.639        0
-6.85459e-06            1 -1.87318e-05
