4
0
0.499994 0.699989  1.70002
 19.3404 -240.819  192.655        0        0        0
-2.08602e-05           -1 -7.81734e-05
1
0.499998     -0.7      1.7
19.3544 240.611 192.489       0       0       0
-2.08602e-05            1 -7.81734e-05
4
0.400001      0.7 0.300003
-19.3547 -213.908  122.517 0.198041   27.639        0
-6.85448e-06           -1 -4.68276e-06
5
0.399999     -0.7 0.300003
-19.3402  214.116  122.636 0.198041   27.639        0
-6.85448e-06            1 -4.68276e-06
3
0
     0.5 0.699992  1.70001
-0.586249  -395.099   316.079         0         0         0
-2.08602e-05           -1 -7.81734e-05
1
 0.499995 -0.699998       1.7
5.27605 386.911 309.529       0       0       0
-2.08602e-05            1 -7.81734e-05
5
      0.4 -0.700001  0.300004
 -4.68969   8.18792   4.68969 -0.653778   105.239         0
-6.85448e-06            1 -4.68276e-06
4
0
0.500009 0.699971  1.70003
  19.006 -231.758  185.406        0        0        0
-2.08602e-05           -1 -7.81734e-05
1
 0.499991 -0.699997   1.70001
20.7089 250.718 200.574       0       0       0
-2.08602e-05            1 -7.81734e-05
5
      0.4 -0.700001  0.300004
-22.0605  203.802  116.729 -16.3038  30.5494        0
-6.85448e-06            1 -4.68276e-06
4
0.4 0.7 0.5
-17.6544 -222.762  127.589  -17.821  30.5495        0
-7.00358e-06           -1 -1.16726e-05
3
0
 0.50006 0.699943  1.70005
 4.17444e-14 -2.84217e-14  2.84217e-14            0            0            0
-2.08602e-05           -1 -7.81734e-05
5
     0.4     -0.7 0.300004
6.73429e-05      624.26     357.549    -49.9408      8.2501           0
-6.85448e-06            1 -4.68276e-06
4
0.4 0.7 0.5
0.000476425     -624.26     272.749    -49.9408      8.2695           0
-7.00358e-06           -1 -1.16726e-05
4
0
0.500011 0.699971  1.70004
 16.2805 -238.396  190.717        0        0        0
-2.08602e-05           -1 -7.81734e-05
5
0.400001     -0.7 0.300004
-21.6446  210.978  120.839 -4.99932   26.823        0
-6.85448e-06            1 -4.68276e-06
4
0.4 0.7 0.5
-15.9081 -216.212  123.837 -4.99932   26.823        0
-7.00358e-06           -1 -1.16726e-05
1
 0.500001 -0.699999       1.9
 21.272 243.631 194.905       0       0       0
-1.52125e-05            1 -7.30142e-05
3
0
0.500032 0.699976  1.70003
-0.00589275    -486.498     389.199           0           0           0
-2.08602e-05           -1 -7.81734e-05
4
0.400007 0.700003 0.499999
 -0.00206332  -0.00360244   0.00206332 -0.000387499      59.3504            0
-7.00358e-06           -1 -1.16726e-05
1
0.500007 -0.69999  1.90001
0.0082103   486.502   241.097         0         0         0
-1.52125e-05            1 -7.30142e-05
4
0
0.500032 0.699976  1.70002
 13.3701 -253.034  202.427        0        0        0
-2.08602e-05           -1 -7.81734e-05
4
0.400007 0.700003 0.499999
-15.2514 -202.015  115.705  16.1609  23.8507        0
-7.00358e-06           -1 -1.16726e-05
1
0.500008     -0.7  1.89999
17.6361 226.771 181.417       0       0       0
-1.52125e-05            1 -7.30142e-05
5
 0.4 -0.7  0.5
-15.7548  228.278  130.748  18.2623  23.8508        0
-7.00358e-06            1 -1.16726e-05
3
4
0.400007 0.700003 0.499999
 3.47579 -540.572  309.616  43.2457  21.3233        0
-7.00358e-06           -1 -1.16726e-05
1
 0.500022 -0.699993   1.89998
13.1921 48.6901 38.9521       0       0       0
-1.52125e-05            1 -7.30142e-05
5
 0.4 -0.7  0.5
-16.6678  491.882  281.729  39.3506  21.3286        0
-7.00358e-06            1 -1.16726e-05
4
4
0.400007 0.700003 0.499999
 -18.262 -210.278  120.438  7.03591  25.7163        0
-7.00358e-06           -1 -1.16726e-05
1
 0.500021 -0.699991   1.89999
18.2619 237.068 189.654       0       0       0
-1.52125e-05            1 -7.30142e-05
5
0.400001     -0.7      0.5
-17.7406  217.645  124.657  7.03591  25.7163        0
-7.00358e-06            1 -1.16726e-05
0
0.499986 0.700011  1.89999
 17.7406 -244.435  195.548        0        0        0
-1.52125e-05           -1 -7.30142e-05
3
4
0.400007 0.700003 0.499999
-6.44772 -11.2574  6.44772   0.8991  108.553        0
-7.00358e-06           -1 -1.16726e-05
1
 0.500018 -0.699991   1.89999
-0.802528   395.534   316.428         0         0         0
-1.52125e-05            1 -7.30142e-05
0
0.500023      0.7  1.89997
  7.2507 -384.277  307.422        0        0        0
-1.52125e-05           -1 -7.30142e-05
4
4
0.400007 0.700003 0.499999
-23.2504 -208.552  119.449    10.29  32.6915        0
-7.00358e-06           -1 -1.16726e-05
1
0.500015     -0.7  1.89997
19.9813  235.84 188.672       0       0       0
-1.52125e-05            1 -7.30142e-05
0
0.500023      0.7  1.89997
 22.5166 -246.078  196.863        0        0        0
-1.52125e-05           -1 -7.30142e-05
5
 0.4 -0.7  0.7
-19.2474   218.79  125.314    10.29  32.6915        0
 -7.0034e-06            1 -2.33451e-05
3
4
0.400006 0.700003 0.499999
-0.00251804    -557.979     319.586     44.6383     13.8108           0
-7.00358e-06           -1 -1.16726e-05
1
0.500015     -0.7  1.89997
 2.79776e-14  3.28626e-14 -4.61853e-14            0            0            0
-1.52125e-05            1 -7.30142e-05
5
 0.4 -0.7  0.7
0.00247771    557.979    310.711    44.6384    13.8336          0
 -7.0034e-06            1 -2.33451e-05
4
4
0.400006 0.700003 0.499999
-17.1219 -206.827  118.462  11.6254  20.8593        0
-7.00358e-06           -1 -1.16726e-05
1
 0.500008 -0.700002   1.89997
12.9496 235.416 188.333       0       0       0
-1.52125e-05            1 -7.30142e-05
5
 0.400001 -0.699998  0.700002
-12.0808  218.999  125.433  11.6254  20.8593        0
 -7.0034e-06            1 -2.33451e-05
0
     0.5 0.699998      2.1
  16.253 -247.587   198.07        0        0        0
-2.08616e-05           -1 -1.30297e-05
3
1
 0.500008 -0.700002   1.89997
-0.00399302     435.278     348.222           0           0           0
-1.52125e-05            1 -7.30142e-05
5
 0.400001 -0.699998  0.700002
-0.000552999  0.000965505  0.000552999 -0.000712689      128.478            0
 -7.0034e-06            1 -2.33451e-05
0
0.499993  0.70001  2.09999
0.00452456   -435.279    282.074          0          0          0
-2.08616e-05           -1 -1.30297e-05
4
1
 0.500007 -0.700001   1.89997
 11.102 244.549 195.639       0       0       0
-1.52125e-05            1 -7.30142e-05
5
 0.400001 -0.699998  0.700002
-11.6544  210.185  120.385 -7.77459  18.9642        0
 -7.0034e-06            1 -2.33451e-05
0
0.499996 0.700008  2.09999
 13.5511 -236.841  189.473        0        0        0
-2.08616e-05           -1 -1.30297e-05
4
0.4 0.7 0.7
-12.9986 -217.894    124.8 -7.77459  18.9642        0
 -7.0034e-06           -1 -2.33451e-05
3
5
 0.400005 -0.699995       0.7
  5.4004  535.222  306.552 -42.8183   22.389        0
 -7.0034e-06            1 -2.33451e-05
0
0.499982 0.700008  2.09999
 12.9674 -75.6593  60.5275        0        0        0
-2.08616e-05           -1 -1.30297e-05
4
0.399997 0.699999      0.7
-18.3682 -459.563  263.218 -36.7654  22.3876        0
 -7.0034e-06           -1 -2.33451e-05
4
5
 0.400005 -0.699995       0.7
-19.5208  212.755  121.857 -2.40805  27.7542        0
 -7.0034e-06            1 -2.33451e-05
0
0.499982 0.700008  2.09999
 19.5206 -239.452  191.562        0        0        0
-2.08616e-05           -1 -1.30297e-05
4
0.399997 0.699999      0.7
 -19.335 -215.275    123.3 -2.40805  27.7542        0
 -7.0034e-06           -1 -2.33451e-05
1
 0.500008 -0.699997       2.1
19.3351 241.973 193.579       0       0       0
-2.08616e-05            1 -1.30297e-05
3
0
0.499974 0.700008      2.1
0.0135464  -405.224   324.179         0         0         0
-2.08616e-05           -1 -1.30297e-05
4
0.399997 0.699999      0.7
 -0.00424146  -0.00740534   0.00424146 -0.000870849      130.578            0
 -7.0034e-06           -1 -2.33451e-05
1
 0.500005 -0.699994   2.10002
-0.00941895     405.231     306.114           0           0           0
-2.08616e-05            1 -1.30297e-05
4
0
0.499954 0.700021  2.09998
 22.9138 -251.282  201.025        0        0        0
-2.08616e-05           -1 -1.30297e-05
4
0.399999 0.699998      0.7
-24.3475 -203.258  116.418  16.2605  33.7584        0
 -7.0034e-06           -1 -2.33451e-05
1
 0.500005 -0.699993   2.10002
20.9721 231.089 184.871       0       0       0
-2.08616e-05            1 -1.30297e-05
5
     0.4     -0.7 0.900001
-19.5386  223.451  127.983  17.8762  33.7585        0
-1.02818e-05            1 -6.24357e-06
3
0
0.499933 0.700033  2.09997
-1.14874  -396.26  317.008        0        0        0
-2.08616e-05           -1 -1.30297e-05
1
 0.500005 -0.699992   2.10002
10.5224 379.894 303.915       0       0       0
-2.08616e-05            1 -1.30297e-05
5
     0.4     -0.7 0.900001
-9.37371   16.366  9.37371 -1.30829  137.292        0
-1.02818e-05            1 -6.24357e-06
4
0
0.499935  0.70003  2.09997
 14.8746 -236.767  189.414        0        0        0
-2.08616e-05           -1 -1.30297e-05
1
 0.500036 -0.699991   2.10001
14.2828 244.789 195.831       0       0       0
-2.08616e-05            1 -1.30297e-05
5
 0.399998 -0.699994  0.900003
-14.8751  209.913  120.229 -8.79113  24.2981        0
-1.02818e-05            1 -6.24357e-06
4
0.399982 0.700004 0.900007
-14.2823 -217.935  124.823 -8.79113  24.2981        0
-1.02818e-05           -1 -6.24357e-06
3
0
0.499873  0.70005  2.09998
 11.4296 -33.1672  26.5338        0        0        0
-2.08616e-05           -1 -1.30297e-05
5
 0.399998 -0.699994  0.900003
  2.3606  543.652   311.38 -43.4919  21.0131        0
-1.02818e-05            1 -6.24357e-06
4
0.399982 0.700004 0.900007
-13.7906 -510.485  292.383 -40.8389  21.0481        0
-1.02818e-05           -1 -6.24357e-06
4
0
0.499872  0.70005  2.09998
 11.4816 -243.673  194.939        0        0        0
-2.08616e-05           -1 -1.30297e-05
5
 0.399998 -0.699994  0.900003
-13.4286  216.935  124.251  5.91101  19.4667        0
-1.02818e-05            1 -6.24357e-06
4
0.399982 0.700004 0.900007
-11.8778 -211.048  120.879  5.91101  19.4667        0
-1.02818e-05           -1 -6.24357e-06
1
      0.5 -0.699997       2.3
13.8248 237.787 190.229       0       0       0
-2.04272e-05            1 -4.20239e-05
3
5
 0.399998 -0.699994  0.900003
-11.9613  472.374  270.555    37.79  13.7736        0
-1.02818e-05            1 -6.24357e-06
4
0.399982 0.700004 0.900007
 4.64697 -537.343  307.767  42.9859  13.7473        0
-1.02818e-05           -1 -6.24357e-06
1
 0.499996 -0.699996   2.30001
7.31445 64.9691 51.9753       0       0       0
-2.04272e-05            1 -4.20239e-05
4
5
 0.399998 -0.699994  0.900003
-16.5423   216.16  123.807   4.2944  23.8608        0
-1.02818e-05            1 -6.24357e-06
4
0.399982 0.700004 0.900007
-16.8627 -211.664  121.232   4.2944  23.8608        0
-1.02818e-05           -1 -6.24357e-06
1
 0.500002 -0.699993   2.30001
16.8628 238.538 190.831       0       0       0
-2.04272e-05            1 -4.20239e-05
0
0.500013 0.699993      2.3
 16.5423 -243.034  194.427        0        0        0
-2.04272e-05           -1 -4.20239e-05
3
5
 0.399998 -0.699994  0.900003
-0.000256983  0.000448677  0.000256983   0.00142396      133.622            0
-1.02818e-05            1 -6.24357e-06
1
 0.500001 -0.699992       2.3
0.00352524    394.386    315.509          0          0          0
-2.04272e-05            1 -4.20239e-05
0
0.500013 0.699993      2.3
-0.00323713    -394.386     314.788           0           0           0
-2.04272e-05           -1 -4.20239e-05
4
5
 0.399998 -0.699994  0.900003
-24.3512  206.525  118.289 -14.1316  34.0808        0
-1.02818e-05            1 -6.24357e-06
1
 0.499999 -0.699995       2.3
23.3618 248.065 198.452       0       0       0
-2.04272e-05            1 -4.20239e-05
0
0.500072 0.699918  2.30002
  20.944 -234.054  187.243        0        0        0
-2.04272e-05           -1 -4.20239e-05
4
0.4 0.7 1.1
-19.9539 -220.537  126.314 -14.1316  34.0808        0
-6.85459e-06           -1 -1.87318e-05
3
5
 0.399999 -0.699994  0.900003
0.00108864    586.918    336.161    -46.953    43.8189          0
-1.02818e-05            1 -6.24357e-06
0
0.500131 0.699841  2.30004
-2.30926e-14 -7.10543e-15  3.19744e-14            0            0            0
-2.04272e-05           -1 -4.20239e-05
4
0.400001      0.7      1.1
-0.000356171     -586.919      294.136     -46.9535      43.8359            0
-6.85459e-06           -1 -1.87318e-05
4
5
 0.399999 -0.699994  0.900003
-19.7002  207.563  118.883 -10.5474  24.1464        0
-1.02818e-05            1 -6.24357e-06
0
0.500143  0.69984  2.30003
 14.8713 -235.856  188.685        0        0        0
-2.04272e-05           -1 -4.20239e-05
4
0.400001      0.7      1.1
 -14.105 -218.608  125.209 -10.5474  24.1464        0
-6.85459e-06           -1 -1.87318e-05
1
 0.5 -0.7  2.5
18.934  246.9 197.52      0      0      0
-1.16726e-05            1  -8.4043e-05
3
0
0.500144 0.699842  2.30002
-0.0056929   -472.877    378.302          0          0          0
-2.04272e-05           -1 -4.20239e-05
4
0.400001      0.7      1.1
-0.0376698 -0.0657693  0.0376698 0.00476189    71.5963          0
-6.85459e-06           -1 -1.87318e-05
1
 0.500002 -0.699999       2.5
0.0434121   472.942   251.958         0         0         0
-1.16726e-05            1  -8.4043e-05
4
0
0.500135 0.699849  2.30001
 15.3109 -249.888  199.911        0        0        0
-2.04272e-05           -1 -4.20239e-05
4
0.400029 0.699979  1.09999
-16.7236 -205.042  117.439  16.4033  26.6952        0
-6.85459e-06           -1 -1.87318e-05
1
0.499976 -0.69999  2.50001
19.3929 230.513  184.41       0       0       0
-1.16726e-05            1  -8.4043e-05
5
 0.400014 -0.700009   1.10001
-17.9804  224.418  128.537  17.9537  26.6952        0
-6.85459e-06            1 -1.87318e-05
3
4
0.400029 0.699979  1.09999
 4.03486 -539.004  308.718  43.1199  26.9235        0
-6.85459e-06           -1 -1.87318e-05
1
 0.499971 -0.699989   2.50002
16.8283 56.5946 45.2757       0       0       0
-1.16726e-05            1  -8.4043e-05
5
 0.400014 -0.700009   1.10001
-20.8633   482.41  276.303  38.5925  26.9336        0
-6.85459e-06            1 -1.87318e-05
4
0
0.499994 0.699989  2.50002
 19.3404 -240.819  192.655        0        0        0
-1.16726e-05           -1  -8.4043e-05
1
0.499998     -0.7      2.5
19.3544 240.611 192.489       0       0       0
-1.16726e-05            1  -8.4043e-05
4
0.400001      0.7      1.1
-19.3547 -213.908  122.517 0.198042   27.639        0
-6.85459e-06           -1 -1.87318e-05
5
0.399999     -0.7      1.1
-19.3402  214.116  122.636 0.198042   27.639        0
-6.85459e-06            1 -1.87318e-05
