4
0
0.499994 0.699989  1.70002
 19.3404 -240.819  192.655        0        0        0
-2.08602e-05           -1 -7.81734e-05
1
0.499998     -0.7      1.7
19.3544 240.611 192.489       0       0       0
-2.08602e-05            1 -7.81734e-05
4
0.400001      0.7 0.300003
-19.3547 -213.908  122.517 0.198041   27.639        0
-6.85448e-06           -1 -4.68276e-06
5
0.399999     -0.7 0.300003
-19.3402  214.116  122.636 0.198041   27.639        0
-6.85448e-06            1 -4.68276e-06
3
0
0.499972  0.69998  1.70002
0.00751971   -395.904    316.724          0          0          0
-2.08602e-05           -1 -7.81734e-05
1
0.499994     -0.7      1.7
-0.00636885     395.906     313.573           0           0           0
-2.08602e-05            1 -7.81734e-05
4
0.400001      0.7 0.300003
-0.00118507 -0.00206906  0.00118507 0.000623952     132.411           0
-6.85448e-06           -1 -4.68276e-06
4
0
0.499972  0.69998  1.70002
 21.8019 -249.317  199.454        0        0        0
-2.08602e-05           -1 -7.81734e-05
1
 0.500003 -0.699999   1.70001
19.7619 233.035 186.428       0       0       0
-2.08602e-05            1 -7.81734e-05
4
0.400001      0.7 0.300003
-22.9592 -205.227  117.545  16.4183  31.9718        0
-6.85448e-06           -1 -4.68276e-06
5
 0.4 -0.7  0.5
-18.6046  221.509  126.871  16.4622  31.9718        0
-7.00358e-06            1 -1.16726e-05
3
1
0.500006     -0.7      1.7
 3.19744e-14  1.77636e-14 -3.55271e-15            0            0            0
-2.08602e-05            1 -7.81734e-05
4
0.400001      0.7 0.300003
0.000215047    -589.215     337.477     47.1373     43.0114           0
-6.85448e-06           -1 -4.68276e-06
5
 0.4 -0.7  0.5
5.97676e-05     589.214     292.821     47.1372      43.006           0
-7.00358e-06            1 -1.16726e-05
4
1
 0.500015 -0.699998   1.70001
10.7764  238.67 190.936       0       0       0
-2.08602e-05            1 -7.81734e-05
4
0.400001      0.7 0.300003
-14.3093 -210.865  120.774  4.78464  17.6646        0
-6.85448e-06           -1 -4.68276e-06
5
 0.4 -0.7  0.5
-10.4212  215.875  123.644  4.78464  17.6646        0
-7.00358e-06            1 -1.16726e-05
0
0.5 0.7 1.9
 13.9541 -243.679  194.943        0        0        0
-1.52125e-05           -1 -7.30142e-05
3
1
 0.500018 -0.699996   1.70001
-0.00499791     486.764     389.411           0           0           0
-2.08602e-05            1 -7.81734e-05
5
 0.4 -0.7  0.5
-8.63506e-05  0.000150763  8.63506e-05 -0.000126956      66.4083            0
-7.00358e-06            1 -1.16726e-05
0
0.500003 0.700003  1.89999
0.00516077   -486.764    240.886          0          0          0
-1.52125e-05           -1 -7.30142e-05
4
1
 0.500011 -0.699998   1.69999
17.7634 245.938  196.75       0       0       0
-2.08602e-05            1 -7.81734e-05
5
 0.4 -0.7  0.5
-18.5558  208.913  119.657 -11.1525  30.2662        0
-7.00358e-06            1 -1.16726e-05
0
0.500002 0.700003  1.89999
 21.5824 -234.865  187.892        0        0        0
-1.52125e-05           -1 -7.30142e-05
4
0.4 0.7 0.5
  -20.79 -219.986  125.998 -11.1525  30.2662        0
-7.00358e-06           -1 -1.16726e-05
3
5
 0.4 -0.7  0.5
 4.18502  538.609  308.492 -43.0887  27.2825        0
-7.00358e-06            1 -1.16726e-05
0
0.500001 0.700003  1.89999
 17.0045 -58.5896  46.8717        0        0        0
-1.52125e-05           -1 -7.30142e-05
4
0.4 0.7 0.5
-21.1896 -480.019  274.934 -38.4015  27.2817        0
-7.00358e-06           -1 -1.16726e-05
4
5
 0.4 -0.7  0.5
-11.1649  209.276  119.864 -8.43454  15.4991        0
-7.00358e-06            1 -1.16726e-05
0
0.499998 0.700002  1.89999
 11.1648 -236.529  189.223        0        0        0
-1.52125e-05           -1 -7.30142e-05
4
0.4 0.7 0.5
-10.5338 -218.107  124.922 -8.43454  15.4991        0
-7.00358e-06           -1 -1.16726e-05
1
0.499999     -0.7      1.9
10.5339  245.36 196.288       0       0       0
-1.52125e-05            1 -7.30142e-05
3
0
0.499994 0.700001  1.89998
  13.342 -376.168  300.934        0        0        0
-1.52125e-05           -1 -7.30142e-05
4
0.4 0.7 0.5
-11.8615 -20.7095  11.8615  1.65676  68.0626        0
-7.00358e-06           -1 -1.16726e-05
1
0.499999     -0.7      1.9
-1.48052  396.877  317.502        0        0        0
-1.52125e-05            1 -7.30142e-05
4
0
0.499993 0.700007  1.89997
 12.6098 -248.981  199.185        0        0        0
-1.52125e-05           -1 -7.30142e-05
4
0.4 0.7 0.5
-13.6917 -205.477  117.688  15.4022  18.7873        0
-7.00358e-06           -1 -1.16726e-05
1
 0.500008 -0.699997   1.89999
11.8133   233.8  187.04       0       0       0
-1.52125e-05            1 -7.30142e-05
5
 0.4 -0.7  0.7
-10.7313  220.659  126.384  15.4022  18.7873        0
 -7.0034e-06            1 -2.33451e-05
3
0
0.499993 0.700007  1.89997
0.00314656   -410.574    301.842          0          0          0
-1.52125e-05           -1 -7.30142e-05
1
 0.500008 -0.699997   1.89999
0.00656916    410.558    328.446          0          0          0
-1.52125e-05            1 -7.30142e-05
5
 0.4 -0.7  0.7
-0.00969773   0.0169317  0.00969773 -0.00262372     114.069           0
 -7.0034e-06            1 -2.33451e-05
4
0
0.499979 0.700014  1.89997
 21.5079 -242.108  193.686        0        0        0
-1.52125e-05           -1 -7.30142e-05
1
 0.500008 -0.699998   1.89999
21.7252 239.005 191.204       0       0       0
-1.52125e-05            1 -7.30142e-05
5
 0.4 -0.7  0.7
-21.5083  215.785  123.592  3.39989  36.0282        0
 -7.0034e-06            1 -2.33451e-05
4
0.4 0.7 0.7
-21.7249 -212.682  121.815  3.39989  36.0282        0
 -7.0034e-06           -1 -2.33451e-05
3
0
0.499973 0.700007  1.89996
 13.1927 -67.2178  53.7742        0        0        0
-1.52125e-05           -1 -7.30142e-05
5
      0.4 -0.699999  0.699999
 4.80021  536.897  307.511 -42.9524  25.9937        0
 -7.0034e-06            1 -2.33451e-05
4
     0.4      0.7 0.700001
-17.9929 -469.679  269.012 -37.5743   25.988        0
 -7.0034e-06           -1 -2.33451e-05
4
0
 0.49995 0.700006  1.89997
 18.1986 -247.589  198.071        0        0        0
-1.52125e-05           -1 -7.30142e-05
5
      0.4 -0.699999       0.7
-21.3184  221.881  127.084  14.7246  31.1922        0
 -7.0034e-06            1 -2.33451e-05
4
     0.4      0.7 0.700001
-19.2311 -207.303  118.734  14.7246  31.1922        0
 -7.0034e-06           -1 -2.33451e-05
1
0.500002     -0.7      2.1
22.3506 233.011 186.409       0       0       0
-2.08616e-05            1 -1.30297e-05
3
5
      0.4 -0.699999       0.7
-21.4918   488.99  280.072  39.1192  28.0905        0
 -7.0034e-06            1 -2.33451e-05
4
     0.4      0.7 0.700001
 3.65005 -540.094  309.342  43.2075  28.0959        0
 -7.0034e-06           -1 -2.33451e-05
1
 0.500004 -0.699999       2.1
17.8416 51.1038  40.883       0       0       0
-2.08616e-05            1 -1.30297e-05
4
5
      0.4 -0.699999       0.7
 -13.925  210.796  120.735 -5.73757  19.5837        0
 -7.0034e-06            1 -2.33451e-05
4
     0.4      0.7 0.700001
-13.4919 -216.803  124.175 -5.73757  19.5837        0
 -7.0034e-06           -1 -2.33451e-05
1
0.500012     -0.7  2.09999
13.4919 243.871 195.096       0       0       0
-2.08616e-05            1 -1.30297e-05
0
0.499988 0.700009  2.09999
  13.925 -237.864  190.291        0        0        0
-2.08616e-05           -1 -1.30297e-05
3
5
      0.4 -0.699999       0.7
 -0.0088859   0.0155143   0.0088859 -0.00227472     86.1189           0
 -7.0034e-06            1 -2.33451e-05
1
 0.500011 -0.699999   2.09999
-0.00151362     411.861     329.489           0           0           0
-2.08616e-05            1 -1.30297e-05
0
0.499972      0.7  2.10001
0.0102408  -411.876     300.8         0         0         0
-2.08616e-05           -1 -1.30297e-05
4
5
      0.4 -0.699999       0.7
  -9.469  206.904  118.506 -12.4776  12.8904        0
 -7.0034e-06            1 -2.33451e-05
1
 0.500055 -0.700006   2.09995
 8.5769 247.549 198.039       0       0       0
-2.08616e-05            1 -1.30297e-05
0
 0.49997 0.700008      2.1
 8.18037 -235.262   188.21        0        0        0
-2.08616e-05           -1 -1.30297e-05
4
0.4 0.7 0.9
  -7.288  -219.19  125.543 -12.4776  12.8904        0
-1.02818e-05           -1 -6.24357e-06
3
1
 0.500045 -0.700015   2.09993
-0.021704   398.476   311.516         0         0         0
-2.08616e-05            1 -1.30297e-05
0
0.499969 0.700008      2.1
0.0216813  -398.476   318.781         0         0         0
-2.08616e-05           -1 -1.30297e-05
4
0.4 0.7 0.9
-1.38143e-05  -2.4119e-05  1.38143e-05  4.57959e-06      103.203            0
-1.02818e-05           -1 -6.24357e-06
4
1
 0.500044 -0.700016   2.09993
13.7882 236.945 189.556       0       0       0
-2.08616e-05            1 -1.30297e-05
0
0.499969 0.700008      2.1
 13.2494 -244.678  195.742        0        0        0
-2.08616e-05           -1 -1.30297e-05
4
     0.4 0.699999      0.9
 -13.789 -210.011  120.285  8.47218   22.532        0
-1.02818e-05           -1 -6.24357e-06
5
0.399999     -0.7      0.9
-13.2487  217.744  124.714  8.47218   22.532        0
-1.02818e-05            1 -6.24357e-06
3
1
 0.500044 -0.700016   2.09993
8.23946 41.1819 32.9455       0       0       0
-2.08616e-05            1 -1.30297e-05
4
     0.4 0.699999      0.9
 2.94212 -542.062  310.469  43.3652  16.1899        0
-1.02818e-05           -1 -6.24357e-06
5
 0.399997 -0.700001  0.900001
-11.1816   500.88  286.882  40.0697  16.1961        0
-1.02818e-05            1 -6.24357e-06
4
1
 0.500043 -0.700014   2.09993
12.8896 242.943 194.355       0       0       0
-2.08616e-05            1 -1.30297e-05
4
0.399998 0.699994 0.900002
-15.0653 -216.225  123.844 -4.42964  21.7514        0
-1.02818e-05           -1 -6.24357e-06
5
 0.399984 -0.700003  0.900007
-13.2105  211.781  121.299 -4.42964  21.7514        0
-1.02818e-05            1 -6.24357e-06
0
0.500011  0.70001  2.29998
 15.3862 -238.499  190.799        0        0        0
-2.04272e-05           -1 -4.20239e-05
3
4
0.399998 0.699994 0.900002
-14.5347 -462.369  264.825 -36.9905  17.0207        0
-1.02818e-05           -1 -6.24357e-06
5
 0.399984 -0.700003  0.900007
 5.24329  535.687  306.818 -42.8511    16.99        0
-1.02818e-05            1 -6.24357e-06
0
0.500009  0.70001  2.29998
 9.29139 -73.3183  58.6546        0        0        0
-2.04272e-05           -1 -4.20239e-05
4
4
0.399998 0.699994 0.900002
-16.8805 -217.745  124.715  -7.2893  24.5019        0
-1.02818e-05           -1 -6.24357e-06
5
 0.399984 -0.700003  0.900007
-17.4219  210.113  120.344  -7.2893  24.5019        0
-1.02818e-05            1 -6.24357e-06
0
0.500009  0.70001  2.29998
 17.4217 -236.958  189.567        0        0        0
-2.04272e-05           -1 -4.20239e-05
1
 0.5 -0.7  2.3
16.8807  244.59 195.672       0       0       0
-2.04272e-05            1 -4.20239e-05
3
4
0.399998 0.699994 0.900002
-0.0396311 -0.0691936  0.0396311 0.00472027    105.192          0
-1.02818e-05           -1 -6.24357e-06
0
0.500009  0.70001  2.29998
0.040123 -411.695  329.356        0        0        0
-2.04272e-05           -1 -4.20239e-05
1
 0.499994 -0.700007       2.3
-0.000622686      411.764      300.902            0            0            0
-2.04272e-05            1 -4.20239e-05
4
4
0.399998 0.699994 0.900002
-11.0335 -201.682  115.514  16.1349   14.623        0
-1.02818e-05           -1 -6.24357e-06
0
0.500005 0.700009  2.29998
9.43839 -252.71 202.168       0       0       0
-2.04272e-05           -1 -4.20239e-05
1
  0.49999 -0.700008       2.3
9.57134 230.412  184.33       0       0       0
-2.04272e-05            1 -4.20239e-05
5
 0.4 -0.7  1.1
-7.97628  223.979  128.286  17.9184   14.623        0
-6.85459e-06            1 -1.87318e-05
3
0
0.500003 0.700006  2.29997
-1.64848 -397.207  317.766        0        0        0
-2.04272e-05           -1 -4.20239e-05
1
 0.499992 -0.700003   2.30002
14.8419 374.173 299.338       0       0       0
-2.04272e-05            1 -4.20239e-05
5
      0.4 -0.699999       1.1
-13.1934  23.0349  13.1934 -1.84273   95.642        0
-6.85459e-06            1 -1.87318e-05
4
0
0.500005 0.700005  2.29998
  13.216 -244.668  195.734        0        0        0
-2.04272e-05           -1 -4.20239e-05
1
  0.49999 -0.700004   2.30001
13.7699 236.957 189.565       0       0       0
-2.04272e-05            1 -4.20239e-05
5
      0.4 -0.699999       1.1
-13.2164  217.732  124.707  8.44917  22.4883        0
-6.85459e-06            1 -1.87318e-05
4
0.4 0.7 1.1
-13.7695 -210.021  120.291  8.44917  22.4883        0
-6.85459e-06           -1 -1.87318e-05
3
0
0.500007 0.700005  2.29998
 7.89014 -78.4655  62.7724        0        0        0
-2.04272e-05           -1 -4.20239e-05
5
      0.4 -0.699999       1.1
 5.60515  534.666  306.233 -42.7732  17.8272        0
-6.85459e-06            1 -1.87318e-05
4
0.4 0.7 1.1
-13.4953   -456.2  261.292 -36.4959  17.8171        0
-6.85459e-06           -1 -1.87318e-05
4
0
0.500007 0.700005  2.29998
 9.84977 -250.472  200.377        0        0        0
-2.04272e-05           -1 -4.20239e-05
5
      0.4 -0.699999       1.1
-11.6131  224.709  128.703  17.9764  17.6305        0
-6.85459e-06            1 -1.87318e-05
4
0.4 0.7 1.1
-11.3065 -204.411  117.078   16.353  17.6306        0
-6.85459e-06           -1 -1.87318e-05
1
 0.499965 -0.700016       2.5
13.0696 230.174 184.139       0       0       0
-1.16726e-05            1  -8.4043e-05
3
5
 0.399998 -0.699998       1.1
-17.8079  456.878   261.68  36.5501  21.4666        0
-6.85459e-06            1 -1.87318e-05
4
0.400003 0.699999      1.1
 5.55997 -534.778  306.298  42.7827   21.475        0
-6.85459e-06           -1 -1.87318e-05
1
0.499952 -0.70002  2.49999
12.2478 77.8995 62.3196       0       0       0
-1.16726e-05            1  -8.4043e-05
4
0
0.499994 0.699989  2.50002
 19.3404 -240.819  192.655        0        0        0
-1.16726e-05           -1  -8.4043e-05
1
0.499998     -0.7      2.5
19.3544 240.611 192.489       0       0       0
-1.16726e-05            1  -8.4043e-05
4
0.400001      0.7      1.1
-19.3547 -213.908  122.517 0.198031   27.639        0
-6.85459e-06           -1 -1.87318e-05
5
0.399999     -0.7      1.1
-19.3402  214.116  122.636 0.198031   27.639        0
-6.85459e-06            1 -1.87318e-05
