4
0
0.499994 0.699989  1.70002
 19.3404 -240.819  192.655        0        0        0
-2.08602e-05           -1 -7.81734e-05
1
0.499998     -0.7      1.7
19.3544 240.611 192.489       0       0       0
-2.08602e-05            1 -7.81734e-05
4
0.400001      0.7 0.300003
-19.3547 -213.908  122.517 0.198041   27.639        0
-6.85448e-06           -1 -4.68276e-06
5
0.399999     -0.7 0.300003
-19.3402  214.116  122.636 0.198041   27.639        0
-6.85448e-06            1 -4.68276e-06
3
0
0.499987 0.699983  1.70003
0.0047082   -399.58   319.664         0         0         0
-2.08602e-05           -1 -7.81734e-05
1
 0.499999 -0.699999       1.7
-0.00359756     399.582     310.632           0           0           0
-2.08602e-05            1 -7.81734e-05
4
0.400001      0.7 0.300003
-0.00115828 -0.00202229  0.00115828 0.000641991     131.053           0
-6.85448e-06           -1 -4.68276e-06
4
0
0.500021  0.69996  1.70002
23.0306 -248.39 198.712       0       0       0
-2.08602e-05           -1 -7.81734e-05
1
 0.500005 -0.699999       1.7
 20.711 233.785 187.028       0       0       0
-2.08602e-05            1 -7.81734e-05
4
0.400001      0.7 0.300003
-24.0759 -206.189  118.096  14.7416   33.647        0
-6.85448e-06           -1 -4.68276e-06
5
 0.4 -0.7  0.5
-19.6653  220.794  126.461  14.7416   33.647        0
-7.00358e-06            1 -1.16726e-05
3
1
 0.500004 -0.699997       1.7
 3.90799e-14   2.4869e-14 -3.55271e-14            0            0            0
-2.08602e-05            1 -7.81734e-05
4
0.400001 0.699999 0.300003
0.000251997    -597.057     341.968     47.7646      17.492           0
-6.85448e-06           -1 -4.68276e-06
5
0.400001     -0.7 0.500001
-0.000312333      597.057      288.329      47.7644      17.4784            0
-7.00358e-06            1 -1.16726e-05
4
1
 0.500004 -0.699997       1.7
8.95103 240.383 192.306       0       0       0
-2.08602e-05            1 -7.81734e-05
4
0.400001 0.699999 0.300003
-11.9196 -212.933  121.959  1.22896  14.8428        0
-6.85448e-06           -1 -4.68276e-06
5
0.400001     -0.7 0.500001
-8.86022   214.22  122.696  1.22896  14.8428        0
-7.00358e-06            1 -1.16726e-05
0
0.499998 0.700004      1.9
11.8287 -241.67 193.336       0       0       0
-1.52125e-05           -1 -7.30142e-05
3
1
 0.500004 -0.699997       1.7
-0.00197974     470.574     376.459           0           0           0
-2.08602e-05            1 -7.81734e-05
5
0.400001     -0.7 0.500001
-0.000105874  0.000184851  0.000105874 -0.000910233      79.9349            0
-7.00358e-06            1 -1.16726e-05
0
0.499998 0.700004      1.9
0.00209952   -470.573    253.838          0          0          0
-1.52125e-05           -1 -7.30142e-05
4
1
 0.499998 -0.699999   1.69998
17.7805 245.905 196.724       0       0       0
-2.08602e-05            1 -7.81734e-05
5
0.400001     -0.7 0.500001
-18.5669  208.946  119.675 -11.0826    30.29        0
-7.00358e-06            1 -1.16726e-05
0
0.499997 0.700004      1.9
 21.5961 -234.901  187.921        0        0        0
-1.52125e-05           -1 -7.30142e-05
4
0.4 0.7 0.5
-20.8098  -219.95  125.978 -11.0826    30.29        0
-7.00358e-06           -1 -1.16726e-05
3
5
0.400001     -0.7 0.500001
 4.18495  538.607  308.491 -43.0889   27.288        0
-7.00358e-06            1 -1.16726e-05
0
0.499996 0.700004      1.9
 17.0056 -58.5972  46.8778        0        0        0
-1.52125e-05           -1 -7.30142e-05
4
0.4 0.7 0.5
-21.1905  -480.01  274.929 -38.4008  27.2831        0
-7.00358e-06           -1 -1.16726e-05
4
5
0.400001     -0.7 0.500001
  -19.6068    213.998    122.569 -0.0441096    28.0095          0
-7.00358e-06            1 -1.16726e-05
0
0.499994 0.700005      1.9
 19.6068 -240.685  192.548        0        0        0
-1.52125e-05           -1 -7.30142e-05
4
0.4 0.7 0.5
  -19.6064   -214.045    122.596 -0.0441096    28.0095          0
-7.00358e-06           -1 -1.16726e-05
1
 0.499975 -0.700011   1.89999
19.6062 240.731 192.585       0       0       0
-1.52125e-05            1 -7.30142e-05
3
5
0.400001     -0.7 0.500001
 -2.67711   4.67408   2.67711 -0.375453   125.851         0
-7.00358e-06            1 -1.16726e-05
0
0.499985  0.70001  1.89999
-0.333888    -394.6    315.68         0         0         0
-1.52125e-05           -1 -7.30142e-05
1
 0.499985 -0.700008   1.89999
  3.011 389.926 311.941       0       0       0
-1.52125e-05            1 -7.30142e-05
4
5
0.400001     -0.7 0.500001
-9.37513  212.167   121.52 -2.67492   13.256        0
-7.00358e-06            1 -1.16726e-05
0
0.499985  0.70001  1.89999
  8.0495 -239.733  191.786        0        0        0
-1.52125e-05           -1 -7.30142e-05
1
 0.499985 -0.700008   1.89999
 9.1832 242.417 193.934       0       0       0
-1.52125e-05            1 -7.30142e-05
4
0.4 0.7 0.7
-7.85757 -214.851  123.057 -2.67492   13.256        0
 -7.0034e-06           -1 -2.33451e-05
3
5
0.400003     -0.7 0.500001
-0.00101093     599.282     343.242     -47.943     38.9719           0
-7.00358e-06            1 -1.16726e-05
0
0.499987 0.699991  1.90002
-2.13163e-14 -2.84217e-14 -7.10543e-15            0            0            0
-1.52125e-05           -1 -7.30142e-05
4
0.4 0.7 0.7
0.00091407   -599.282    287.055   -47.9427    38.9539          0
 -7.0034e-06           -1 -2.33451e-05
4
5
0.400003     -0.7 0.500001
-22.0306  211.339  121.046 -4.42261  27.3276        0
-7.00358e-06            1 -1.16726e-05
0
0.499966 0.700006  1.90001
 16.5651 -238.656  190.925        0        0        0
-1.52125e-05           -1 -7.30142e-05
4
0.4 0.7 0.7
-16.2281 -215.969  123.697 -4.42261  27.3276        0
 -7.0034e-06           -1 -2.33451e-05
1
 0.500002 -0.699999       2.1
21.6935 243.286 194.629       0       0       0
-2.08616e-05            1 -1.30297e-05
3
0
0.499966 0.700005  1.90001
0.00942893   -468.146    374.517          0          0          0
-1.52125e-05           -1 -7.30142e-05
4
0.4 0.7 0.7
-0.00267539 -0.00467108  0.00267539 0.000221545     72.8465           0
 -7.0034e-06           -1 -2.33451e-05
1
 0.499986 -0.700008   2.09999
-0.00685203     468.151     255.778           0           0           0
-2.08616e-05            1 -1.30297e-05
4
0
0.499946 0.700009  1.90001
 17.4426 -247.653  198.122        0        0        0
-1.52125e-05           -1 -7.30142e-05
4
0.400002 0.700002 0.700006
-18.4793  -207.23  118.692  14.8178  29.9348        0
 -7.0034e-06           -1 -2.33451e-05
1
 0.500001 -0.700003   2.09999
21.4724  232.99 186.392       0       0       0
-2.08616e-05            1 -1.30297e-05
5
 0.400009 -0.699996  0.699998
-20.4359  221.893  127.091  14.8178  29.9348        0
 -7.0034e-06            1 -2.33451e-05
3
4
0.399971 0.700008 0.700016
 5.30983 -535.523  306.724  42.8389  17.4545        0
 -7.0034e-06           -1 -2.33451e-05
1
 0.500001 -0.700007   2.09998
9.58776 74.1465 59.3172       0       0       0
-2.08616e-05            1 -1.30297e-05
5
 0.400008 -0.699987  0.700002
-14.8979  461.376  264.256  36.9101   17.485        0
 -7.0034e-06            1 -2.33451e-05
4
4
0.399971 0.700008 0.700016
-10.8036 -216.752  124.146 -5.83434  15.7508        0
 -7.0034e-06           -1 -2.33451e-05
1
 0.500002 -0.700001   2.09999
10.8036 243.994 195.195       0       0       0
-2.08616e-05            1 -1.30297e-05
5
 0.400008 -0.699987  0.700002
-11.2473  210.644  120.648 -5.83434  15.7508        0
 -7.0034e-06            1 -2.33451e-05
0
0.499993 0.699999      2.1
 11.2472 -237.886  190.309        0        0        0
-2.08616e-05           -1 -1.30297e-05
3
4
0.399971 0.700008 0.700016
-8.20257 -14.3212  8.20257  1.13918  74.5486        0
 -7.0034e-06           -1 -2.33451e-05
1
 0.500003 -0.699995       2.1
-1.02796   395.97  316.776        0        0        0
-2.08616e-05            1 -1.30297e-05
0
0.499987 0.699998  2.10001
 9.23048 -381.649  305.319        0        0        0
-2.08616e-05           -1 -1.30297e-05
4
4
0.399971 0.700008 0.700016
-23.2042 -207.456  118.822  12.3258  32.5302        0
 -7.0034e-06           -1 -2.33451e-05
1
 0.500003 -0.699995       2.1
19.9513 234.913  187.93       0       0       0
-2.08616e-05            1 -1.30297e-05
0
0.499987 0.699998  2.10001
 22.3378 -247.146  197.717        0        0        0
-2.08616e-05           -1 -1.30297e-05
5
 0.4 -0.7  0.9
-19.0849   219.69  125.829  12.3258  32.5302        0
-1.02818e-05            1 -6.24357e-06
3
1
 0.500033 -0.699993   2.09997
 27.483 357.316 285.853       0       0       0
-2.08616e-05            1 -1.30297e-05
0
0.499987 0.699998  2.10001
-3.03662 -399.998  319.998        0        0        0
-2.08616e-05           -1 -1.30297e-05
5
 0.4 -0.7  0.9
-24.4461  42.6815  24.4461 -3.41411  47.3399        0
-1.02818e-05            1 -6.24357e-06
4
1
 0.500002 -0.700022   2.09996
20.4674 243.724 194.979       0       0       0
-2.08616e-05            1 -1.30297e-05
0
0.499987 0.699998  2.10001
 20.9196 -237.447  189.958        0        0        0
-2.08616e-05           -1 -1.30297e-05
5
 0.4 -0.7  0.9
-20.9189  211.054  120.883 -6.87807  34.4897        0
-1.02818e-05            1 -6.24357e-06
4
0.4 0.7 0.9
-20.4683 -217.332  124.478 -6.87807  34.4897        0
-1.02818e-05           -1 -6.24357e-06
3
1
      0.5 -0.700021   2.09996
15.1673 67.5357 54.0286       0       0       0
-2.08616e-05            1 -1.30297e-05
5
 0.4 -0.7  0.9
-19.9914  469.298  268.794  37.5443  29.3071        0
-1.02818e-05            1 -6.24357e-06
4
0.4 0.7 0.9
 4.82405 -536.834  307.475  42.9469  29.3028        0
-1.02818e-05           -1 -6.24357e-06
4
1
 0.499995 -0.700026   2.09994
14.1693 242.804 194.243       0       0       0
-2.08616e-05            1 -1.30297e-05
5
 0.4 -0.7  0.9
-14.4712  211.934  121.387 -4.20425  23.8683        0
-1.02818e-05            1 -6.24357e-06
4
0.4 0.7 0.9
-16.5569 -216.168  123.812 -4.20425  23.8683        0
-1.02818e-05           -1 -6.24357e-06
0
0.5 0.7 2.3
16.8587 -238.57 190.856       0       0       0
-2.04272e-05           -1 -4.20239e-05
3
5
 0.4 -0.7  0.9
3.54288 540.391 309.513 -43.231 26.8244       0
-1.02818e-05            1 -6.24357e-06
4
0.4 0.7 0.9
-20.5535 -490.788  281.102 -39.2629  26.8284        0
-1.02818e-05           -1 -6.24357e-06
0
 0.49999 0.699994  2.30002
 17.0105 -49.6034  39.6827        0        0        0
-2.04272e-05           -1 -4.20239e-05
4
5
 0.4 -0.7  0.9
-19.2066  211.423  121.094 -4.92165  27.1778        0
-1.02818e-05            1 -6.24357e-06
4
0.4 0.7 0.9
-18.8424 -216.577  124.046 -4.92165  27.1778        0
-1.02818e-05           -1 -6.24357e-06
0
0.500024 0.699971  2.30002
  19.207 -238.147  190.518        0        0        0
-2.04272e-05           -1 -4.20239e-05
1
 0.5 -0.7  2.3
18.8424   243.3  194.64       0       0       0
-2.04272e-05            1 -4.20239e-05
3
5
 0.4 -0.7  0.9
 -1.63389   2.85268   1.63389 -0.226331   135.002         0
-1.02818e-05            1 -6.24357e-06
0
 0.50001 0.699975  2.30002
-0.212278  -394.341   315.473         0         0         0
-2.04272e-05           -1 -4.20239e-05
1
  0.49998 -0.700015   2.29999
1.84595 391.488 313.191       0       0       0
-2.04272e-05            1 -4.20239e-05
4
5
 0.400005 -0.699999       0.9
-24.9424   206.47  118.257 -14.2712  34.9142        0
-1.02818e-05            1 -6.24357e-06
0
0.499992 0.699975  2.30004
 21.4518 -233.973  187.178        0        0        0
-2.04272e-05           -1 -4.20239e-05
1
 0.499954 -0.700028   2.29999
 23.937 248.124   198.5       0       0       0
-2.04272e-05            1 -4.20239e-05
4
0.400001      0.7      1.1
-20.4467 -220.622  126.362 -14.2712  34.9142        0
-6.85459e-06           -1 -1.87318e-05
3
0
0.499972 0.699974  2.30006
 3.33166 -389.482  311.586        0        0        0
-2.04272e-05           -1 -4.20239e-05
1
 0.499929 -0.700039   2.29999
-0.358735   394.673   315.739         0         0         0
-2.04272e-05            1 -4.20239e-05
4
0.400003      0.7      1.1
 -2.9732 -5.19104   2.9732 0.413637  149.918        0
-6.85459e-06           -1 -1.87318e-05
4
0
0.499972 0.699974  2.30006
 11.3951 -244.802  195.841        0        0        0
-2.04272e-05           -1 -4.20239e-05
1
   0.4999 -0.700045   2.30001
11.9682 236.938  189.55       0       0       0
-2.04272e-05            1 -4.20239e-05
4
0.400003      0.7      1.1
-11.9687 -209.864  120.201  8.61702  19.4689        0
-6.85459e-06           -1 -1.87318e-05
5
 0.4 -0.7  1.1
-11.3947  217.728  124.705  8.61702  19.4689        0
-6.85459e-06            1 -1.87318e-05
3
1
 0.499877 -0.700067       2.3
19.6284 62.3709 49.8967       0       0       0
-2.04272e-05            1 -4.20239e-05
4
0.400003      0.7      1.1
 4.44956 -537.859  308.062  43.0282  36.4179        0
-6.85459e-06           -1 -1.87318e-05
5
 0.4 -0.7  1.1
-24.0781  475.487  272.339   38.039  36.4234        0
-6.85459e-06            1 -1.87318e-05
4
1
 0.499844 -0.700089   2.29999
19.1962 245.945 196.756       0       0       0
-2.04272e-05            1 -4.20239e-05
4
0.400003      0.7      1.1
-22.4602 -220.105  126.067 -11.2488  32.6399        0
-6.85459e-06           -1 -1.87318e-05
5
 0.4 -0.7  1.1
-19.9716  208.924  119.663 -11.2488  32.6399        0
-6.85459e-06            1 -1.87318e-05
0
0.499979 0.700015  2.49999
 23.2352 -234.765  187.812        0        0        0
-1.16726e-05           -1  -8.4043e-05
3
4
0.400003 0.699999      1.1
-22.7705 -487.888  279.441 -39.0313    29.88        0
-6.85459e-06           -1 -1.87318e-05
5
 0.4 -0.7  1.1
  3.7157  539.912  309.238 -43.1929  29.8748        0
-6.85459e-06            1 -1.87318e-05
0
0.499959 0.700013  2.50001
 19.0546 -52.0235  41.6188        0        0        0
-1.16726e-05           -1  -8.4043e-05
4
0
0.499994 0.699989  2.50002
 19.3404 -240.819  192.655        0        0        0
-1.16726e-05           -1  -8.4043e-05
1
0.499998     -0.7      2.5
19.3542 240.611 192.489       0       0       0
-1.16726e-05            1  -8.4043e-05
4
0.400001      0.7      1.1
-19.3546 -213.908  122.517 0.198058   27.639        0
-6.85459e-06           -1 -1.87318e-05
5
0.399999     -0.7      1.1
-19.3403  214.116  122.636 0.198058   27.639        0
-6.85459e-06            1 -1.87318e-05
