4
0
0.499994 0.699989  1.70002
 19.3404 -240.819  192.655        0        0        0
-2.08602e-05           -1 -7.81734e-05
1
0.499998     -0.7      1.7
19.3544 240.611 192.489       0       0       0
-2.08602e-05            1 -7.81734e-05
4
0.400001      0.7 0.300003
-19.3547 -213.908  122.517 0.198041   27.639        0
-6.85448e-06           -1 -4.68276e-06
5
0.399999     -0.7 0.300003
-19.3402  214.116  122.636 0.198041   27.639        0
-6.85448e-06            1 -4.68276e-06
3
0
0.499994 0.699989  1.70002
0.00834244   -419.465    335.572          0          0          0
-2.08602e-05           -1 -7.81734e-05
1
 0.500018 -0.699996   1.70001
-0.00715686     419.466     294.725           0           0           0
-2.08602e-05            1 -7.81734e-05
4
0.400001      0.7 0.300003
-0.00109216 -0.00190685  0.00109216 0.000574193      118.11           0
-6.85448e-06           -1 -4.68276e-06
4
0
0.499977 0.700008      1.7
17.5659 -256.66 205.328       0       0       0
-2.08602e-05           -1 -7.81734e-05
1
 0.500018 -0.699996   1.70001
17.0759 226.118 180.895       0       0       0
-2.08602e-05            1 -7.81734e-05
4
0.400001      0.7 0.300003
-19.7406 -197.799  113.291   15.824  26.6475        0
-6.85448e-06           -1 -4.68276e-06
5
 0.4 -0.7  0.5
-14.9012  228.341  130.784  18.2673  26.6474        0
-7.00358e-06            1 -1.16726e-05
3
1
 0.500019 -0.699996   1.70001
1.95399e-14 1.42109e-14 5.68434e-14           0           0           0
-2.08602e-05            1 -7.81734e-05
4
0.400001      0.7 0.300003
-0.000230774     -626.428       358.79      50.1142      30.0982            0
-6.85448e-06           -1 -4.68276e-06
5
 0.4 -0.7  0.5
0.000148969     626.428     271.507     50.1142     30.0916           0
-7.00358e-06            1 -1.16726e-05
4
1
 0.500018 -0.699996       1.7
8.95753 240.376 192.301       0       0       0
-2.08602e-05            1 -7.81734e-05
4
0.400001      0.7 0.300003
-11.9285 -212.925  121.954  1.24301   14.855        0
-6.85448e-06           -1 -4.68276e-06
5
 0.4 -0.7  0.5
-8.86852  214.227    122.7  1.24301   14.855        0
-7.00358e-06            1 -1.16726e-05
0
0.499994 0.700004      1.9
 11.8394 -241.678  193.342        0        0        0
-1.52125e-05           -1 -7.30142e-05
3
1
 0.500017 -0.699997       1.7
-0.00575547     468.739     374.992           0           0           0
-2.08602e-05            1 -7.81734e-05
5
 0.4 -0.7  0.5
 -0.00286446   0.00500118   0.00286446 -0.000858542       83.828            0
-7.00358e-06            1 -1.16726e-05
0
0.499991 0.700008  1.89999
0.00861492   -468.744    255.303          0          0          0
-1.52125e-05           -1 -7.30142e-05
4
1
 0.500012 -0.699998   1.69999
17.7777 245.905 196.724       0       0       0
-2.08602e-05            1 -7.81734e-05
5
 0.4 -0.7  0.5
-18.5674  208.945  119.675 -11.0837   30.288        0
-7.00358e-06            1 -1.16726e-05
0
 0.49999 0.700008  1.89999
21.5963  -234.9  187.92       0       0       0
-1.52125e-05           -1 -7.30142e-05
4
0.4 0.7 0.5
-20.8066  -219.95  125.978 -11.0837   30.288        0
-7.00358e-06           -1 -1.16726e-05
3
5
 0.4 -0.7  0.5
 4.17495  538.635  308.507 -43.0911  27.2473        0
-7.00358e-06            1 -1.16726e-05
0
0.499989 0.700008  1.89999
 16.9838 -58.4542  46.7634        0        0        0
-1.52125e-05           -1 -7.30142e-05
4
0.4 0.7 0.5
-21.1587 -480.181  275.027 -38.4145  27.2449        0
-7.00358e-06           -1 -1.16726e-05
4
5
 0.4 -0.7  0.5
-12.6091  216.327  123.903  4.89469  18.2722        0
-7.00358e-06            1 -1.16726e-05
0
0.499989 0.700008  1.89999
 12.6091 -243.454  194.764        0        0        0
-1.52125e-05           -1 -7.30142e-05
4
0.4 0.7 0.5
-12.9719 -211.202  120.967  4.89469  18.2722        0
-7.00358e-06           -1 -1.16726e-05
1
0.500009     -0.7      1.9
 12.972  238.33 190.664       0       0       0
-1.52125e-05            1 -7.30142e-05
3
5
 0.4 -0.7  0.5
-7.97588  13.9254  7.97588 -1.11455  97.0621        0
-7.00358e-06            1 -1.16726e-05
0
 0.49998 0.700009      1.9
-0.986764  -395.914   316.731         0         0         0
-1.52125e-05           -1 -7.30142e-05
1
0.500009     -0.7      1.9
8.96259 381.988 305.591       0       0       0
-1.52125e-05            1 -7.30142e-05
4
5
0.400001     -0.7      0.5
 -23.551  208.972   119.69 -9.52733  33.1567        0
-7.00358e-06            1 -1.16726e-05
0
0.499976 0.700008      1.9
 20.2353 -236.178  188.943        0        0        0
-1.52125e-05           -1 -7.30142e-05
1
0.500003     -0.7      1.9
22.8684 245.672 196.538       0       0       0
-1.52125e-05            1 -7.30142e-05
4
0.4 0.7 0.7
-19.5527 -218.465  125.127 -9.52733  33.1567        0
 -7.0034e-06           -1 -2.33451e-05
3
0
0.499972 0.700007  1.90001
0.0116296  -402.714   322.171         0         0         0
-1.52125e-05           -1 -7.30142e-05
1
 0.499997 -0.700001   1.90001
-0.00785024      402.72     308.123           0           0           0
-1.52125e-05            1 -7.30142e-05
4
0.400001      0.7      0.7
 -0.00383187  -0.00669022   0.00383187 -0.000271104      147.224            0
 -7.0034e-06           -1 -2.33451e-05
4
0
0.499972 0.700007  1.90001
 15.4748 -236.433  189.146        0        0        0
-1.52125e-05           -1 -7.30142e-05
1
 0.499997 -0.700001   1.90001
14.8524 245.086 196.069       0       0       0
-1.52125e-05            1 -7.30142e-05
4
0.4 0.7 0.7
-14.8525 -218.276  125.019 -9.48182  25.2726        0
 -7.0034e-06           -1 -2.33451e-05
5
 0.4 -0.7  0.7
-15.4748  209.623  120.063 -9.48182  25.2726        0
 -7.0034e-06            1 -2.33451e-05
3
1
 0.499997 -0.700002       1.9
14.2541 77.4842 61.9873       0       0       0
-1.52125e-05            1 -7.30142e-05
4
0.4 0.7 0.7
5.53452 -534.86 306.345 42.7861 28.3431       0
 -7.0034e-06           -1 -2.33451e-05
5
 0.4 -0.7  0.7
-19.7886  457.376  261.965  36.5902  28.3698        0
 -7.0034e-06            1 -2.33451e-05
4
1
 0.50001 -0.69999      1.9
15.8546 248.629 198.903       0       0       0
-1.52125e-05            1 -7.30142e-05
4
0.4 0.7 0.7
 -18.596  -222.88  127.656 -16.8414  27.4138        0
 -7.0034e-06           -1 -2.33451e-05
5
 0.4 -0.7  0.7
 -17.042  206.257  118.135 -16.5005  27.4138        0
 -7.0034e-06            1 -2.33451e-05
0
0.500011 0.699994      2.1
 19.7834 -232.005  185.604        0        0        0
-2.08616e-05           -1 -1.30297e-05
3
4
0.4 0.7 0.7
-18.4524 -478.315  273.958 -38.2653  23.3256        0
 -7.0034e-06           -1 -2.33451e-05
5
 0.4 -0.7  0.7
 4.28527  538.326   308.33 -43.0661  23.2999        0
 -7.0034e-06            1 -2.33451e-05
0
0.499971      0.7  2.10001
 14.1669 -60.0114  48.0091        0        0        0
-2.08616e-05           -1 -1.30297e-05
4
4
0.4 0.7 0.7
-14.3363 -215.564  123.466 -3.31819  20.6624        0
 -7.0034e-06           -1 -2.33451e-05
5
 0.4 -0.7  0.7
-14.5911  212.091  121.476 -3.31819  20.6624        0
 -7.0034e-06            1 -2.33451e-05
0
 0.49996 0.700014  2.09999
14.5911 -239.11 191.288       0       0       0
-2.08616e-05           -1 -1.30297e-05
1
 0.5 -0.7  2.1
14.3363 242.584 194.067       0       0       0
-2.08616e-05            1 -1.30297e-05
3
4
0.4 0.7 0.7
-4.66113 -8.13807  4.66113   0.6341  99.3069        0
 -7.0034e-06           -1 -2.33451e-05
0
0.499949 0.700027  2.09998
 5.25626 -386.954  309.563        0        0        0
-2.08616e-05           -1 -1.30297e-05
1
 0.5 -0.7  2.1
-0.595147   395.092   316.073         0         0         0
-2.08616e-05            1 -1.30297e-05
4
4
0.4 0.7 0.7
 -15.551 -208.523  119.433  9.85001  21.7253        0
 -7.0034e-06           -1 -2.33451e-05
0
0.499945 0.700024  2.09999
14.8642 -246.03 196.824       0       0       0
-2.08616e-05           -1 -1.30297e-05
1
 0.500004 -0.699997   2.10001
13.3786 236.274 189.019       0       0       0
-2.08616e-05            1 -1.30297e-05
5
 0.4 -0.7  0.9
-12.6919   218.28  125.021  9.85001  21.7253        0
-1.02818e-05            1 -6.24357e-06
3
0
0.499962 0.700031  2.09996
0.0133516  -412.063   300.647         0         0         0
-2.08616e-05           -1 -1.30297e-05
1
 0.500007 -0.699997       2.1
-0.0131303    412.063     329.65          0          0          0
-2.08616e-05            1 -1.30297e-05
5
 0.4 -0.7  0.9
-1.23437e-05  2.15514e-05  1.23437e-05 -3.97314e-06      39.6452            0
-1.02818e-05            1 -6.24357e-06
4
0
0.499952 0.700049  2.09994
 18.1363 -243.833  195.067        0        0        0
-2.08616e-05           -1 -1.30297e-05
1
 0.500007 -0.699997       2.1
18.5819 237.485 189.988       0       0       0
-2.08616e-05            1 -1.30297e-05
5
 0.4 -0.7  0.9
-18.1372  217.264   124.44  6.95535  30.5993        0
-1.02818e-05            1 -6.24357e-06
4
0.4 0.7 0.9
 -18.581 -210.916  120.803  6.95535  30.5993        0
-1.02818e-05           -1 -6.24357e-06
3
0
0.499942 0.700068  2.09993
 14.0778 -75.1792  60.1434        0        0        0
-2.08616e-05           -1 -1.30297e-05
5
 0.4 -0.7  0.9
 5.36757  535.318  306.607 -42.8254  27.9387        0
-1.02818e-05            1 -6.24357e-06
4
0.4 0.7 0.9
-19.4454 -460.138  263.547 -36.8111  27.9386        0
-1.02818e-05           -1 -6.24357e-06
4
0
0.499935 0.700077  2.09989
 9.78673 -253.725   202.98        0        0        0
-2.08616e-05           -1 -1.30297e-05
5
 0.400009 -0.699999  0.900007
-11.5825  228.863  131.083  18.3091  17.9476        0
-1.02818e-05            1 -6.24357e-06
4
0.400015 0.699977  0.89999
-11.7484 -201.307    115.3  16.1051  17.9475        0
-1.02818e-05           -1 -6.24357e-06
1
0.499978 -0.69999  2.30001
13.5439 226.168 180.935       0       0       0
-2.04272e-05            1 -4.20239e-05
3
0
0.499935 0.700078  2.09989
0.06042 -504.76 403.808       0       0       0
-2.08616e-05           -1 -1.30297e-05
4
0.400016 0.699976 0.899991
-0.0384466 -0.0671255  0.0384466 0.00575833    112.499          0
-1.02818e-05           -1 -6.24357e-06
1
 0.499982 -0.699991   2.30001
-0.0218926    504.827     226.45          0          0          0
-2.04272e-05            1 -4.20239e-05
4
0
0.499935 0.700077  2.09989
 9.66787 -278.044  222.435        0        0        0
-2.08616e-05           -1 -1.30297e-05
4
0.400016 0.699976 0.899991
-15.1054 -177.015  101.387  14.1617  20.6465        0
-1.02818e-05           -1 -6.24357e-06
1
 0.500034 -0.699976   2.30001
15.1068 201.712 161.369       0       0       0
-2.04272e-05            1 -4.20239e-05
5
 0.4 -0.7  1.1
-9.66894  253.347  145.106  20.2678  20.6462        0
-6.85459e-06            1 -1.87318e-05
3
4
0.400016 0.699976 0.899991
-0.00693064     -630.24     360.974     50.4208     8.79133           0
-1.02818e-05           -1 -6.24357e-06
1
 0.500034 -0.699976   2.30001
 3.28626e-14  7.10543e-15 -2.84217e-14            0            0            0
-2.04272e-05            1 -4.20239e-05
5
 0.4 -0.7  1.1
0.00715594     630.24    269.323    50.4196    8.76389          0
-6.85459e-06            1 -1.87318e-05
4
4
0.400021 0.699975 0.899992
-23.1238   -208.4  119.363  10.5629  32.4964        0
-1.02818e-05           -1 -6.24357e-06
1
 0.500002 -0.699976   2.30004
19.8742 235.719 188.575       0       0       0
-2.04272e-05            1 -4.20239e-05
5
 0.400001 -0.699999       1.1
-19.1229  218.906   125.38  10.5629  32.4964        0
-6.85459e-06            1 -1.87318e-05
0
0.499988 0.699993  2.30002
  22.372 -246.225   196.98        0        0        0
-2.04272e-05           -1 -4.20239e-05
3
1
  0.49997 -0.699976   2.30007
0.0197812   399.546   319.637         0         0         0
-2.04272e-05            1 -4.20239e-05
5
 0.400001 -0.699998       1.1
-0.0161297  0.0281615  0.0161297 0.00272771    144.756          0
-6.85459e-06            1 -1.87318e-05
0
0.499977 0.699986  2.30004
-0.00398695    -399.574     310.645           0           0           0
-2.04272e-05           -1 -4.20239e-05
4
1
 0.499948 -0.699985   2.30007
21.4856 240.868 192.695       0       0       0
-2.04272e-05            1 -4.20239e-05
5
 0.400002 -0.699997       1.1
 -21.5253    213.92   122.524 -0.674935   35.8402         0
-6.85459e-06            1 -1.87318e-05
0
0.499975 0.699987  2.30004
 21.5246 -240.252  192.202        0        0        0
-2.04272e-05           -1 -4.20239e-05
4
0.4 0.7 1.1
  -21.485  -214.536   122.877 -0.674935   35.8402         0
-6.85459e-06           -1 -1.87318e-05
3
1
  0.49992 -0.699998   2.30007
18.1759 61.2408 48.9926       0       0       0
-2.04272e-05            1 -4.20239e-05
5
 0.400002 -0.699997       1.1
-22.5475  476.842  273.114  38.1488  33.9523        0
-6.85459e-06            1 -1.87318e-05
4
0.4 0.7 1.1
 4.37142 -538.083   308.19  43.0465  33.9347        0
-6.85459e-06           -1 -1.87318e-05
4
1
 0.499905 -0.699999   2.30008
17.4287 246.677 197.342       0       0       0
-2.04272e-05            1 -4.20239e-05
5
 0.400002 -0.699997       1.1
 -18.312  208.185  119.239 -12.7174  29.7819        0
-6.85459e-06            1 -1.87318e-05
4
0.400001      0.7      1.1
-20.4056 -220.791  126.459 -12.7174  29.7819        0
-6.85459e-06           -1 -1.87318e-05
0
0.500004      0.7  2.49999
 21.2888 -234.072  187.257        0        0        0
-1.16726e-05           -1  -8.4043e-05
3
5
 0.400003 -0.699997       1.1
 3.94388  539.277  308.874 -43.1417  26.5073        0
-6.85459e-06            1 -1.87318e-05
4
0.400001      0.7      1.1
-20.5376 -484.056  277.246 -38.7245   26.523        0
-6.85459e-06           -1 -1.87318e-05
0
0.500009      0.7  2.49999
 16.5936 -55.2206  44.1765        0        0        0
-1.16726e-05           -1  -8.4043e-05
4
0
0.499994 0.699989  2.50002
 19.3404 -240.819  192.655        0        0        0
-1.16726e-05           -1  -8.4043e-05
1
0.499998     -0.7      2.5
19.3544 240.611 192.489       0       0       0
-1.16726e-05            1  -8.4043e-05
4
0.400001      0.7      1.1
-19.3547 -213.908  122.517 0.198039   27.639        0
-6.85459e-06           -1 -1.87318e-05
5
0.399999     -0.7      1.1
-19.3402  214.116  122.636 0.198039   27.639        0
-6.85459e-06            1 -1.87318e-05
