4
0
0.499994 0.699989  1.70002
 19.3404 -240.819  192.655        0        0        0
-2.08602e-05           -1 -7.81734e-05
1
0.499998     -0.7      1.7
19.3544 240.611 192.489       0       0       0
-2.08602e-05            1 -7.81734e-05
4
0.400001      0.7 0.300003
-19.3547 -213.908  122.517 0.198041   27.639        0
-6.85448e-06           -1 -4.68276e-06
5
0.399999     -0.7 0.300003
-19.3402  214.116  122.636 0.198041   27.639        0
-6.85448e-06            1 -4.68276e-06
3
0
0.499994 0.699985  1.70002
0.00218688   -395.022    316.017          0          0          0
-2.08602e-05           -1 -7.81734e-05
1
0.499998     -0.7      1.7
-0.00111199     395.023     314.279           0           0           0
-2.08602e-05            1 -7.81734e-05
4
0.400001      0.7 0.300003
-0.00105033 -0.00183381  0.00105033  0.00067837     134.177           0
-6.85448e-06           -1 -4.68276e-06
4
0
0.499986 0.699989  1.70002
 22.6484 -248.029  198.423        0        0        0
-2.08602e-05           -1 -7.81734e-05
1
 0.500002 -0.699998       1.7
20.3326 234.123 187.298       0       0       0
-2.08602e-05            1 -7.81734e-05
4
0.400002      0.7 0.300003
-23.6391 -206.555  118.306  14.0302  33.0621        0
-6.85448e-06           -1 -4.68276e-06
5
 0.4 -0.7  0.5
-19.342 220.461 126.271 14.0302 33.0621       0
-7.00358e-06            1 -1.16726e-05
3
0
0.499966 0.700013  1.70001
-2.00153 -397.937   318.35        0        0        0
-2.08602e-05           -1 -7.81734e-05
1
 0.500004 -0.699998       1.7
18.1377 369.764 295.811       0       0       0
-2.08602e-05            1 -7.81734e-05
5
 0.4 -0.7  0.5
-16.1362  28.1729  16.1362 -2.25477  102.234        0
-7.00358e-06            1 -1.16726e-05
4
0
0.499966 0.700012  1.70001
 19.9021 -239.854  191.883        0        0        0
-2.08602e-05           -1 -7.81734e-05
1
 0.500005 -0.699997       1.7
19.7873  241.37 193.096       0       0       0
-2.08602e-05            1 -7.81734e-05
5
 0.4 -0.7  0.5
-19.9021  213.397  122.225 -1.66219  33.0744        0
-7.00358e-06            1 -1.16726e-05
4
0.4 0.7 0.5
-19.7873 -214.914  123.093 -1.66219  33.0744        0
-7.00358e-06           -1 -1.16726e-05
3
0
0.499966 0.700013      1.7
 10.1461 -41.4723  33.1778        0        0        0
-2.08602e-05           -1 -7.81734e-05
5
 0.4 -0.7  0.5
 2.96137  542.004  310.436 -43.3606  19.3722        0
-7.00358e-06            1 -1.16726e-05
4
0.4 0.7 0.5
-13.1075 -500.532  286.683 -40.0432  19.3819        0
-7.00358e-06           -1 -1.16726e-05
4
0
0.499966 0.700013  1.69999
 13.8753 -242.912  194.329        0        0        0
-2.08602e-05           -1 -7.81734e-05
5
 0.4 -0.7  0.5
-16.2137  216.266  123.868  4.41802  23.3853        0
-7.00358e-06            1 -1.16726e-05
4
0.4 0.7 0.5
 -14.187 -211.825  121.324  4.41802  23.3853        0
-7.00358e-06           -1 -1.16726e-05
1
 0.499997 -0.700011   1.89998
16.5254  238.47 190.776       0       0       0
-1.52125e-05            1 -7.30142e-05
3
0
0.499966 0.700013  1.69999
0.0299761  -443.911   355.129         0         0         0
-2.08602e-05           -1 -7.81734e-05
4
0.4 0.7 0.5
-0.0185398 -0.0323694  0.0185398 0.00183351    111.045          0
-7.00358e-06           -1 -1.16726e-05
1
 0.499994 -0.700022   1.89997
-0.0114223    443.943     275.15          0          0          0
-1.52125e-05            1 -7.30142e-05
4
0
0.499968 0.700011      1.7
 15.8587 -250.715  200.572        0        0        0
-2.08602e-05           -1 -7.81734e-05
4
0.4 0.7 0.5
-17.2691 -203.978   116.83  16.3173  27.6062        0
-7.00358e-06           -1 -1.16726e-05
1
      0.5 -0.700017   1.89996
17.2685 230.889 184.711       0       0       0
-1.52125e-05            1 -7.30142e-05
5
 0.4 -0.7  0.7
-15.8582  223.804  128.185  17.9038  27.6063        0
 -7.0034e-06            1 -2.33451e-05
3
4
0.4 0.7 0.5
0.000126277    -564.365     323.244     45.1485     28.4415           0
-7.00358e-06           -1 -1.16726e-05
1
 0.499968 -0.700026   1.89997
-8.88178e-16 -1.06581e-14  3.64153e-14            0            0            0
-1.52125e-05            1 -7.30142e-05
5
 0.4 -0.7  0.7
-0.000397565      564.365      307.053      45.1489      28.4554            0
 -7.0034e-06            1 -2.33451e-05
4
4
0.400004 0.699999      0.5
-23.1486 -208.436  119.383  10.4994  32.5305        0
-7.00358e-06           -1 -1.16726e-05
1
 0.499948 -0.700008       1.9
19.8951 235.748 188.599       0       0       0
-1.52125e-05            1 -7.30142e-05
5
      0.4 -0.699999       0.7
-19.1414  218.878  125.364  10.4994  32.5305        0
 -7.0034e-06            1 -2.33451e-05
0
0.499995 0.699993  1.90001
 22.3945 -246.191  196.953        0        0        0
-1.52125e-05           -1 -7.30142e-05
3
1
 0.499933 -0.699993   1.90003
0.0387052   399.817   319.854         0         0         0
-1.52125e-05            1 -7.30142e-05
5
      0.4 -0.699999  0.700001
 -0.0198217   0.0346075   0.0198217 -0.00453561     144.829           0
 -7.0034e-06            1 -2.33451e-05
0
0.499991 0.699987  1.90003
-0.0191032   -399.851    310.424          0          0          0
-1.52125e-05           -1 -7.30142e-05
4
1
  0.49994 -0.699991   1.90001
10.4125 246.286 197.029       0       0       0
-1.52125e-05            1 -7.30142e-05
5
      0.4 -0.699998  0.700001
-11.1733  208.368  119.344 -11.8078  17.9881        0
 -7.0034e-06            1 -2.33451e-05
0
0.499992 0.699983  1.90003
 11.1736 -235.509  188.407        0        0        0
-1.52125e-05           -1 -7.30142e-05
4
0.399999      0.7      0.7
-10.4127 -219.146  125.517 -11.8078  17.9881        0
 -7.0034e-06           -1 -2.33451e-05
3
1
 0.499947 -0.699989   1.89999
4.41169 85.8652 68.6921       0       0       0
-1.52125e-05            1 -7.30142e-05
5
      0.4 -0.699998  0.700001
-10.5423  447.333  256.213  35.7869  12.4556        0
 -7.0034e-06            1 -2.33451e-05
4
0.399998      0.7      0.7
 6.13067 -533.198  305.392  42.6558  12.4595        0
 -7.0034e-06           -1 -2.33451e-05
4
1
 0.499943 -0.699997   1.89994
10.0449  253.16 202.528       0       0       0
-1.52125e-05            1 -7.30142e-05
5
 0.399999 -0.699998  0.700001
-11.9144  201.849   115.61 -16.1483  18.3005        0
 -7.0034e-06            1 -2.33451e-05
4
0.399999 0.699999      0.7
-11.8756 -228.163  130.682 -18.2531  18.3004        0
 -7.0034e-06           -1 -2.33451e-05
0
     0.5 0.699992  2.10001
 13.7451 -226.846  181.477        0        0        0
-2.08616e-05           -1 -1.30297e-05
3
5
 0.399998 -0.699998  0.700001
 2.70448  542.721  310.847 -43.4183  11.5522        0
 -7.0034e-06            1 -2.33451e-05
4
0.399999 0.699999 0.699999
 -9.4357 -504.864  289.164 -40.3892  11.5483        0
 -7.0034e-06           -1 -2.33451e-05
0
     0.5 0.699983  2.10002
 6.73124 -37.8575   30.286        0        0        0
-2.08616e-05           -1 -1.30297e-05
4
5
 0.400002 -0.699998  0.700002
-14.4996  211.962  121.402 -3.55741   20.525        0
 -7.0034e-06            1 -2.33451e-05
4
0.399999 0.699998      0.7
-14.2354 -215.687  123.536 -3.55741   20.525        0
 -7.0034e-06           -1 -2.33451e-05
0
0.500008 0.699969  2.10004
 14.5004 -238.987   191.19        0        0        0
-2.08616e-05           -1 -1.30297e-05
1
 0.499996 -0.700009   2.09997
14.2348 242.712 194.169       0       0       0
-2.08616e-05            1 -1.30297e-05
3
5
 0.400002 -0.699998  0.700002
  -0.016938   0.0295728    0.016938 -0.00458598     117.763           0
 -7.0034e-06            1 -2.33451e-05
0
 0.50004 0.699954  2.10005
-0.014909  -412.189   300.553         0         0         0
-2.08616e-05           -1 -1.30297e-05
1
0.499996 -0.70001  2.09997
0.0319885    412.16   329.728         0         0         0
-2.08616e-05            1 -1.30297e-05
4
5
 0.400002 -0.699998  0.700002
-13.6865  204.612  117.193 -16.3695  18.7006        0
 -7.0034e-06            1 -2.33451e-05
0
0.500043 0.699955  2.10004
 11.8171 -233.047  186.438        0        0        0
-2.08616e-05           -1 -1.30297e-05
1
 0.500003 -0.700006   2.09997
12.4937 249.828 199.863       0       0       0
-2.08616e-05            1 -1.30297e-05
4
0.4 0.7 0.9
-10.6244 -221.393  126.804 -17.0535  18.7006        0
-1.02818e-05           -1 -6.24357e-06
3
0
 0.50008 0.699942  2.10005
 20.8691 -366.115  292.892        0        0        0
-2.08616e-05           -1 -1.30297e-05
1
 0.500002 -0.700007   2.09997
-2.29655  398.541  318.833        0        0        0
-2.08616e-05            1 -1.30297e-05
4
0.400003      0.7 0.900001
-18.5723 -32.4262  18.5723  2.59429   97.401        0
-1.02818e-05           -1 -6.24357e-06
4
0
0.500113 0.699937  2.10004
 19.0882 -237.423  189.938        0        0        0
-2.08616e-05           -1 -1.30297e-05
1
 0.500002 -0.700007   2.09997
18.6453 243.862  195.09       0       0       0
-2.08616e-05            1 -1.30297e-05
4
0.400003      0.7 0.900001
-18.6464 -217.333  124.479 -7.05401  31.4446        0
-1.02818e-05           -1 -6.24357e-06
5
 0.4 -0.7  0.9
-19.0871  210.893   120.79 -7.05401  31.4446        0
-1.02818e-05            1 -6.24357e-06
3
0
0.500081 0.699957  2.10003
 18.9383 -55.4976   44.398        0        0        0
-2.08616e-05           -1 -1.30297e-05
4
0.400003      0.7 0.900001
-22.9067 -483.725  277.056 -38.6977  34.8671        0
-1.02818e-05           -1 -6.24357e-06
5
0.399999     -0.7      0.9
 3.96767  539.222  308.843 -43.1377  34.8667        0
-1.02818e-05            1 -6.24357e-06
4
0
0.500079 0.699957  2.10003
 17.4878 -246.266  197.012        0        0        0
-2.08616e-05           -1 -1.30297e-05
4
0.400004      0.7 0.900002
-18.3432 -208.589  119.471  11.8424  29.8585        0
-1.02818e-05           -1 -6.24357e-06
5
 0.399999 -0.699999  0.899999
-20.4738  220.335  126.198  11.8424  29.8585        0
-1.02818e-05            1 -6.24357e-06
1
 0.499986 -0.699988   2.30003
 21.329  234.52 187.616       0       0       0
-2.04272e-05            1 -4.20239e-05
3
4
0.400004 0.700001 0.900003
 4.39299 -538.023  308.156  43.0417    22.12        0
-1.02818e-05           -1 -6.24357e-06
5
 0.400001 -0.699998  0.899999
-17.6805  476.478  272.906  38.1186  22.1211        0
-1.02818e-05            1 -6.24357e-06
1
 0.499966 -0.699978   2.30006
13.2873 61.5448 49.2358       0       0       0
-2.04272e-05            1 -4.20239e-05
4
4
0.400004 0.700001 0.900003
-14.4552 -216.881   124.22 -5.81749  20.9553        0
-1.02818e-05           -1 -6.24357e-06
5
 0.400001 -0.699998  0.899999
-14.8819  210.789  120.731 -5.81749  20.9553        0
-1.02818e-05            1 -6.24357e-06
1
 0.499966 -0.699978   2.30006
14.4567 243.887  195.11       0       0       0
-2.04272e-05            1 -4.20239e-05
0
0.500016 0.700021  2.29995
  14.881 -237.795  190.236        0        0        0
-2.04272e-05           -1 -4.20239e-05
3
5
 0.400002 -0.699998  0.899999
 -0.00806474    0.0140806   0.00806474 -0.000760067      114.619            0
-1.02818e-05            1 -6.24357e-06
1
0.499943 -0.69999  2.30005
0.0297016   405.634   324.507         0         0         0
-2.04272e-05            1 -4.20239e-05
0
0.500015  0.70002  2.29995
-0.0217628   -405.648    305.782          0          0          0
-2.04272e-05           -1 -4.20239e-05
4
5
 0.400002 -0.699998  0.899999
-16.6091  194.452  111.374 -15.5562  21.8529        0
-1.02818e-05            1 -6.24357e-06
1
0.499943 -0.69999  2.30005
13.9862 259.955 207.964       0       0       0
-2.04272e-05            1 -4.20239e-05
0
0.499997 0.700018  2.29997
 14.4229 -223.091  178.473        0        0        0
-2.04272e-05           -1 -4.20239e-05
4
0.4 0.7 1.1
-11.8001 -231.316  132.487 -18.5052  21.8529        0
-6.85459e-06           -1 -1.87318e-05
3
5
 0.400002 -0.699998  0.899999
-0.000399153       570.29      326.637     -45.6235      41.4603            0
-1.02818e-05            1 -6.24357e-06
0
0.499996 0.700018  2.29997
 4.44089e-14 -2.13163e-14   2.4869e-14            0            0            0
-2.04272e-05           -1 -4.20239e-05
4
0.4 0.7 1.1
0.000377939     -570.29      303.66    -45.6234     41.4651           0
-6.85459e-06           -1 -1.87318e-05
4
5
 0.400002 -0.699998  0.899999
-18.7922  207.091  118.613 -11.2796  22.9626        0
-1.02818e-05            1 -6.24357e-06
0
0.499996 0.700018  2.29997
 14.1993 -235.538   188.43        0        0        0
-2.04272e-05           -1 -4.20239e-05
4
0.4 0.7 1.1
-13.3552 -218.901  125.377 -11.2796  22.9626        0
-6.85459e-06           -1 -1.87318e-05
1
 0.5 -0.7  2.5
 17.948 247.347 197.878       0       0       0
-1.16726e-05            1  -8.4043e-05
3
0
0.499994 0.700018  2.29997
1.52383e-05    -448.671     358.937           0           0           0
-2.04272e-05           -1 -4.20239e-05
4
0.4 0.7 1.1
-0.00152758 -0.00266707  0.00152758 -0.00112254      129.78           0
-6.85459e-06           -1 -1.87318e-05
1
 0.499989 -0.700011   2.49999
0.00145069    448.673    271.359          0          0          0
-1.16726e-05            1  -8.4043e-05
4
0
0.499994 0.700018  2.29997
 17.7388 -250.542  200.434        0        0        0
-2.04272e-05           -1 -4.20239e-05
4
0.4 0.7 1.1
-19.2398 -204.452  117.101  16.3556  30.8161        0
-6.85459e-06           -1 -1.87318e-05
1
 0.499989 -0.700011   2.49999
22.3216 229.541 183.633       0       0       0
-1.16726e-05            1  -8.4043e-05
5
 0.4 -0.7  1.1
-20.8206  225.453   129.13  18.0362  30.8162        0
-6.85459e-06            1 -1.87318e-05
3
4
0.4 0.7 1.1
 4.76814 -536.988  307.563  42.9587  21.2553        0
-6.85459e-06           -1 -1.87318e-05
1
 0.499988 -0.700011   2.49999
12.4998 66.7592 53.4074       0       0       0
-1.16726e-05            1  -8.4043e-05
5
 0.4 -0.7  1.1
-17.2679  470.229  269.327  37.6183  21.2606        0
-6.85459e-06            1 -1.87318e-05
4
0
0.499994 0.699989  2.50002
 19.3402 -240.819  192.655        0        0        0
-1.16726e-05           -1  -8.4043e-05
1
0.499998     -0.7      2.5
19.3543 240.611 192.489       0       0       0
-1.16726e-05            1  -8.4043e-05
4
0.400001      0.7      1.1
-19.3548 -213.908  122.517 0.198041   27.639        0
-6.85459e-06           -1 -1.87318e-05
5
0.399999     -0.7      1.1
-19.3402  214.116  122.636 0.198041   27.639        0
-6.85459e-06            1 -1.87318e-05
