4
0
0.499994 0.699989  1.70002
 19.3404 -240.819  192.655        0        0        0
-2.08602e-05           -1 -7.81734e-05
1
0.499998     -0.7      1.7
19.3544 240.611 192.489       0       0       0
-2.08602e-05            1 -7.81734e-05
4
0.400001      0.7 0.300003
-19.3547 -213.908  122.517 0.198041   27.639        0
-6.85448e-06           -1 -4.68276e-06
5
0.399999     -0.7 0.300003
-19.3402  214.116  122.636 0.198041   27.639        0
-6.85448e-06            1 -4.68276e-06
3
0
0.499986 0.699994  1.70001
-0.326308  -394.597   315.678         0         0         0
-2.08602e-05           -1 -7.81734e-05
1
 0.500008 -0.699997       1.7
2.99254 389.942 311.954       0       0       0
-2.08602e-05            1 -7.81734e-05
5
0.399999     -0.7 0.300003
 -2.66623   4.65509   2.66623 -0.372339   125.849         0
-6.85448e-06            1 -4.68276e-06
4
0
0.500038 0.699966  1.70003
 9.96277 -226.901  181.521        0        0        0
-2.08602e-05           -1 -7.81734e-05
1
 0.500008 -0.699996       1.7
9.35218 256.308 205.046       0       0       0
-2.08602e-05            1 -7.81734e-05
5
0.399999     -0.7 0.300003
 -11.448  198.066  113.444 -15.8454  14.8573        0
-6.85448e-06            1 -4.68276e-06
4
0.4 0.7 0.5
-7.86638 -227.474  130.287 -18.1979  14.8573        0
-7.00358e-06           -1 -1.16726e-05
3
0
0.500089 0.699937  1.70005
-3.55271e-14  2.13163e-14 -8.88178e-15            0            0            0
-2.08602e-05           -1 -7.81734e-05
5
 0.399999 -0.699999  0.300003
0.000475292     624.261      357.55    -49.9411      8.2572           0
-6.85448e-06            1 -4.68276e-06
4
0.4 0.7 0.5
6.67648e-05    -624.262     272.748     -49.941     8.25729           0
-7.00358e-06           -1 -1.16726e-05
4
0
0.500089 0.699936  1.70005
 8.55866 -239.801  191.841        0        0        0
-2.08602e-05           -1 -7.81734e-05
5
 0.399999 -0.699999  0.300003
-11.3825  212.146  121.508 -2.50392  14.1206        0
-6.85448e-06            1 -4.68276e-06
4
0.4 0.7 0.5
-8.38683 -214.768   123.01 -2.50392  14.1206        0
-7.00358e-06           -1 -1.16726e-05
1
 0.499998 -0.699996   1.90001
11.2106 242.424 193.939       0       0       0
-1.52125e-05            1 -7.30142e-05
3
0
 0.50008 0.699922  1.70007
0.0601224  -434.973   347.978         0         0         0
-2.08602e-05           -1 -7.81734e-05
4
0.400006 0.700012 0.500021
 -0.068735  -0.120007   0.068735 0.00952103    125.502          0
-7.00358e-06           -1 -1.16726e-05
1
 0.500024 -0.700012   1.89999
0.00953752    435.092     282.25          0          0          0
-1.52125e-05            1 -7.30142e-05
4
0
 0.50008 0.699922  1.70007
 14.2645 -242.848  194.278        0        0        0
-2.08602e-05           -1 -7.81734e-05
4
0.400006 0.700012 0.500021
-14.5865 -211.893  121.363  4.30661  24.0415        0
-7.00358e-06           -1 -1.16726e-05
1
 0.500007 -0.700023   1.89998
16.9898 238.514 190.811       0       0       0
-1.52125e-05            1 -7.30142e-05
5
 0.4 -0.7  0.5
-16.6679  216.226  123.845  4.30661  24.0415        0
-7.00358e-06            1 -1.16726e-05
3
4
0.400006 0.700012 0.500021
 4.92645 -536.545  307.309  42.9217  19.5409        0
-7.00358e-06           -1 -1.16726e-05
1
 0.500007 -0.700023   1.89998
11.2153 68.9935 55.1948       0       0       0
-1.52125e-05            1 -7.30142e-05
5
 0.4 -0.7  0.5
-16.1417  467.551  267.793  37.4041  19.5412        0
-7.00358e-06            1 -1.16726e-05
4
4
0.400014 0.700013 0.500028
-12.9114 -216.418  123.955 -5.04705  18.7201        0
-7.00358e-06           -1 -1.16726e-05
1
 0.499995 -0.700034   1.89997
12.9112 243.525  194.82       0       0       0
-1.52125e-05            1 -7.30142e-05
5
 0.400032 -0.699989       0.5
-13.2964  211.134  120.928 -5.04705  18.7201        0
-7.00358e-06            1 -1.16726e-05
0
0.499967 0.699995  1.90001
 13.2964 -238.242  190.594        0        0        0
-1.52125e-05           -1 -7.30142e-05
3
1
 0.499987 -0.700042   1.89996
0.00661211    414.923    331.939          0          0          0
-1.52125e-05            1 -7.30142e-05
5
 0.400031 -0.699989       0.5
 -0.0106625   0.0186162   0.0106625 -0.00563968     94.1532           0
-7.00358e-06            1 -1.16726e-05
0
0.499969 0.699998  1.90002
0.00389038   -414.942    298.348          0          0          0
-1.52125e-05           -1 -7.30142e-05
4
1
 0.499986 -0.700043   1.89995
16.9433 249.061 199.249       0       0       0
-1.52125e-05            1 -7.30142e-05
5
0.400033 -0.69999 0.500001
-18.0658  205.439  117.667 -15.7514  25.0073        0
-7.00358e-06            1 -1.16726e-05
0
0.499947 0.700006  1.90001
 15.5657 -233.508  186.807        0        0        0
-1.52125e-05           -1 -7.30142e-05
4
0.400001 0.699998      0.7
-14.4433 -220.992  126.575 -15.7514  25.0073        0
 -7.0034e-06           -1 -2.33451e-05
3
1
 0.499983 -0.700044   1.89996
-0.0115191    404.704    306.537          0          0          0
-1.52125e-05            1 -7.30142e-05
0
0.499947 0.700006  1.90001
0.0188779  -404.691   323.753         0         0         0
-1.52125e-05           -1 -7.30142e-05
4
0.400001 0.699998      0.7
-0.00735799  -0.0128466  0.00735799 0.000554907     144.807           0
 -7.0034e-06           -1 -2.33451e-05
4
1
 0.499994 -0.700036   1.89996
18.5903 243.114 194.491       0       0       0
-1.52125e-05            1 -7.30142e-05
0
0.499947 0.700006  1.90001
 18.9519 -238.178  190.543        0        0        0
-1.52125e-05           -1 -7.30142e-05
4
0.400001 0.699998      0.7
-18.5911 -216.576  124.045 -5.40871  31.2857        0
 -7.0034e-06           -1 -2.33451e-05
5
 0.4 -0.7  0.7
-18.9511   211.64  121.218 -5.40871  31.2857        0
 -7.0034e-06            1 -2.33451e-05
3
0
0.499941      0.7  1.90001
 10.1231 -39.6492  31.7194        0        0        0
-1.52125e-05           -1 -7.30142e-05
4
0.400001 0.699998      0.7
-12.9538 -502.717  287.934 -40.2176  19.2326        0
 -7.0034e-06           -1 -2.33451e-05
5
 0.4 -0.7  0.7
 2.83069  542.366  310.644 -43.3893  19.2308        0
 -7.0034e-06            1 -2.33451e-05
4
0
0.499943 0.699998  1.90001
 15.7904 -244.343  195.474        0        0        0
-1.52125e-05           -1 -7.30142e-05
4
0.400001 0.699998      0.7
-16.3229 -210.449  120.536  7.60585  26.7609        0
 -7.0034e-06           -1 -2.33451e-05
5
 0.4 -0.7  0.7
-18.4662   218.03  124.878  7.60585  26.7609        0
 -7.0034e-06            1 -2.33451e-05
1
 0.499993 -0.700014   2.09999
18.9988 236.761 189.409       0       0       0
-2.08616e-05            1 -1.30297e-05
3
4
0.400001 0.699998      0.7
 4.11297 -538.806  308.605  43.1045  27.4637        0
 -7.0034e-06           -1 -2.33451e-05
5
 0.4 -0.7  0.7
-21.2824  481.211  275.617  38.4969  27.4651        0
 -7.0034e-06            1 -2.33451e-05
1
  0.49998 -0.700015   2.09999
17.1693 57.5948 46.0758       0       0       0
-2.08616e-05            1 -1.30297e-05
4
4
0.400001 0.699998      0.7
-16.3335 -217.336   124.48 -6.54817  23.6765        0
 -7.0034e-06           -1 -2.33451e-05
5
 0.4 -0.7  0.7
-16.8129  210.479  120.553 -6.54817  23.6765        0
 -7.0034e-06            1 -2.33451e-05
1
 0.499984 -0.700015   2.09999
16.3339 244.218 195.374       0       0       0
-2.08616e-05            1 -1.30297e-05
0
0.500047 0.699993  2.09997
 16.8129 -237.361  189.889        0        0        0
-2.08616e-05           -1 -1.30297e-05
3
5
 0.4 -0.7  0.7
-0.000128275  0.000223961  0.000128275 -0.000182812      118.276            0
 -7.0034e-06            1 -2.33451e-05
1
 0.499988 -0.700015   2.09998
0.031731  415.161  332.129        0        0        0
-2.08616e-05            1 -1.30297e-05
0
0.500094 0.699986  2.09994
-0.0311287   -415.161    298.168          0          0          0
-2.08616e-05           -1 -1.30297e-05
4
5
 0.4 -0.7  0.7
-24.6822  198.315  113.586 -15.8653  33.7474        0
 -7.0034e-06            1 -2.33451e-05
1
 0.499988 -0.700015   2.09998
22.5634 256.199 204.959       0       0       0
-2.08616e-05            1 -1.30297e-05
0
0.500093 0.699984  2.09993
 21.3067 -226.303  181.042        0        0        0
-2.08616e-05           -1 -1.30297e-05
4
0.4 0.7 0.9
-19.1879 -228.212   130.71 -18.2569  33.7473        0
-1.02818e-05           -1 -6.24357e-06
3
1
 0.499978 -0.700017   2.09998
-2.08946  398.144  318.515        0        0        0
-2.08616e-05            1 -1.30297e-05
0
0.500079 0.699984  2.09995
 19.0593 -368.515  294.812        0        0        0
-2.08616e-05           -1 -1.30297e-05
4
0.4 0.7 0.9
  -16.97 -29.6287    16.97  2.36937  124.227        0
-1.02818e-05           -1 -6.24357e-06
4
1
 0.500008 -0.700009       2.1
19.3318 237.388  189.91       0       0       0
-2.08616e-05            1 -1.30297e-05
0
0.500079 0.699984  2.09995
 18.8549 -243.883  195.107        0        0        0
-2.08616e-05           -1 -1.30297e-05
4
0.4 0.7 0.9
-19.3311 -210.875   120.78  7.11852  31.8229        0
-1.02818e-05           -1 -6.24357e-06
5
 0.4 -0.7  0.9
-18.8556  217.371  124.501  7.11852  31.8229        0
-1.02818e-05            1 -6.24357e-06
3
1
 0.499991 -0.700005   2.10002
 12.036 38.8197 31.0558       0       0       0
-2.08616e-05            1 -1.30297e-05
4
0.4 0.7 0.9
 2.77261 -542.531  310.738  43.4017  22.3664        0
-1.02818e-05           -1 -6.24357e-06
5
 0.4 -0.7  0.9
-14.8087  503.711  288.504  40.2969  22.3704        0
-1.02818e-05            1 -6.24357e-06
4
1
  0.49995 -0.700026   2.09999
 15.279 244.276 195.421       0       0       0
-2.08616e-05            1 -1.30297e-05
4
0.4 0.7 0.9
-17.8692 -217.915  124.812 -7.43318     25.9        0
-1.02818e-05           -1 -6.24357e-06
5
 0.4 -0.7  0.9
-15.8008  210.507  120.569 -7.43318     25.9        0
-1.02818e-05            1 -6.24357e-06
0
0.499995 0.700002      2.3
 18.3908 -236.868  189.495        0        0        0
-2.04272e-05           -1 -4.20239e-05
3
4
0.400005 0.699994      0.9
-14.6478 -461.869  264.539 -36.9494   17.166        0
-1.02818e-05           -1 -6.24357e-06
5
0.400005     -0.7 0.900002
5.26606 535.604 306.771 -42.848 17.1605       0
-1.02818e-05            1 -6.24357e-06
0
0.499994 0.699998      2.3
 9.38147 -73.7352  58.9881        0        0        0
-2.04272e-05           -1 -4.20239e-05
4
4
0.400005 0.699994      0.9
-19.6093 -213.677  122.385 0.656341  27.9821        0
-1.02818e-05           -1 -6.24357e-06
5
0.400005     -0.7 0.900002
-19.5654  214.365  122.779 0.656341  27.9821        0
-1.02818e-05            1 -6.24357e-06
0
0.499996 0.699997      2.3
 19.5656 -241.052  192.842        0        0        0
-2.04272e-05           -1 -4.20239e-05
1
  0.50003 -0.699967       2.3
19.6095 240.365 192.292       0       0       0
-2.04272e-05            1 -4.20239e-05
3
5
0.400005     -0.7 0.900002
-0.00571924  0.00998547  0.00571924 0.000278826     123.461           0
-1.02818e-05            1 -6.24357e-06
0
 0.49999 0.699994  2.30001
0.0101752  -415.989   297.509         0         0         0
-2.04272e-05           -1 -4.20239e-05
1
 0.500027 -0.699967       2.3
-0.00450428     415.979     332.783           0           0           0
-2.04272e-05            1 -4.20239e-05
4
5
0.400005     -0.7 0.900002
-9.79505  196.066  112.298 -15.6851  12.2912        0
-1.02818e-05            1 -6.24357e-06
0
0.499995 0.699994  2.30001
 8.56601 -225.077  180.062        0        0        0
-2.04272e-05           -1 -4.20239e-05
1
 0.500051 -0.699968       2.3
 7.4129 258.279 206.623       0       0       0
-2.04272e-05            1 -4.20239e-05
4
0.4 0.7 1.1
 -6.1837 -229.268  131.314 -18.3414  12.2914        0
-6.85459e-06           -1 -1.87318e-05
3
0
0.499964 0.700006  2.29999
 20.9203 -366.104  292.883        0        0        0
-2.04272e-05           -1 -4.20239e-05
1
 0.500049 -0.699967   2.30001
-2.34054  398.543  318.834        0        0        0
-2.04272e-05            1 -4.20239e-05
4
0.4 0.7 1.1
  -18.58 -32.4395    18.58   2.5946  80.9118        0
-6.85459e-06           -1 -1.87318e-05
4
0
0.499953 0.700009  2.29999
22.3036 -240.88 192.704       0       0       0
-2.04272e-05           -1 -4.20239e-05
1
 0.500045 -0.699968   2.30001
 22.338 240.189 192.151       0       0       0
-2.04272e-05            1 -4.20239e-05
4
0.4 0.7 1.1
-22.3378 -213.919  122.524 0.755028  37.2013        0
-6.85459e-06           -1 -1.87318e-05
5
 0.4 -0.7  1.1
-22.3039   214.61  122.919 0.755028  37.2013        0
-6.85459e-06            1 -1.87318e-05
3
0
0.499951 0.700009      2.3
 17.2085 -49.6338  39.7071        0        0        0
-2.04272e-05           -1 -4.20239e-05
4
0.399998 0.699999      1.1
-20.7506 -490.751  281.081 -39.2593  31.6392        0
-6.85459e-06           -1 -1.87318e-05
5
 0.400002 -0.699999       1.1
  3.542 540.385 309.509 -43.231 31.6354       0
-6.85459e-06            1 -1.87318e-05
4
0
0.49993 0.70002     2.3
 17.8498 -249.171  199.337        0        0        0
-2.04272e-05           -1 -4.20239e-05
4
0.399999 0.699998      1.1
-19.1248 -205.761  117.851  16.4602  30.8121        0
-6.85459e-06           -1 -1.87318e-05
5
 0.400002 -0.699999       1.1
-20.9308  223.707   128.13  17.8966  30.8121        0
-6.85459e-06            1 -1.87318e-05
1
 0.499966 -0.699997   2.49998
22.2055 231.225  184.98       0       0       0
-1.16726e-05            1  -8.4043e-05
3
4
0.400008 0.699994      1.1
 5.42675 -535.136  306.503  42.8102  20.9693        0
-6.85459e-06           -1 -1.87318e-05
5
 0.399994 -0.699996       1.1
-17.388 459.041 262.919 36.7241 20.9734       0
-6.85459e-06            1 -1.87318e-05
1
 0.499931 -0.700013   2.49996
11.9607 76.0943 60.8754       0       0       0
-1.16726e-05            1  -8.4043e-05
4
0
0.499994 0.699989  2.50002
 19.3405 -240.819  192.655        0        0        0
-1.16726e-05           -1  -8.4043e-05
1
0.499998     -0.7      2.5
19.3544 240.611 192.489       0       0       0
-1.16726e-05            1  -8.4043e-05
4
0.400001      0.7      1.1
-19.3546 -213.908  122.517 0.198088  27.6391        0
-6.85459e-06           -1 -1.87318e-05
5
0.399999     -0.7      1.1
-19.3402  214.116  122.636 0.198088  27.6391        0
-6.85459e-06            1 -1.87318e-05
