4
0
0.499994 0.699989  1.70002
 19.3404 -240.819  192.655        0        0        0
-2.08602e-05           -1 -7.81734e-05
1
0.499998     -0.7      1.7
19.3544 240.611 192.489       0       0       0
-2.08602e-05            1 -7.81734e-05
4
0.400001      0.7 0.300003
-19.3547 -213.908  122.517 0.198041   27.639        0
-6.85448e-06           -1 -4.68276e-06
5
0.399999     -0.7 0.300003
-19.3402  214.116  122.636 0.198041   27.639        0
-6.85448e-06            1 -4.68276e-06
3
0
0.499982  0.69999  1.70002
0.00404433    -417.13    296.594          0          0          0
-2.08602e-05           -1 -7.81734e-05
1
0.499997     -0.7      1.7
-0.000286162      417.124      333.699            0            0            0
-2.08602e-05            1 -7.81734e-05
5
0.399999     -0.7 0.300003
-0.00379124  0.00661929  0.00379124 -0.00011163     120.145           0
-6.85448e-06            1 -4.68276e-06
4
0
0.500033 0.699961  1.70004
 9.96179 -226.901  181.521        0        0        0
-2.08602e-05           -1 -7.81734e-05
1
0.499997     -0.7      1.7
9.35222 256.308 205.046       0       0       0
-2.08602e-05            1 -7.81734e-05
5
0.399999     -0.7 0.300003
-11.4469  198.066  113.444 -15.8453  14.8565        0
-6.85448e-06            1 -4.68276e-06
4
0.4 0.7 0.5
 -7.8666 -227.474  130.287 -18.1979  14.8565        0
-7.00358e-06           -1 -1.16726e-05
3
0
0.500084 0.699934  1.70006
-2.22045e-14  3.55271e-15 -1.95399e-14            0            0            0
-2.08602e-05           -1 -7.81734e-05
5
0.399999     -0.7 0.300003
0.000540478      624.26     357.549    -49.9409     8.25488           0
-6.85448e-06            1 -4.68276e-06
4
0.4 0.7 0.5
-6.13947e-06      -624.26      272.749     -49.9408      8.25985            0
-7.00358e-06           -1 -1.16726e-05
4
0
0.500074 0.699939  1.70004
 10.0102 -240.715  192.572        0        0        0
-2.08602e-05           -1 -7.81734e-05
5
0.399999     -0.7 0.300003
 -13.3431   213.454   122.257 -0.443847   16.6659         0
-6.85448e-06            1 -4.68276e-06
4
0.4 0.7 0.5
 -9.98965   -213.92   122.524 -0.443847   16.6659         0
-7.00358e-06           -1 -1.16726e-05
1
 0.499999 -0.699998       1.9
13.3224  241.18 192.944       0       0       0
-1.52125e-05            1 -7.30142e-05
3
0
0.500093 0.699925  1.70005
-0.0291307   -438.489    350.791          0          0          0
-2.08602e-05           -1 -7.81734e-05
4
0.4 0.7 0.5
-0.000408669 -0.000713513  0.000408669  8.39909e-05      45.2865            0
-7.00358e-06           -1 -1.16726e-05
1
 0.499998 -0.699997       1.9
0.0297028   438.489   279.506         0         0         0
-1.52125e-05            1 -7.30142e-05
4
0
0.500092 0.699926  1.70005
 16.2305 -248.923  199.138        0        0        0
-2.08602e-05           -1 -7.81734e-05
4
0.4 0.7 0.5
-17.4812 -205.978  117.975  16.4781  28.0919        0
-7.00358e-06           -1 -1.16726e-05
1
      0.5 -0.699997       1.9
20.2897 231.632 185.306       0       0       0
-1.52125e-05            1 -7.30142e-05
5
 0.4 -0.7  0.5
-19.039 223.268 127.878 17.5399 28.0919       0
-7.00358e-06            1 -1.16726e-05
3
4
0.4 0.7 0.5
 3.44475 -540.664  309.669   43.253  26.7546        0
-7.00358e-06           -1 -1.16726e-05
1
 0.499998 -0.699997       1.9
17.0069 48.2283 38.5827       0       0       0
-1.52125e-05            1 -7.30142e-05
5
 0.4 -0.7  0.5
-20.4517  492.436  282.046  39.3948  26.7539        0
-7.00358e-06            1 -1.16726e-05
4
4
0.4 0.7 0.5
 -17.072 -212.045   121.45  3.58402  24.1941        0
-7.00358e-06           -1 -1.16726e-05
1
0.499974 -0.70001  1.89999
17.0718 238.904 191.123       0       0       0
-1.52125e-05            1 -7.30142e-05
5
 0.4 -0.7  0.5
-16.7997  215.797  123.599  3.58402  24.1941        0
-7.00358e-06            1 -1.16726e-05
0
0.499999 0.700001      1.9
 16.7998 -242.656  194.125        0        0        0
-1.52125e-05           -1 -7.30142e-05
3
4
0.4 0.7 0.5
-0.000123152 -0.000215017  0.000123152 -0.000311887      120.163            0
-7.00358e-06           -1 -1.16726e-05
1
 0.499932 -0.700032   1.89997
0.0192062   405.809    305.65         0         0         0
-1.52125e-05            1 -7.30142e-05
0
0.499999 0.700001      1.9
-0.0193146   -405.809    324.647          0          0          0
-1.52125e-05           -1 -7.30142e-05
4
4
0.400008 0.699998 0.500008
-19.0121 -198.242  113.544  15.8587  25.6423        0
-7.00358e-06           -1 -1.16726e-05
1
  0.49993 -0.700025   1.89998
 16.448 226.592 181.274       0       0       0
-1.52125e-05            1 -7.30142e-05
0
0.499996 0.700013  1.89997
 16.8864 -256.213   204.97        0        0        0
-1.52125e-05           -1 -7.30142e-05
5
  0.40001 -0.700009  0.700017
-14.3219  227.862   130.51  18.2286  25.6425        0
 -7.0034e-06            1 -2.33451e-05
3
1
  0.49993 -0.700022   1.89998
17.1108 371.174 296.939       0       0       0
-1.52125e-05            1 -7.30142e-05
0
0.500009 0.700013  1.89996
-1.91574 -397.704  318.163        0        0        0
-1.52125e-05           -1 -7.30142e-05
5
  0.40001 -0.700008  0.700017
 -15.195  26.5297   15.195 -2.12169  106.307        0
 -7.0034e-06            1 -2.33451e-05
4
1
 0.499904 -0.700015       1.9
15.3365 237.426  189.94       0       0       0
-1.52125e-05            1 -7.30142e-05
0
0.499995 0.700023  1.89994
 14.8429 -244.099  195.279        0        0        0
-1.52125e-05           -1 -7.30142e-05
5
 0.400024 -0.700015   0.70003
-14.8433  217.283   124.45  7.31377  25.1505        0
 -7.0034e-06            1 -2.33451e-05
4
0.400031 0.699982 0.699995
-15.3363 -210.609  120.628  7.31377  25.1505        0
 -7.0034e-06           -1 -2.33451e-05
3
0
 0.49998 0.700034  1.89991
  9.9749 -75.9837   60.787        0        0        0
-1.52125e-05           -1 -7.30142e-05
5
 0.400038 -0.700021  0.700043
 5.43259  535.158  306.515 -42.8079  21.1135        0
 -7.0034e-06            1 -2.33451e-05
4
0.400062 0.699964 0.699989
-15.4076 -459.174  262.995 -36.7343  21.1213        0
 -7.0034e-06           -1 -2.33451e-05
4
0
0.499984 0.700034   1.8999
 11.0871 -250.739  200.592        0        0        0
-1.52125e-05           -1 -7.30142e-05
5
 0.400038 -0.700021  0.700043
-13.0603  225.153  128.958  18.0125  19.7287        0
 -7.0034e-06            1 -2.33451e-05
4
0.400063 0.699964 0.699989
-12.5853 -204.172  116.941  16.3359  19.7288        0
 -7.0034e-06           -1 -2.33451e-05
1
 0.500009 -0.699997   2.09999
14.5585 229.759 183.807       0       0       0
-2.08616e-05            1 -1.30297e-05
3
5
 0.400038 -0.700021  0.700043
-10.9508  499.222  285.933   39.936  13.5245        0
 -7.0034e-06            1 -2.33451e-05
4
0.400064 0.699964  0.69999
 3.02961 -541.787  310.312  43.3459  13.5162        0
 -7.0034e-06           -1 -2.33451e-05
1
 0.500019 -0.699994   2.09999
7.92118 42.5652 34.0521       0       0       0
-2.08616e-05            1 -1.30297e-05
4
5
 0.400038 -0.700021  0.700043
-16.5254  216.434  123.964  4.81719  23.8658        0
 -7.0034e-06            1 -2.33451e-05
4
0.400064 0.699964  0.69999
-16.8866  -211.39  121.075  4.81719  23.8658        0
 -7.0034e-06           -1 -2.33451e-05
1
 0.500023 -0.699978   2.10002
16.8861 238.265 190.612       0       0       0
-2.08616e-05            1 -1.30297e-05
0
0.499998 0.699999      2.1
 16.5258 -243.308  194.647        0        0        0
-2.08616e-05           -1 -1.30297e-05
3
4
0.400064 0.699964  0.69999
-0.0688107  -0.120139  0.0688107  0.0178551    118.897          0
 -7.0034e-06           -1 -2.33451e-05
1
 0.500028 -0.699962   2.10004
-0.017652   409.721   302.548         0         0         0
-2.08616e-05            1 -1.30297e-05
0
0.499997 0.699998      2.1
0.0864158  -409.601   327.681         0         0         0
-2.08616e-05           -1 -1.30297e-05
4
4
0.400064 0.699964  0.69999
  -20.23 -198.538  113.714  15.8858  27.4097        0
 -7.0034e-06           -1 -2.33451e-05
1
 0.500029 -0.699958   2.10004
17.4898   226.8  181.44       0       0       0
-2.08616e-05            1 -1.30297e-05
0
0.500011 0.699999  2.09998
 18.142 -255.93 204.744       0       0       0
-2.08616e-05           -1 -1.30297e-05
5
 0.4 -0.7  0.9
-15.4018  227.668  130.399  18.2135  27.4087        0
-1.02818e-05            1 -6.24357e-06
3
1
 0.500031 -0.699954   2.10004
17.1156 371.139 296.911       0       0       0
-2.08616e-05            1 -1.30297e-05
0
0.500025 0.699999  2.09996
-1.89727 -397.709  318.168        0        0        0
-2.08616e-05           -1 -1.30297e-05
5
      0.4 -0.699999  0.899999
-15.2183  26.5703  15.2183 -2.12568  106.255        0
-1.02818e-05            1 -6.24357e-06
4
1
 0.500015 -0.699954   2.10005
14.8859 237.497 189.997       0       0       0
-2.08616e-05            1 -1.30297e-05
0
 0.50002 0.699997  2.09996
 14.4139 -244.055  195.244        0        0        0
-2.08616e-05           -1 -1.30297e-05
5
 0.400002 -0.699999  0.900001
-14.4151  217.206  124.406  7.18589  24.4164        0
-1.02818e-05            1 -6.24357e-06
4
 0.40001 0.699998 0.900001
-14.8848 -210.648   120.65  7.18589  24.4164        0
-1.02818e-05           -1 -6.24357e-06
3
1
 0.500005 -0.699956   2.10006
8.14429 69.9392 55.9514       0       0       0
-2.08616e-05            1 -1.30297e-05
5
 0.400003 -0.699999  0.900001
-13.1371  466.418  267.144  37.3137  17.7407        0
-1.02818e-05            1 -6.24357e-06
4
 0.40001 0.699998 0.900001
 4.99271 -536.357  307.202  42.9089  17.7412        0
-1.02818e-05           -1 -6.24357e-06
4
1
 0.500009 -0.699952   2.10006
8.42704  250.93 200.744       0       0       0
-2.08616e-05            1 -1.30297e-05
5
 0.400003 -0.699999  0.900001
-9.94291  203.954  116.816 -16.3161  15.3074        0
-1.02818e-05            1 -6.24357e-06
4
 0.40001 0.699998 0.900001
-9.95732 -225.176  128.971 -18.0139  15.3075        0
-1.02818e-05           -1 -6.24357e-06
0
0.5 0.7 2.3
 11.4732 -229.708  183.766        0        0        0
-2.04272e-05           -1 -4.20239e-05
3
5
 0.400003 -0.699999  0.900001
 3.02933  541.825  310.334 -43.3459  8.00116        0
-1.02818e-05            1 -6.24357e-06
4
 0.40001 0.699998 0.900001
 -7.1206 -499.451  286.064  -39.956   8.0005        0
-1.02818e-05           -1 -6.24357e-06
0
0.5 0.7 2.3
 4.09126 -42.3746  33.8997        0        0        0
-2.04272e-05           -1 -4.20239e-05
4
5
 0.400003 -0.699999  0.900001
-10.9136  210.968  120.833 -5.19318  15.3143        0
-1.02818e-05            1 -6.24357e-06
4
 0.40001 0.699998 0.900001
-10.5263 -216.405  123.947 -5.19318  15.3143        0
-1.02818e-05           -1 -6.24357e-06
0
0.500005 0.700001  2.29999
 10.9135 -238.229  190.584        0        0        0
-2.04272e-05           -1 -4.20239e-05
1
 0.500004 -0.699993   2.30001
10.5265 243.667 194.933       0       0       0
-2.04272e-05            1 -4.20239e-05
3
4
 0.40001 0.699998 0.900001
-7.15696 -12.4956  7.15696  1.00069  72.2608        0
-1.02818e-05           -1 -6.24357e-06
0
0.500005 0.700001  2.29999
 8.04968 -383.215  306.572        0        0        0
-2.04272e-05           -1 -4.20239e-05
1
0.500006 -0.69999  2.30001
-0.892713   395.711   316.568         0         0         0
-2.04272e-05            1 -4.20239e-05
4
4
 0.40001 0.699998 0.900001
-15.1178 -208.806  119.595  9.29699   21.127        0
-1.02818e-05           -1 -6.24357e-06
0
0.499993 0.700002  2.29999
14.4598 -245.75   196.6       0       0       0
-2.04272e-05           -1 -4.20239e-05
1
0.500003 -0.69999  2.30001
13.0053  236.54 189.232       0       0       0
-2.04272e-05            1 -4.20239e-05
5
 0.4 -0.7  1.1
-12.3474  218.017   124.87  9.29699   21.127        0
-6.85459e-06            1 -1.87318e-05
3
4
 0.40001 0.699998 0.900001
-0.00390171    -574.721     329.175     45.9779     20.0453           0
-1.02818e-05           -1 -6.24357e-06
1
 0.499995 -0.699994       2.3
 7.10543e-15  1.06581e-14 -1.06581e-14            0            0            0
-2.04272e-05            1 -4.20239e-05
5
 0.4 -0.7  1.1
0.00404879    574.721    301.122    45.9775    20.0245          0
-6.85459e-06            1 -1.87318e-05
4
4
 0.40001 0.699997 0.900001
-11.6517 -207.848  119.046  9.63647  14.1104        0
-1.02818e-05           -1 -6.24357e-06
1
  0.49997 -0.699989   2.29999
8.82949 236.472 189.178       0       0       0
-2.04272e-05            1 -4.20239e-05
5
      0.4 -0.699999       1.1
-8.10285  217.936  124.825  9.63647  14.1104        0
-6.85459e-06            1 -1.87318e-05
0
0.499997 0.700001      2.5
 10.9249 -246.561  197.249        0        0        0
-1.16726e-05           -1  -8.4043e-05
3
1
 0.499978 -0.699988   2.29998
0.0114943   426.761   341.409         0         0         0
-2.04272e-05            1 -4.20239e-05
5
      0.4 -0.699999       1.1
-0.00518013   0.0090442  0.00518013 -0.00327095     58.1742           0
-6.85459e-06            1 -1.87318e-05
0
0.499997 0.700002      2.5
-0.00628075     -426.77     288.883           0           0           0
-1.16726e-05           -1  -8.4043e-05
4
1
 0.499978 -0.699988   2.29998
 12.443 243.779 195.023       0       0       0
-2.04272e-05            1 -4.20239e-05
5
      0.4 -0.699999       1.1
-12.8805  210.957  120.827 -6.19743  21.1033        0
-6.85459e-06            1 -1.87318e-05
0
0.499997 0.700002      2.5
  14.991 -237.605  190.084        0        0        0
-1.16726e-05           -1  -8.4043e-05
4
0.4 0.7 1.1
-14.5535 -217.131  124.363 -6.19743  21.1033        0
-6.85459e-06           -1 -1.87318e-05
3
5
      0.4 -0.699999       1.1
 4.79995  536.899  307.512 -42.9528  14.7706        0
-6.85459e-06            1 -1.87318e-05
0
0.499989 0.700002  2.49999
7.92956 -67.208 53.7664       0       0       0
-1.16726e-05           -1  -8.4043e-05
4
0.4 0.7 1.1
-12.7296 -469.691  269.019 -37.5751  14.7529        0
-6.85459e-06           -1 -1.87318e-05
4
0
0.499994 0.699989  2.50002
 19.3404 -240.819  192.655        0        0        0
-1.16726e-05           -1  -8.4043e-05
1
0.499998     -0.7      2.5
19.3544 240.611 192.489       0       0       0
-1.16726e-05            1  -8.4043e-05
4
0.400001      0.7      1.1
-19.3547 -213.908  122.517 0.198043   27.639        0
-6.85459e-06           -1 -1.87318e-05
5
0.399999     -0.7      1.1
-19.3402  214.116  122.636 0.198043   27.639        0
-6.85459e-06            1 -1.87318e-05
