4
0
0.499994 0.699989  1.70002
 19.3404 -240.819  192.655        0        0        0
-2.08602e-05           -1 -7.81734e-05
1
0.499998     -0.7      1.7
19.3544 240.611 192.489       0       0       0
-2.08602e-05            1 -7.81734e-05
4
0.400001      0.7 0.300003
-19.3547 -213.908  122.517 0.198041   27.639        0
-6.85448e-06           -1 -4.68276e-06
5
0.399999     -0.7 0.300003
-19.3402  214.116  122.636 0.198041   27.639        0
-6.85448e-06            1 -4.68276e-06
3
0
0.499989 0.699989  1.70002
0.00609094   -398.926     319.14          0          0          0
-2.08602e-05           -1 -7.81734e-05
1
 0.500009 -0.699996   1.70001
-0.00566427     398.926     311.156           0           0           0
-2.08602e-05            1 -7.81734e-05
4
0.400001      0.7 0.300003
-0.000425469 -0.000742844  0.000425469   0.00045887      129.944            0
-6.85448e-06           -1 -4.68276e-06
4
0
0.499977 0.700003  1.70001
 17.5659 -256.658  205.326        0        0        0
-2.08602e-05           -1 -7.81734e-05
1
  0.50001 -0.699996   1.70001
17.0768 226.121 180.896       0       0       0
-2.08602e-05            1 -7.81734e-05
4
0.400001      0.7 0.300003
-19.7416 -197.801  113.292  15.8238  26.6481        0
-6.85448e-06           -1 -4.68276e-06
5
 0.4 -0.7  0.5
-14.9012  228.339  130.783   18.267   26.648        0
-7.00358e-06            1 -1.16726e-05
3
1
  0.50001 -0.699996   1.70001
1.95399e-14 2.84217e-14           0           0           0           0
-2.08602e-05            1 -7.81734e-05
4
0.400001      0.7 0.300003
-0.000224711     -626.428      358.791      50.1138      30.1056            0
-6.85448e-06           -1 -4.68276e-06
5
 0.4 -0.7  0.5
0.000144279     626.428     271.507     50.1143     30.0938           0
-7.00358e-06            1 -1.16726e-05
4
1
  0.50001 -0.699996   1.70001
8.36228 240.619 192.495       0       0       0
-2.08602e-05            1 -7.81734e-05
4
0.400001      0.7 0.300003
-11.1404  -213.19  122.106 0.762255  13.8909        0
-6.85448e-06           -1 -4.68276e-06
5
 0.4 -0.7  0.5
-8.30691  213.988  122.563 0.762255  13.8909        0
-7.00358e-06            1 -1.16726e-05
0
0.5 0.7 1.9
  11.085 -241.417  193.134        0        0        0
-1.52125e-05           -1 -7.30142e-05
3
1
 0.500009 -0.699989   1.70001
0.0198657   452.062   361.649         0         0         0
-2.08602e-05            1 -7.81734e-05
5
 0.400007 -0.700001  0.500004
 -0.0143713   0.0250915   0.0143713 -0.00571376     97.5162           0
-7.00358e-06            1 -1.16726e-05
0
0.500021 0.699981      1.9
-0.00524098    -452.087     268.634           0           0           0
-1.52125e-05           -1 -7.30142e-05
4
1
0.500004 -0.69999      1.7
17.7789 245.904 196.723       0       0       0
-2.08602e-05            1 -7.81734e-05
5
 0.400007 -0.700001  0.500004
-18.5634  208.947  119.675 -11.0807  30.2854        0
-7.00358e-06            1 -1.16726e-05
0
 0.50002 0.699982      1.9
 21.5921 -234.902  187.921        0        0        0
-1.52125e-05           -1 -7.30142e-05
4
0.4 0.7 0.5
-20.8076 -219.949  125.977 -11.0807  30.2854        0
-7.00358e-06           -1 -1.16726e-05
3
5
 0.400007 -0.700001  0.500004
 4.18361  538.607   308.49 -43.0901  27.2889        0
-7.00358e-06            1 -1.16726e-05
0
0.500019 0.699982      1.9
 16.9988 -58.5994  46.8795        0        0        0
-1.52125e-05           -1 -7.30142e-05
4
0.4 0.7 0.5
-21.1825 -480.007  274.927 -38.4006  27.2721        0
-7.00358e-06           -1 -1.16726e-05
4
5
 0.400007 -0.700001  0.500004
-11.6914  217.337  124.481  6.88557   17.071        0
-7.00358e-06            1 -1.16726e-05
0
0.500018 0.699981      1.9
 11.6914 -244.519  195.615        0        0        0
-1.52125e-05           -1 -7.30142e-05
4
0.4 0.7 0.5
-12.2079 -210.129  120.352  6.88557   17.071        0
-7.00358e-06           -1 -1.16726e-05
1
 0.500002 -0.700001       1.9
12.2079  237.31 189.848       0       0       0
-1.52125e-05            1 -7.30142e-05
3
5
  0.40001 -0.699999  0.500003
 -1.08181   1.88877   1.08181 -0.157105   133.099         0
-7.00358e-06            1 -1.16726e-05
0
0.499992 0.699983  1.90001
-0.136251  -394.204   315.363         0         0         0
-1.52125e-05           -1 -7.30142e-05
1
 0.499988 -0.699996   1.89997
1.21782 392.315 313.852       0       0       0
-1.52125e-05            1 -7.30142e-05
4
5
 0.400011 -0.699999  0.500003
-22.6865  204.041  116.866 -16.3251   31.464        0
-7.00358e-06            1 -1.16726e-05
0
0.499991 0.699982  1.90001
 19.5408 -231.949  185.559        0        0        0
-1.52125e-05           -1 -7.30142e-05
1
 0.499985 -0.699996   1.89997
21.3618 250.486 200.389       0       0       0
-1.52125e-05            1 -7.30142e-05
4
0.4 0.7 0.7
-18.2161 -222.579  127.483 -17.8063  31.4639        0
 -7.0034e-06           -1 -2.33451e-05
3
0
0.500042 0.699953  1.90003
 17.3097 -370.863   296.69        0        0        0
-1.52125e-05           -1 -7.30142e-05
1
 0.499986 -0.699995   1.89997
-1.90604  397.755  318.204        0        0        0
-1.52125e-05            1 -7.30142e-05
4
0.4 0.7 0.7
-15.4031 -26.8929  15.4031  2.15138  59.5142        0
 -7.0034e-06           -1 -2.33451e-05
4
0
0.500042 0.699953  1.90003
 15.0451 -242.858  194.286        0        0        0
-1.52125e-05           -1 -7.30142e-05
1
0.499978     -0.7  1.89994
15.3546 238.659 190.927       0       0       0
-1.52125e-05            1 -7.30142e-05
4
0.4 0.7 0.7
-15.3557 -211.852  121.339  4.60199  25.3335        0
 -7.0034e-06           -1 -2.33451e-05
5
 0.4 -0.7  0.7
-15.0441  216.051  123.744  4.60199  25.3335        0
 -7.0034e-06            1 -2.33451e-05
3
1
 0.499974 -0.700002   1.89993
14.1499 42.8002 34.2401       0       0       0
-1.52125e-05            1 -7.30142e-05
4
0.4 0.7 0.7
 3.05643 -541.741  310.286  43.3385  26.1181        0
 -7.0034e-06           -1 -2.33451e-05
5
 0.4 -0.7  0.7
-17.2063  498.941  285.772  39.9145  26.1265        0
 -7.0034e-06            1 -2.33451e-05
4
1
 0.499945 -0.700019   1.89992
10.0116 243.935 195.148       0       0       0
-1.52125e-05            1 -7.30142e-05
4
0.4 0.7 0.7
-11.7186 -217.115  124.354 -6.38929  17.0599        0
 -7.0034e-06           -1 -2.33451e-05
5
 0.4 -0.7  0.7
-10.4589  210.772  120.721 -6.38929  17.0599        0
 -7.0034e-06            1 -2.33451e-05
0
0.499979 0.699991  2.10001
 12.1655 -237.593  190.074        0        0        0
-2.08616e-05           -1 -1.30297e-05
3
4
0.4 0.7 0.7
-16.5563 -495.765  283.952 -39.6615  21.3442        0
 -7.0034e-06           -1 -2.33451e-05
5
 0.4 -0.7  0.7
 3.24559  541.215  309.984 -43.2967  21.3372        0
 -7.0034e-06            1 -2.33451e-05
0
0.499978 0.699991  2.10002
 13.3106 -45.4504  36.3603        0        0        0
-2.08616e-05           -1 -1.30297e-05
4
4
0.4 0.7 0.7
-14.5377 -216.429  123.961 -4.94982   21.034        0
 -7.0034e-06           -1 -2.33451e-05
5
 0.4 -0.7  0.7
-14.9099  211.246  120.993 -4.94982   21.034        0
 -7.0034e-06            1 -2.33451e-05
0
0.49998 0.69999 2.10001
 14.9102 -238.249  190.599        0        0        0
-2.08616e-05           -1 -1.30297e-05
1
 0.499993 -0.700015   2.09999
14.5374 243.431 194.745       0       0       0
-2.08616e-05            1 -1.30297e-05
3
4
0.4 0.7 0.7
-6.96198 -12.1552  6.96198 0.970257  97.3404        0
 -7.0034e-06           -1 -2.33451e-05
0
0.499983 0.699989  2.10001
 7.83075 -383.507  306.806        0        0        0
-2.08616e-05           -1 -1.30297e-05
1
 0.499985 -0.700029   2.09997
-0.868767   395.662    316.53         0         0         0
-2.08616e-05            1 -1.30297e-05
4
4
0.4 0.7 0.7
-24.3761 -205.019  117.426  16.4008  33.9677        0
 -7.0034e-06           -1 -2.33451e-05
0
0.499977 0.699991  2.10002
 23.1791 -249.536  199.629        0        0        0
-2.08616e-05           -1 -1.30297e-05
1
  0.49998 -0.700032   2.09997
20.9786 232.761 186.208       0       0       0
-2.08616e-05            1 -1.30297e-05
5
 0.4 -0.7  0.9
-19.7816  221.794  127.034    16.97  33.9677        0
-1.02818e-05            1 -6.24357e-06
3
4
     0.4 0.699994 0.700001
0.00879399   -550.206    315.134    44.0159    17.0207          0
 -7.0034e-06           -1 -2.33451e-05
1
 0.499965 -0.700047   2.09995
0.100849 0.126061 0.100849        0        0        0
-2.08616e-05            1 -1.30297e-05
5
0.399999 -0.69999 0.899996
-0.109687    550.08   315.062   44.0067   17.0401         0
-1.02818e-05            1 -6.24357e-06
4
4
     0.4 0.699994 0.700001
-13.3119 -205.901  117.931  12.9517  16.0305        0
 -7.0034e-06           -1 -2.33451e-05
1
 0.499962 -0.700047   2.09995
10.1056 234.888 187.911       0       0       0
-2.08616e-05            1 -1.30297e-05
5
0.399999 -0.69999 0.899997
-9.13031   219.46  125.697  12.9517  16.0305        0
-1.02818e-05            1 -6.24357e-06
0
0.500003 0.700024  2.29999
 12.3366 -248.448  198.758        0        0        0
-2.04272e-05           -1 -4.20239e-05
3
1
 0.500004 -0.700032   2.09995
-0.000698616      425.672      340.538            0            0            0
-2.08616e-05            1 -1.30297e-05
5
  0.40001 -0.699967  0.899999
-0.00349117  0.00609538  0.00349117 -0.00468238     100.768           0
-1.02818e-05            1 -6.24357e-06
0
0.499988 0.700022  2.29998
0.00418235   -425.678    289.756          0          0          0
-2.04272e-05           -1 -4.20239e-05
4
1
 0.500004 -0.700032   2.09995
12.8476 251.654 201.323       0       0       0
-2.08616e-05            1 -1.30297e-05
5
 0.400011 -0.699967  0.899999
-14.5062  203.325  116.456  -16.267   22.796        0
-1.02818e-05            1 -6.24357e-06
0
0.499983 0.700021  2.29999
16.7862 -228.51 182.808       0       0       0
-2.04272e-05           -1 -4.20239e-05
4
0.4 0.7 0.9
-15.1277 -226.469  129.711 -18.1175  22.7957        0
-1.02818e-05           -1 -6.24357e-06
3
5
 0.400011 -0.699967  0.899999
 5.15542    535.9   306.94 -42.8726  19.6416        0
-1.02818e-05            1 -6.24357e-06
0
0.499977 0.700018      2.3
 11.1588 -72.2455  57.7964        0        0        0
-2.04272e-05           -1 -4.20239e-05
4
0.4 0.7 0.9
-16.3143 -463.654  265.561 -37.0923  19.6231        0
-1.02818e-05           -1 -6.24357e-06
4
5
 0.400011 -0.699967  0.899999
-18.6664  214.522  122.869  1.02139   26.713        0
-1.02818e-05            1 -6.24357e-06
0
0.499944 0.700039  2.29999
 18.6661 -241.268  193.014        0        0        0
-2.04272e-05           -1 -4.20239e-05
4
0.4 0.7 0.9
-18.7318 -213.452  122.256  1.02139   26.713        0
-1.02818e-05           -1 -6.24357e-06
1
0.499999     -0.7      2.3
18.7319 240.198 192.158       0       0       0
-2.04272e-05            1 -4.20239e-05
3
5
 0.400011 -0.699967  0.899999
-7.72622  13.4895  7.72622 -1.08339  96.6867        0
-1.02818e-05            1 -6.24357e-06
0
0.499947 0.700036  2.29999
-0.949892  -395.852   316.681         0         0         0
-2.04272e-05           -1 -4.20239e-05
1
 0.499994 -0.700006   2.29999
8.67612 382.362  305.89       0       0       0
-2.04272e-05            1 -4.20239e-05
4
5
 0.400011 -0.699967  0.899999
-14.8805  209.706   120.11 -7.60691  20.8656        0
-1.02818e-05            1 -6.24357e-06
0
0.499947 0.700036  2.29999
 12.7938 -237.318  189.854        0        0        0
-2.04272e-05           -1 -4.20239e-05
1
 0.499995 -0.700006   2.29999
14.3313 244.871 195.897       0       0       0
-2.04272e-05            1 -4.20239e-05
4
0.4 0.7 1.1
-12.2447 -217.259  124.436 -7.60691  20.8656        0
-6.85459e-06           -1 -1.87318e-05
3
5
 0.400011 -0.699967  0.899999
-0.00453118     606.212     347.212    -48.4979     27.0342           0
-1.02818e-05            1 -6.24357e-06
0
0.499948 0.700034  2.29999
 2.30926e-14 -5.68434e-14  7.81597e-14            0            0            0
-2.04272e-05           -1 -4.20239e-05
4
0.4 0.7 1.1
0.00437897   -606.212    283.085    -48.497    26.9643          0
-6.85459e-06           -1 -1.87318e-05
4
5
 0.400022 -0.699962  0.900012
-18.2317  206.946  118.529 -11.4898  22.2489        0
-1.02818e-05            1 -6.24357e-06
0
0.499951 0.700021      2.3
 13.7821 -235.454  188.363        0        0        0
-2.04272e-05           -1 -4.20239e-05
4
0.400021 0.700009  1.10002
-12.9162 -218.975  125.419 -11.4898  22.2489        0
-6.85459e-06           -1 -1.87318e-05
1
 0.499987 -0.700016   2.49999
 17.366 247.482 197.986       0       0       0
-1.16726e-05            1  -8.4043e-05
3
0
0.499961 0.700013  2.30001
0.0659562  -457.182   365.746         0         0         0
-2.04272e-05           -1 -4.20239e-05
4
0.400021 0.700009  1.10002
-0.0507704 -0.0886422  0.0507704 0.00870005    137.948          0
-6.85459e-06           -1 -1.87318e-05
1
 0.499987 -0.700016   2.49999
-0.0151253     457.27    264.501          0          0          0
-1.16726e-05            1  -8.4043e-05
4
0
0.499958 0.700011  2.30001
 9.79427 -250.678  200.543        0        0        0
-2.04272e-05           -1 -4.20239e-05
4
0.400022 0.700009  1.10002
-11.2758 -204.213  116.964  16.3368  17.5586        0
-6.85459e-06           -1 -1.87318e-05
1
 0.499979 -0.700004   2.50001
13.0318 229.924 183.939       0       0       0
-1.16726e-05            1  -8.4043e-05
5
 0.4 -0.7  1.1
-11.5503  224.968  128.852  17.9974  17.5585        0
-6.85459e-06            1 -1.87318e-05
3
4
0.400022 0.700009  1.10002
 3.53741 -540.382  309.507  43.2295  24.2086        0
-6.85459e-06           -1 -1.87318e-05
1
 0.499979 -0.700003   2.50001
15.1745  49.651 39.7208       0       0       0
-1.16726e-05            1  -8.4043e-05
5
 0.4 -0.7  1.1
-18.712 490.731 281.069 39.2584 24.2033       0
-6.85459e-06            1 -1.87318e-05
4
0
0.499994 0.699989  2.50002
 19.3404 -240.819  192.655        0        0        0
-1.16726e-05           -1  -8.4043e-05
1
0.499998     -0.7      2.5
19.3544 240.611 192.489       0       0       0
-1.16726e-05            1  -8.4043e-05
4
0.400001      0.7      1.1
-19.3547 -213.908  122.517 0.198017   27.639        0
-6.85459e-06           -1 -1.87318e-05
5
0.399999     -0.7      1.1
-19.3402  214.116  122.636 0.198017   27.639        0
-6.85459e-06            1 -1.87318e-05
