4
0
0.499994 0.699989  1.70002
 19.3404 -240.819  192.655        0        0        0
-2.08602e-05           -1 -7.81734e-05
1
0.499998     -0.7      1.7
19.3544 240.611 192.489       0       0       0
-2.08602e-05            1 -7.81734e-05
4
0.400001      0.7 0.300003
-19.3547 -213.908  122.517 0.198041   27.639        0
-6.85448e-06           -1 -4.68276e-06
5
0.399999     -0.7 0.300003
-19.3402  214.116  122.636 0.198041   27.639        0
-6.85448e-06            1 -4.68276e-06
3
0
0.499987 0.699983  1.70003
0.0047082   -399.58   319.664         0         0         0
-2.08602e-05           -1 -7.81734e-05
1
 0.499999 -0.699999       1.7
-0.00359756     399.582     310.632           0           0           0
-2.08602e-05            1 -7.81734e-05
4
0.400001      0.7 0.300003
-0.00115828 -0.00202229  0.00115828 0.000641991     131.053           0
-6.85448e-06           -1 -4.68276e-06
4
0
0.499972 0.699995  1.70002
 17.2475 -256.959  205.567        0        0        0
-2.08602e-05           -1 -7.81734e-05
1
  0.50002 -0.699996   1.70001
16.8398 225.843 180.674       0       0       0
-2.08602e-05            1 -7.81734e-05
4
0.400001      0.7 0.300003
 -19.462 -197.495  113.117  15.7997  26.2208        0
-6.85448e-06           -1 -4.68276e-06
5
 0.4 -0.7  0.5
-14.6253  228.612  130.939  18.2889  26.2207        0
-7.00358e-06            1 -1.16726e-05
3
1
 0.500021 -0.699996   1.70001
3.68594e-14 1.33227e-14 1.86517e-14           0           0           0
-2.08602e-05            1 -7.81734e-05
4
0.400001      0.7 0.300003
-0.000339426     -626.428      358.791      50.1142      30.0992            0
-6.85448e-06           -1 -4.68276e-06
5
 0.4 -0.7  0.5
0.00024973    626.428    271.506    50.1143    30.0934          0
-7.00358e-06            1 -1.16726e-05
4
1
  0.50002 -0.699996   1.70001
8.95514 240.378 192.303       0       0       0
-2.08602e-05            1 -7.81734e-05
4
0.400001      0.7 0.300003
-11.9253 -212.928  121.956  1.23888  14.8514        0
-6.85448e-06           -1 -4.68276e-06
5
 0.4 -0.7  0.5
-8.86665  214.225  122.699  1.23888  14.8514        0
-7.00358e-06            1 -1.16726e-05
0
0.499995 0.700004      1.9
 11.8368 -241.676   193.34        0        0        0
-1.52125e-05           -1 -7.30142e-05
3
1
  0.50002 -0.699997       1.7
-0.00597449     468.726      374.98           0           0           0
-2.08602e-05            1 -7.81734e-05
5
 0.4 -0.7  0.5
-0.00377463  0.00659028  0.00377463 -0.00108615     83.8464           0
-7.00358e-06            1 -1.16726e-05
0
0.499989 0.700011  1.89999
0.00973081   -468.732    255.313          0          0          0
-1.52125e-05           -1 -7.30142e-05
4
1
 0.500013 -0.699998   1.69999
17.7606 245.937  196.75       0       0       0
-2.08602e-05            1 -7.81734e-05
5
 0.4 -0.7  0.5
-18.5554  208.914  119.657 -11.1511  30.2636        0
-7.00358e-06            1 -1.16726e-05
0
0.499989 0.700011  1.89999
 21.5818 -234.866  187.893        0        0        0
-1.52125e-05           -1 -7.30142e-05
4
0.4 0.7 0.5
 -20.787 -219.985  125.998 -11.1511  30.2636        0
-7.00358e-06           -1 -1.16726e-05
3
5
 0.4 -0.7  0.5
4.18493 538.608 308.491 -43.089 27.2822       0
-7.00358e-06            1 -1.16726e-05
0
0.499988 0.700012  1.89999
 17.0028 -58.5941  46.8753        0        0        0
-1.52125e-05           -1 -7.30142e-05
4
0.4 0.7 0.5
-21.1877 -480.014  274.931 -38.4011  27.2793        0
-7.00358e-06           -1 -1.16726e-05
4
5
 0.4 -0.7  0.5
-18.7686  214.907   123.09  1.74707  26.9037        0
-7.00358e-06            1 -1.16726e-05
0
0.499987 0.699991  1.90002
 18.7688 -241.644  193.315        0        0        0
-1.52125e-05           -1 -7.30142e-05
4
0.4 0.7 0.5
-18.8969 -213.078  122.042  1.74707  26.9037        0
-7.00358e-06           -1 -1.16726e-05
1
 0.500001 -0.699999       1.9
18.8966 239.814 191.851       0       0       0
-1.52125e-05            1 -7.30142e-05
3
5
 0.4 -0.7  0.5
-0.00356343  0.00622155  0.00356343 -0.00171261     95.4834           0
-7.00358e-06            1 -1.16726e-05
0
0.499986 0.699991  1.90002
0.00403442   -418.527    295.477          0          0          0
-1.52125e-05           -1 -7.30142e-05
1
 0.500001 -0.699999       1.9
-0.000458998      418.521      334.817            0            0            0
-1.52125e-05            1 -7.30142e-05
4
5
 0.4 -0.7  0.5
-11.4438  198.069  113.445 -15.8458  14.8521        0
-7.00358e-06            1 -1.16726e-05
0
0.500036 0.699964  1.90003
 9.95907 -226.903  181.523        0        0        0
-1.52125e-05           -1 -7.30142e-05
1
 0.500002 -0.699999       1.9
9.34892 256.305 205.044       0       0       0
-1.52125e-05            1 -7.30142e-05
4
0.4 0.7 0.7
-7.86371 -227.471  130.286 -18.1977  14.8519        0
 -7.0034e-06           -1 -2.33451e-05
3
5
 0.4 -0.7  0.5
1.63118e-05     557.726     319.441    -44.6183     5.68684           0
-7.00358e-06            1 -1.16726e-05
0
0.500035 0.699964  1.90003
1.13243e-14 3.55271e-15 1.42109e-14           0           0           0
-1.52125e-05           -1 -7.30142e-05
4
0.4 0.7 0.7
-6.00952e-05     -557.726      310.856     -44.6181      5.66795            0
 -7.0034e-06           -1 -2.33451e-05
4
5
 0.4 -0.7  0.5
-17.3173  208.019  119.144  -9.6628   21.197        0
-7.00358e-06            1 -1.16726e-05
0
0.500021 0.699968  1.90002
 13.0781 -236.326   189.06        0        0        0
-1.52125e-05           -1 -7.30142e-05
4
0.4 0.7 0.7
-12.3588 -218.136  124.939  -9.6628   21.197        0
 -7.0034e-06           -1 -2.33451e-05
1
 0.5 -0.7  2.1
16.5979 246.443 197.154       0       0       0
-2.08616e-05            1 -1.30297e-05
3
0
0.500013 0.699967  1.90003
-0.00424848    -481.046     384.837           0           0           0
-1.52125e-05           -1 -7.30142e-05
4
0.4 0.7 0.7
-0.000462084 -0.000806771  0.000462084  0.000162262       82.738            0
 -7.0034e-06           -1 -2.33451e-05
1
 0.5 -0.7  2.1
0.00469573    481.046     245.46          0          0          0
-2.08616e-05            1 -1.30297e-05
4
0
0.500018  0.69996  1.90003
 12.1262 -252.292  201.834        0        0        0
-1.52125e-05           -1 -7.30142e-05
4
0.4 0.7 0.7
-13.8809 -202.706  116.101  16.2165  21.6721        0
 -7.0034e-06           -1 -2.33451e-05
1
 0.499998 -0.699997   2.10001
16.0479 227.772 182.218       0       0       0
-2.08616e-05            1 -1.30297e-05
5
 0.4 -0.7  0.7
-14.2932  227.226  130.145  18.1781  21.6721        0
 -7.0034e-06            1 -2.33451e-05
3
4
0.4 0.7 0.7
 5.33203 -535.423  306.667  42.8339  24.2635        0
 -7.0034e-06           -1 -2.33451e-05
1
 0.499996 -0.699998   2.10001
14.3181 74.6462 59.7169       0       0       0
-2.08616e-05            1 -1.30297e-05
5
 0.4 -0.7  0.7
-19.6498  460.777  263.913  36.8622  24.2627        0
 -7.0034e-06            1 -2.33451e-05
4
4
0.4 0.7 0.7
 -13.693 -216.948  124.259 -6.00033  19.8801        0
 -7.0034e-06           -1 -2.33451e-05
1
 0.499983 -0.700006       2.1
13.6927 244.003 195.202       0       0       0
-2.08616e-05            1 -1.30297e-05
5
 0.4 -0.7  0.7
-14.1393  210.666   120.66 -6.00033  19.8801        0
 -7.0034e-06            1 -2.33451e-05
0
0.499996 0.699995  2.10001
 14.1394 -237.721  190.176        0        0        0
-2.08616e-05           -1 -1.30297e-05
3
4
0.4 0.7 0.7
-5.91431e-05  -0.00010326  5.91431e-05  0.000248465      130.514            0
 -7.0034e-06           -1 -2.33451e-05
1
 0.499994 -0.699998   2.10001
0.000969828     413.685     299.349           0           0           0
-2.08616e-05            1 -1.30297e-05
0
0.499997 0.699992  2.10002
-0.000858363     -413.685      330.948            0            0            0
-2.08616e-05           -1 -1.30297e-05
4
4
0.4 0.7 0.7
-7.94695 -212.507  121.715  1.94973  11.2522        0
 -7.0034e-06           -1 -2.33451e-05
1
0.499994     -0.7  2.10001
6.82167 240.107 192.086       0       0       0
-2.08616e-05            1 -1.30297e-05
0
0.499997 0.699992  2.10002
 7.80631 -242.071  193.657        0        0        0
-2.08616e-05           -1 -1.30297e-05
5
 0.4 -0.7  0.9
-6.68102  214.471   122.84  1.94973  11.2522        0
-1.02818e-05            1 -6.24357e-06
3
4
0.4 0.7 0.7
2.86941e-05    -630.687      361.23     50.4551     31.9578           0
 -7.0034e-06           -1 -2.33451e-05
1
 0.499994 -0.699999   2.10001
-5.63438e-15            0  3.70259e-14            0            0            0
-2.08616e-05            1 -1.30297e-05
5
 0.4 -0.7  0.9
-3.54355e-05      630.687      269.067      50.4551       31.952            0
-1.02818e-05            1 -6.24357e-06
4
4
0.4 0.7 0.7
-21.8755 -208.458  119.396  9.18512   26.915        0
 -7.0034e-06           -1 -2.33451e-05
1
 0.499999 -0.699998   2.10002
16.4927 236.441 189.153       0       0       0
-2.08616e-05            1 -1.30297e-05
5
 0.4 -0.7  0.9
-15.8057  218.074  124.904  9.18512   26.915        0
-1.02818e-05            1 -6.24357e-06
0
0.5 0.7 2.3
 21.1885 -246.057  196.846        0        0        0
-2.04272e-05           -1 -4.20239e-05
3
1
 0.499998 -0.699997   2.10002
0.00633156    435.975     348.78          0          0          0
-2.08616e-05            1 -1.30297e-05
5
 0.4 -0.7  0.9
 -0.00503553   0.00879174   0.00503553 -0.000833542      128.354            0
-1.02818e-05            1 -6.24357e-06
0
0.5 0.7 2.3
-0.00128683    -435.983     281.513           0           0           0
-2.04272e-05           -1 -4.20239e-05
4
1
 0.499996 -0.699995   2.10003
16.2945 242.264 193.811       0       0       0
-2.08616e-05            1 -1.30297e-05
5
 0.4 -0.7  0.9
-16.5255  212.491  121.706 -3.16885  27.3494        0
-1.02818e-05            1 -6.24357e-06
0
0.499998      0.7      2.3
   19.26 -239.027  191.222        0        0        0
-2.04272e-05           -1 -4.20239e-05
4
0.4 0.7 0.9
-19.0291 -215.727  123.559 -3.16885  27.3494        0
-1.02818e-05           -1 -6.24357e-06
3
5
 0.400023 -0.699985  0.899991
 5.56944  534.723  306.266 -42.7794   18.736        0
-1.02818e-05            1 -6.24357e-06
0
0.499958 0.700012  2.29999
10.3184 -78.174 62.5392       0       0       0
-2.04272e-05           -1 -4.20239e-05
4
0.399988  0.69999 0.899999
-15.8883 -456.549  261.491 -36.5251  18.7384        0
-1.02818e-05           -1 -6.24357e-06
4
5
 0.400033 -0.699992  0.900002
-16.4161  217.229  124.419  6.34021  23.7832        0
-1.02818e-05            1 -6.24357e-06
0
0.499941 0.700027  2.29997
 16.4156 -244.107  195.286        0        0        0
-2.04272e-05           -1 -4.20239e-05
4
0.400012 0.699974 0.899993
-16.8803  -210.59  120.617  6.34021  23.7832        0
-1.02818e-05           -1 -6.24357e-06
1
  0.49998 -0.699992   2.30001
16.8806 237.469 189.975       0       0       0
-2.04272e-05            1 -4.20239e-05
3
0
0.499942 0.700027  2.29997
0.0640198  -413.424   330.739         0         0         0
-2.04272e-05           -1 -4.20239e-05
4
0.400012 0.699974 0.899993
-0.0421352 -0.0735656  0.0421352 0.00264873    105.565          0
-1.02818e-05           -1 -6.24357e-06
1
 0.499998 -0.699995   2.29999
-0.0217385    413.497    299.516          0          0          0
-2.04272e-05            1 -4.20239e-05
4
0
0.499939 0.700026  2.29997
 12.4783 -261.838   209.47        0        0        0
-2.04272e-05           -1 -4.20239e-05
4
0.400012 0.699974 0.899993
-15.3635 -192.544  110.281  15.4034  19.8867        0
-1.02818e-05           -1 -6.24357e-06
1
 0.499994 -0.699992       2.3
 13.375 221.331 177.065       0       0       0
-2.04272e-05            1 -4.20239e-05
5
 0.4 -0.7  1.1
-10.4899  233.051  133.482  18.6441  19.8875        0
-6.85459e-06            1 -1.87318e-05
3
4
0.400012 0.699974 0.899993
-0.00499269    -602.904     345.317     48.2335     14.1302           0
-1.02818e-05           -1 -6.24357e-06
1
 0.499985 -0.700001   2.29999
 2.19824e-14   2.4869e-14 -3.10862e-15            0            0            0
-2.04272e-05            1 -4.20239e-05
5
 0.4 -0.7  1.1
0.00494856    602.904     284.98    48.2324    14.1782          0
-6.85459e-06            1 -1.87318e-05
4
4
0.400012 0.699974 0.899993
-8.04395  -214.79  123.022 -2.05663  10.1483        0
-1.02818e-05           -1 -6.24357e-06
1
 0.499987 -0.700001   2.29999
6.01418 242.006 193.605       0       0       0
-2.04272e-05            1 -4.20239e-05
5
 0.4 -0.7  1.1
-6.16366  212.636  121.789 -2.05663  10.1483        0
-6.85459e-06            1 -1.87318e-05
0
0.500001 0.699998      2.5
 8.19346 -239.852  191.882        0        0        0
-1.16726e-05           -1  -8.4043e-05
3
1
 0.499987 -0.700001   2.29999
0.0038872    481.83   385.464         0         0         0
-2.04272e-05            1 -4.20239e-05
5
 0.4 -0.7  1.1
-0.000397138   0.00069338  0.000397138 -0.000273778       64.995            0
-6.85459e-06            1 -1.87318e-05
0
0.499997 0.699999      2.5
-0.00350113     -481.83     244.833           0           0           0
-1.16726e-05           -1  -8.4043e-05
4
1
 0.499984 -0.699998       2.3
11.6959 243.488 194.791       0       0       0
-2.04272e-05            1 -4.20239e-05
5
0.399999     -0.7      1.1
-12.0859  211.232  120.984 -5.52871  19.8182        0
-6.85459e-06            1 -1.87318e-05
0
0.500004 0.700003  2.49999
 14.0676 -237.976  190.381        0        0        0
-1.16726e-05           -1  -8.4043e-05
4
0.4 0.7 1.1
-13.6776 -216.744  124.142 -5.52871  19.8182        0
-6.85459e-06           -1 -1.87318e-05
3
5
0.399999     -0.7      1.1
 5.15601  535.914  306.948 -42.8731  18.6727        0
-6.85459e-06            1 -1.87318e-05
0
0.500009 0.700003  2.49999
 10.4925 -72.1724  57.7379        0        0        0
-1.16726e-05           -1  -8.4043e-05
4
0.4 0.7 1.1
-15.6486 -463.742  265.611 -37.0993  18.6724        0
-6.85459e-06           -1 -1.87318e-05
4
0
0.499994 0.699989  2.50002
 19.3404 -240.819  192.655        0        0        0
-1.16726e-05           -1  -8.4043e-05
1
0.499998     -0.7      2.5
19.3544 240.611 192.489       0       0       0
-1.16726e-05            1  -8.4043e-05
4
0.400001      0.7      1.1
-19.3546 -213.908  122.517 0.198025   27.639        0
-6.85459e-06           -1 -1.87318e-05
5
0.399999     -0.7      1.1
-19.3402  214.116  122.636 0.198025   27.639        0
-6.85459e-06            1 -1.87318e-05
