   0.345159  -0.0659159    0.727154     2.77275     1.69407    -2.83265   0.0208293    -1.77879  -0.0364217     0.99962   -0.668932   0.0467975 -0.00478575    -1.70346  -0.0622767    0.890602   -0.634987   0.0427115  -0.0236055   0.0327607   -0.707632    0.659625   0.0465484   -0.996233    0.676377    0.443535   -0.279072    -0.69928   -0.614039   -0.100137   -0.940449   -0.642097     0.31942    0.179788
   0.301162   -0.263467    0.716969     2.89639     1.66286    -2.64473 -0.00312717    -1.68838  -0.0478943    0.653222   -0.454862   -0.259075   0.0204326    -1.90211  -0.0256172     1.07716   -0.665029   -0.261799   -0.424677   -0.271005    -1.04864    0.828996   0.0118767   -0.742727    0.695682    0.785062   -0.667481    -1.30529   -0.341727   -0.313964   0.0681765    -1.05323   -0.254731    0.650282
  0.377676 -0.0575359   0.718575    2.76033    1.71799   -2.82191  0.0130307   -1.72117  -0.034651    1.02259  -0.732618  0.0530808 0.00538031   -1.63933 -0.0416798   0.904941  -0.696779  0.0554403  -0.195194  -0.081326  -0.990088   0.571476  0.0151639   -1.10899  -0.338998   0.897161   0.381849  -0.874662  -0.334272  -0.354967  -0.503579  -0.549906 -0.0159252   0.305236
  0.377735 -0.0578232   0.718712    2.76055    1.71795   -2.82164   0.013045   -1.72046 -0.0346535    1.02128  -0.732079  0.0526158 0.00526915    -1.6389 -0.0418129   0.904196  -0.696517  0.0549599  -0.195192 -0.0813812   -0.99044   0.571596  0.0152902   -1.10781  -0.338526   0.896068   0.381542  -0.875447  -0.334324  -0.355015  -0.501928  -0.550867 -0.0169236   0.306436
   0.461021   -0.123676    0.720276      2.7948     1.71567    -2.83007    0.297611     -1.4567    0.250567    0.761264   -0.733908  0.00368481   0.0452842    -1.80021 0.000631452     1.00158   -0.634315   0.0323323   -0.173764   0.0193693   -0.836308    0.477059    0.203965    -1.11475   -0.268435     0.66767    0.223023   -0.799334   -0.244431   -0.421674   -0.448409   -0.715245   -0.232847    0.546427
   0.460977   -0.123779    0.720305     2.79487      1.7157    -2.82998     0.29758    -1.45663    0.250513    0.761031   -0.733724  0.00351287   0.0452933    -1.80026 0.000617751     1.00161   -0.634263   0.0321694    -0.17366   0.0193389   -0.836526    0.477246    0.203986    -1.11423   -0.268038    0.667359    0.222828   -0.799668   -0.244473   -0.421686   -0.447919   -0.715533   -0.233067    0.546851
  0.590684  0.0188997   0.698954    2.76041    1.68412    -2.8161   0.179969   -1.60823   0.144269   0.923593  -0.779197  0.0591452  -0.528825   -1.39111  -0.562185   0.620326  -0.664975   0.149695   0.471468   0.101938  -0.673549   0.189865   0.501711  -0.717656   0.688213 -0.0671226  -0.384277  -0.493428  -0.112365  -0.763712   -1.07216  0.0181127  0.0708833   0.654092
   0.52224   0.107514     0.6822    2.63193    1.80265   -2.81764  0.0344708   -1.81056 -0.0441418    1.31758  -0.858439   0.166693  -0.631699    -1.4416  -0.692401   0.771408   -0.65073   0.261799   0.280471   0.158395   -1.14613   0.221194   0.314515   0.011455    1.07968  -0.390046   -0.89072  -0.382877  -0.547084  -0.282223  -0.718489   -0.53338 -0.0249422    0.30473
  0.644741 -0.0541852   0.698749    2.82063      1.794   -2.81712   0.275275   -1.38494   0.198541   0.846614  -0.817377 -0.0484556    -0.2612   -1.29562  -0.326149   0.748351  -0.797495   0.077988  0.0824342 -0.0212395  -0.667004   0.295142   0.405405  -0.469427    0.71942  -0.212253  -0.661487  -0.631924   -0.33926  -0.405479  -0.514288   -0.58423  -0.151974   0.524752
  0.553782  -0.227642    0.71003    2.84389    1.71213   -2.69823   0.479711   -1.29395    0.41864   0.328677  -0.454285  -0.261799  -0.118607   -1.65236  -0.182052   0.969004  -0.761184  -0.164419   0.103567 -0.0518527  -0.599852    0.81365  -0.136593  -0.704847   0.894252 0.00473712 -0.0598195  -0.768545    -0.3837   0.173454  -0.900372   0.827939    0.67173   -1.22714
  0.611283 -0.0904014   0.711656    2.82312    1.76905   -2.78876   0.363559   -1.41521   0.289234   0.767037   -0.73018 -0.0858193   -0.28222   -1.40103  -0.345343   0.796117  -0.769832  0.0173977 -0.0470807 -0.0296731  -0.777102   0.500172   0.324557  -0.980424 -0.0864547   0.515871   0.124822  -0.696023  -0.347266  -0.403746  -0.479254  -0.635181  -0.154223    0.47184
 0.547551 0.0862137  0.710251   2.74336   1.74612  -2.88694 0.0955542  -1.68345 0.0522974   1.05694 -0.774817  0.145759 -0.412955  -1.29536 -0.451976   0.42917 -0.507297  0.260599  0.156289 0.0441699 -0.868176  0.451142  0.208414  -1.01798 -0.344343  0.665093  0.589943 -0.691768 -0.687286 -0.109255 -0.675358 -0.621386  0.161315  0.243661
  0.592765   0.023985   0.726436     3.2342    1.68554   -3.20829  -0.185755   -1.37644  -0.177426   0.533735  -0.610566 0.00884931  -0.394678   -1.03784  -0.415245          0  -0.377975   0.182342   0.442016    0.08852  -0.977067   0.294243   0.947498   -0.68393   0.663816   0.310853  -0.771887   -1.00348   -1.09791   0.502519   -1.27118  -0.114168   0.935521  -0.513903
 0.476554 -0.243489  0.686032   3.91172   1.28077  -3.83793   1.36701  -1.42064   1.21343 0.0253351  -0.30165 -0.196862 -0.461628  -1.91986 -0.633632  0.611668 -0.552311 -0.261799 -0.142401  0.108388    -1.661 0.0958774  0.496748  -1.41871 -0.343094   1.19534 -0.625318 -0.599664  -0.95279 -0.654309   -2.1932 -0.184203   1.46769  -0.58921
 0.580435 -0.163109  0.668546    2.0108   1.15689  -2.05479  0.127823  -1.29289    0.5431 0.0394495 -0.469203 -0.136252  -1.44269  -1.74777  -1.04925  0.521324 -0.622973 -0.147435  0.165144  0.274344  -1.16916  0.857027   1.67437 -0.728544  0.496273    1.0937  -1.05473  -1.19342 -0.576448   0.59849  -1.59122  0.469425     1.508 -0.394333
  0.437949  0.0913552   0.696134    2.49212    1.23809   -2.54865   0.545242   -1.91986   0.702685    0.41179  -0.422293   0.261799   -1.65806   -1.43134   -1.50736          0  -0.285927   0.174747   0.164801   0.138623   -1.80943   0.531367   0.724571   -1.57779  -0.165606      1.478  -0.307215   -1.73942   -0.73294   0.133416   -1.53517 0.00152045      1.508   0.180264
 0.594499 -0.207908  0.657292   1.97877   1.27023  -1.92569  0.170578  -1.24618  0.491136 0.0928648 -0.485582  -0.21957  -1.39681  -1.76963  -1.10348  0.745163 -0.759348 -0.245989   0.14443  0.168766  -1.20934  0.846956    1.5862 -0.748923   0.45048   1.09012  -1.08674  -1.47415 -0.483803  0.470814  -1.38157   0.40488     1.508 -0.278941
 0.594467 -0.207917  0.657315   1.97866   1.27031  -1.92556  0.170635  -1.24619  0.491123 0.0928731 -0.485521 -0.219581  -1.39672  -1.76963  -1.10346  0.745193  -0.75931 -0.246003  0.144392  0.168801  -1.20958  0.846968   1.58594 -0.748652   0.45027   1.08984  -1.08666  -1.47417 -0.484069  0.470857  -1.38156  0.404666     1.508 -0.279057
 0.635728 -0.151645  0.644833   1.97032   1.19626  -1.96775 0.0186684  -1.25695  0.401529    0.1483  -0.58158 -0.149727  -1.34257  -1.70039 -0.983214  0.714189 -0.784819 -0.136405  0.193226  0.147167  -1.20797   1.11012   1.56745 -0.680808  0.424979   1.17057 -0.875872  -1.45163 -0.407291    0.5106  -1.41544   0.41753     1.508  -0.20048
   0.50386  0.0926975   0.663939     1.9342    1.04661   -2.08028  0.0647913   -1.91986   0.515388   0.757497  -0.701066   0.261799   -1.65806   -1.41954   -1.23041          0  -0.300031   0.234087   -0.14508   0.207408   -2.01564   0.635081   0.544637   -1.25811  -0.187654    1.45542  -0.208631   -2.05808  -0.767059   0.203314   -1.21984 -0.0362762      1.508   0.278587
  0.743345  0.0326022   0.624719    2.30159    1.63572   -2.22242  -0.198152   -1.24738  -0.259477   0.598857  -0.872665 0.00150642  -0.534637   -1.11212  -0.626557   0.530982  -0.870739   0.182647   0.523599  0.0556681   -1.51689   0.197035    1.62275   -1.62003 0.00548915    1.26948  -0.965698   -1.65383  -0.219224  -0.599133   -1.49627   0.630219    1.32594   0.827362
  0.678383 -0.0210783   0.642395    2.54373    1.43659   -2.43138  -0.254767   -1.27177  -0.180186   0.237096  -0.633333 -0.0637297   -1.08879   -1.39539   -1.02324    0.67788  -0.872665  0.0335079 0.00281557   0.637425    -2.1315   0.212352   0.526091      0.298  0.0132992   0.172684  -0.225906      1.606  -0.626655      -2.55   -1.74701   -1.29749    1.07096  -0.301929
 0.691718 -0.178495  0.684776   2.21683   1.90327   -2.1244  0.495542 -0.908602  0.232848         0 -0.474741 -0.261799 -0.531298  -1.59236 -0.819843   1.05985 -0.872665 -0.133284  0.425128 -0.168309  -1.30288   1.26472 -0.287511 -0.126083   1.65146  0.564393 -0.884434  -1.56356 -0.640886  0.459657 -0.515722 -0.152158  0.725922 -0.335503
     0.58311    0.0615198      0.71079      3.18651      1.49489     -3.24463   -0.0819481     -1.32027   -0.0944728    0.0776649    -0.402644    0.0818722    -0.883078     -1.35511    -0.915286 -4.50486e-17    -0.209384     0.229397     0.182053     0.328269     -2.09561     0.594583    -0.750144   -0.0485217     0.890722     0.523652    0.0360909     -2.61423    -0.959096    -0.214676    -0.119895     0.566338     0.869516     0.511743
  0.689409  -0.127204   0.673391    2.98187    1.66887   -2.89381   0.183056   -1.08733   0.170618   0.223707   -0.60581  -0.168571   -1.39352   -1.57905   -1.41843   0.968992  -0.872665 -0.0973999   0.183945   0.152385   -1.61988   0.852085  -0.229305 -0.0273071    1.34751    0.46215  -0.823723   -2.25941  -0.754262  -0.113282 -0.0184462   0.608657    0.77901 -0.0144728
  0.657173  -0.230434   0.672057    2.89594    1.59015   -2.92431    0.59981   -1.10854    0.64267   0.227534  -0.587441  -0.242297   -1.11644   -1.84502   -1.14004   0.851914  -0.715485   -0.22033  0.0120616   0.218305    -1.9257   0.958799  -0.411117 -0.0373354    1.12323   0.598885  -0.741286   -2.45433   -0.70934   0.206698   0.186121   0.346659   0.683112  -0.161758
    0.72258   -0.164131     0.70667     2.86043     1.51368    -2.91603    0.707773    -1.22147    0.765225    0.123676   -0.437892   -0.184499 -0.00665807    -1.27527  0.00651742 5.55112e-17   -0.351187   0.0533455    0.234744    0.343476    -1.49564    0.940471 -0.00459086  -0.0974812     1.54493    0.513228    -1.05807    -2.44464   -0.556582    0.358227    0.265034    0.474317    0.659294   -0.236999
    0.624115   -0.0138537     0.718846      2.86904      1.40169     -2.85209     0.211254      -1.4973     0.263764  6.77626e-21    -0.233003   -0.0403106    -0.957298     -1.39711    -0.938856 -5.54556e-14    -0.266899     0.120851    -0.235545     0.203256     -2.14124     0.405798    -0.872811    -0.376011      0.41114     0.699772     0.345084     -2.87588     -1.21107   -0.0243824    -0.216095     0.229931     0.733261     0.586772
  0.787836  -0.153724    0.67733    2.87454    1.50554   -2.92816   0.617007   -1.18145   0.684409   0.173933  -0.547421  -0.189671 -0.0423466   -1.18784 -0.0315405          0  -0.446562  0.0649842   0.192994   0.583889   -1.34862   0.643301  -0.117905  -0.369624    1.52534    0.39927  -0.880685   -2.70293  -0.675711   0.419245   0.105149   0.565313   0.932794 -0.0354627
  0.844839 -0.0612994   0.652435    1.34919    1.30607   -1.31471 -0.0525343   -1.11766   0.219103   0.342411  -0.719472   -0.12144   -0.97751   -1.35865  -0.722923   0.779511  -0.872665   0.114136    0.12785   0.387616  -0.913636   0.687364  -0.246002   -0.67157    1.64346   0.195867  -0.582542   -2.40464   -0.67325   0.150116  0.0328883   0.677352   0.909659 0.00791578
 0.856772 -0.183232  0.638776   2.66855   1.58186  -2.69363  0.581368  -1.07293  0.634077  0.286457 -0.688787 -0.261799  -1.45011  -1.69858  -1.45711  0.897296 -0.872665 -0.101914 -0.401269  0.122389  -1.32067         0  0.700349  -1.62211 -0.371974   1.11844 -0.815815    -3.359  -2.07007   2.10017  -1.19084 -0.990129   1.00683   -0.1687
 0.856858  -0.18314  0.638833   2.66858   1.58222  -2.69367  0.580725  -1.07232  0.633299  0.285758 -0.688497 -0.261799  -1.44754   -1.6984  -1.45474  0.897902 -0.872665 -0.101677 -0.400783  0.122579  -1.32027         0  0.701069  -1.62162 -0.371559   1.11771 -0.815936    -3.359  -2.06991    2.1012  -1.19043 -0.990276   1.00619 -0.168781
    1.1015 -0.0611029    0.63681    2.91608    1.95132   -2.77057   0.252926     -0.738   0.114892   0.342911  -0.817633  -0.261799  -0.203287  -0.412651  -0.444271          0  -0.733272   0.261799 -0.0838018 -0.0837071  -0.893514   0.453287  -0.136104      0.298   0.315569  -0.463882  0.0981999  -0.970689  -0.728472   -1.54542  -0.393195  -0.167562   0.535316    1.08564
  0.942246  0.0314097   0.668387     3.1161    1.50408   -2.98763 -0.0496108   -1.26978  -0.042078   0.155614  -0.522306  -0.116306  -0.990448   -1.11649   -1.05372    0.36612  -0.673945   0.261799  -0.520202   0.146746   -1.66935   0.419047   -1.65485  -0.903237   0.250577   0.766448    1.12186   -2.55879   -1.79765   -1.61835  -0.331226   0.921395   0.632536    1.25417
     1.10541   -0.0623337     0.630755       2.9189      1.93132     -2.78439     0.257046    -0.741725     0.134523     0.337595    -0.823593    -0.261799    -0.206404    -0.429518    -0.435652 -5.61357e-15    -0.736976     0.261799    -0.105773  -0.00304969     -0.94387      0.40245    -0.151458        0.298     0.321698    -0.456714    0.0412589     -1.09459    -0.940285     -1.46854    -0.333443    0.0149071     0.623758     0.868115
   0.911762   -0.158849    0.684815     4.33972      1.4477    -4.38925    0.869229    -1.13319    0.814548    0.125706   -0.477351   -0.261799 -0.00961584     -1.1787   -0.138892           0    -0.42775    0.104775     0.24739    0.486286   -0.958306    0.533322    0.184424   -0.773767     1.06058    0.345252   -0.672599    -2.20537   -0.604759   -0.498001   -0.824292    0.875184     1.16288    0.425812
 0.856065  -0.18532  0.671721   4.03118   1.45057  -3.98944   1.18309  -1.32299   1.12301  0.354232 -0.544797 -0.261799   -1.1909  -1.63735  -1.27679  0.707562 -0.767848  -0.10204  0.200751  0.488147  -1.74218  0.794502 -0.892486 -0.279557   1.88811   0.46103 -0.680957  -3.03965  -0.84183   2.37538  -0.40124  -1.22536   1.11812   -0.1364
  0.972334  0.0174929   0.662455    5.10986    1.09844   -4.80558  0.0861916   -1.43003  -0.385619   0.637215  -0.725356  -0.261588  -0.462142  -0.880958    -1.0263   0.519283  -0.872665   0.261799   0.264915   0.109251   -1.62188  0.0428099   0.317582 -0.0623257    2.09645  -0.310248   -2.41642  -0.813186   -1.85877   -1.16319  -0.154986   -0.65208   0.922238   0.789889
  0.915345 -0.0719214   0.715594    3.49182    1.54087   -3.34095   0.577815   -1.56339   0.572017   0.316359  -0.351918   -0.15479  -0.798393   -1.20465   -0.84664   0.305127  -0.584338   0.120842  -0.105647   0.217129   -1.65965   0.502191  -0.652432  -0.446877   0.458863   0.465012    0.27432   -3.23731   -1.33378    2.46273  -0.228096   -1.61001   0.852239   0.381772
  0.861176  -0.128257   0.699901     2.7291    1.32404   -2.65967    1.06443   -1.49712     1.1968          0  -0.245651  -0.152424    -1.2653   -1.47529   -1.17026   0.280064  -0.536427 0.00788493  -0.095124   0.491378   -1.73575    0.79945   -0.71453  -0.965257   0.776333   0.620055   0.350682     -3.359  -0.788382    2.20449  -0.248888   -1.06456     1.1672    0.16951
  0.887862 -0.0285248   0.687869    3.85158    1.33354   -3.71035  -0.267152   -1.91986  -0.391519   0.527179  -0.403743  -0.261799   -0.76362    -1.2234  -0.981567  0.0926147  -0.499154   0.164677   0.173012   0.252185   -2.77661   0.733428    -2.5021  -0.885394    1.73115   0.426622   0.728365     -3.359   -0.87544    2.50008  -0.184772   -1.58909    1.08354   0.332933
   0.89091 -0.0281671   0.687958    3.87844    1.34527   -3.73908  -0.270322   -1.91986  -0.395304   0.556075  -0.419617  -0.261799  -0.918302   -1.26683   -1.11798   0.267473  -0.597018   0.150033   0.190119   0.256618   -2.75721   0.757013   -2.52229  -0.891979    1.75119   0.393173   0.727091   -3.31738  -0.867078    2.51336  -0.178897   -1.60917    1.07974   0.323838
  0.927538 -0.0451261   0.697276    2.46155    1.31393   -2.27888  -0.235502   -1.91986  -0.038681   0.537056  -0.354234  -0.212516   -1.22259   -1.18805   -1.11568   0.224139  -0.575597   0.147948   0.111889   0.246707   -2.58154    1.24777   -2.31385   -1.07701     1.5623   0.184024   0.735762   -3.09842  -0.663743    2.50921  -0.436203    -1.4408    1.09241  -0.035765
  0.962586 -0.0514632   0.687629    3.24801    1.48752   -3.00801  0.0389646   -1.91986  0.0517322   0.703562  -0.437468  -0.222712   -1.03347   -1.14992   -1.09282   0.470216  -0.761852   0.132111  -0.268818  -0.159999   -2.08837   0.283533   -2.19134      0.298    1.97846   0.706728  -0.131376   -3.03736    -1.6905    2.29993  -0.584997   -1.75999   0.698282    0.31035
  0.930889 -0.0125415   0.719154    4.05314    1.42615   -3.96865  -0.399292   -1.90584  -0.514147   0.521616  -0.326322  -0.242467   -1.19572   -1.26367    -1.3435   0.307307  -0.480959   0.221199   0.124744   0.246007   -2.06529   0.453464  -0.383312  -0.096979    0.40133   0.510044  0.0533358   -3.15987   -1.11628       2.55  -0.165438   -1.80197   0.904005    0.42413
  0.930228 -0.0185102   0.714842    4.06051    1.38667   -3.97653  -0.416558   -1.91986  -0.558505   0.486479  -0.312373  -0.259138  -0.849518   -1.21378   -1.05464          0   -0.31143   0.235777   0.519433   0.441096   -1.71777    0.70792 -0.0912093   -0.23949    1.14718   0.457483  -0.466065   -2.90811  -0.703306       2.55  -0.275881   -1.48217   0.906175  0.0821946
  0.935588 -0.0214127    0.71144    4.00493     1.3859   -3.91293   -0.40729   -1.91986  -0.540196   0.489574  -0.321316  -0.261799   -1.31526   -1.28569   -1.48723   0.392671  -0.554877   0.203249   0.179024  0.0419904   -2.38155   0.677382  -0.807058 -0.0742256   0.696365   0.723038 -0.0430759   -2.89208  -0.986263     2.4216  -0.186952   -1.96095   0.856826   0.311661
   0.946071  -0.0235256    0.708255     4.02686     1.38874     -3.9243   -0.371518    -1.91986   -0.504798    0.525522   -0.347646   -0.261799    -1.32864    -1.27715    -1.49994     0.43508   -0.590968    0.201178   0.0636216  -0.0957576    -2.44721    0.553305   -0.898798   0.0612537    0.556154    0.711381 -0.00125088    -2.75679    -1.14599     2.28647   -0.213519    -2.12809    0.774423    0.410849
    0.955392    0.0151483     0.713699      3.24974      1.38209     -3.21369    -0.441954     -1.91986    -0.450921     0.489133    -0.362927    -0.187071     -1.33484     -1.27783     -1.41223 -2.06866e-16    -0.244068     0.259787     0.257518     0.381337     -2.30698     0.631855    -0.412837     0.136517     0.941287     0.516443    -0.357695     -3.24281    -0.911405      2.47239    -0.577561     -1.35542      1.04396     0.044797
