4
0
   0.679839   0.0618939 0.000146338
-21.3851  -41.426  253.758
-0 -0  1
1
   0.694943   -0.205986 0.000454325
-5.96668  27.7712   165.82
0 0 1
4
-0.00205337  0.00526895  0.00653293
-15.1147  32.5582  107.368
0 0 1
5
-0.00603244   -0.203508  0.00778003
 42.4665 -18.9034  103.351
-0 -0  1
3
1
   0.694943   -0.205986 0.000454325
 52.6462 -7.46162  379.583
0 0 1
4
-0.00205337  0.00526895  0.00653293
-23.9932  22.7991  185.715
0 0 1
5
-0.00603244   -0.203508  0.00778003
 -28.653 -15.3374       65
-0 -0  1
4
1
   0.694943   -0.205986 0.000454325
5.05549 27.9044 138.532
0 0 1
4
-0.00205337  0.00526895  0.00653293
53.4486 4.26606 117.806
0 0 1
5
-0.00603244   -0.203508  0.00778003
-8.50608 -1.67435  124.049
-0 -0  1
0
0.85 0.15    0
 -49.998 -30.4961  249.911
-0 -0  1
3
1
   0.694943   -0.205986 0.000454325
 18.7404 -10.4489  54.4904
0 0 1
5
-0.00603244   -0.203508  0.00778003
-52.0447 -11.8065  257.269
-0 -0  1
0
0.85 0.15    0
33.3043 22.2554 318.538
-0 -0  1
4
1
   0.694943   -0.205986 0.000454325
 4.46781 -88.7539  344.227
0 0 1
5
-0.00603244   -0.203508  0.00778003
2.87885 27.6376 71.0557
-0 -0  1
0
0.85 0.15    0
-8.90754  71.4171  148.655
-0 -0  1
4
0.15  0.1    0
 1.56088 -10.3008  66.3595
0 0 1
3
5
-0.00603244   -0.203508  0.00778003
18.4585 34.2664 175.641
-0 -0  1
0
0.85 0.15    0
-20.8057 -1.85129  389.656
-0 -0  1
4
0.15  0.1    0
 2.34726 -32.4151       65
0 0 1
4
5
-0.00603244   -0.203508  0.00778003
-37.7811  6.17076  143.503
-0 -0  1
0
0.85 0.15    0
26.4198 35.0854 202.048
-0 -0  1
4
0.15  0.1    0
 22.7551 -32.3253   85.229
0 0 1
1
0.85 -0.3    0
-11.3937 -8.93087  199.518
0 0 1
3
0
0.85 0.15    0
36.9509 10.0106 77.0467
-0 -0  1
4
0.15  0.1    0
 69.0115 -63.1893  260.375
0 0 1
1
0.85 -0.3    0
-105.962  53.1787  292.876
0 0 1
4
0
0.85 0.15    0
-57.8124 -53.2313  248.279
-0 -0  1
4
0.15  0.1    0
-6.49616  14.4123  70.9236
0 0 1
1
0.85 -0.3    0
70.6978 12.3542 234.042
0 0 1
5
0.15 -0.3    0
-6.38928  26.4648  77.0531
0 0 1
3
0
0.85 0.15    0
40.0543 15.4093 415.322
-0 -0  1
4
0.15  0.1    0
-18.0948  18.1919  65.0002
0 0 1
5
0.15 -0.3    0
-21.9596 -33.6012  149.976
0 0 1
4
0
0.85 0.15    0
-6.90169  5.42045  208.209
-0 -0  1
4
0.15  0.1    0
-30.8595 -9.55359  129.411
0 0 1
5
0.15 -0.3    0
-13.1458  25.5152  65.8425
0 0 1
1
1.05 -0.3    0
  50.907 -21.3821  226.835
-0 -0  1
3
0
0.85 0.15    0
1.21862 -60.632 135.113
-0 -0  1
4
0.15  0.1    0
-12.8314  18.5673  211.506
0 0 1
1
1.05 -0.3    0
11.6128 42.0647 283.679
-0 -0  1
4
0
0.85 0.15    0
-5.55117 -32.7739  276.092
-0 -0  1
4
0.15  0.1    0
21.0629 -3.1496 75.5829
0 0 1
1
1.05 -0.3    0
-11.1237  30.9774  195.307
-0 -0  1
5
0.35 -0.3    0
-4.38805  4.94612  83.3155
-0 -0  1
3
4
0.15  0.1    0
-38.6494 -6.01563  189.979
0 0 1
1
1.05 -0.3    0
 28.2463 -23.8041  375.318
-0 -0  1
5
0.35 -0.3    0
 10.403 29.8197 65.0003
-0 -0  1
4
4
0.15  0.1    0
 -4.33104 -0.498429   114.622
0 0 1
1
1.05 -0.3    0
-32.5127 -10.9468  199.808
-0 -0  1
5
0.35 -0.3    0
 4.42969 -17.7219  91.7934
-0 -0  1
0
1.05 0.15    0
 32.414 29.1671 224.074
0 0 1
3
4
0.15  0.1    0
-0.189337  -0.15708   65.0051
0 0 1
5
0.35 -0.3    0
5.96649 4.02404 196.912
-0 -0  1
0
1.05 0.15    0
-5.77715 -3.86696   368.38
0 0 1
4
4
0.15  0.1    0
-0.623227  -2.71955   120.627
0 0 1
5
0.35 -0.3    0
11.7217 12.0221  129.74
-0 -0  1
0
1.05 0.15    0
-12.3298 -10.4372  184.532
0 0 1
1
 1.2 -0.3    0
1.23129 1.13461 195.399
0 0 1
3
5
0.35 -0.3    0
11.4256 4.05458 259.864
-0 -0  1
0
1.05 0.15    0
-8.0215 1.08853 291.626
0 0 1
1
 1.2 -0.3    0
-3.40412 -5.14312  78.8074
0 0 1
4
5
0.35 -0.3    0
-10.1396  12.1749  81.2207
-0 -0  1
0
1.05 0.15    0
-17.9712  48.2381  243.014
0 0 1
1
 1.2 -0.3    0
27.8524 -49.118 205.942
0 0 1
4
0.35  0.1    0
0.258426  -11.295  100.121
0 0 1
3
5
0.35 -0.3    0
-18.4152 -26.5094       65
-0 -0  1
1
 1.2 -0.3    0
 24.0863 -2.66874   367.15
0 0 1
4
0.35  0.1    0
-5.67107  29.1781  198.147
0 0 1
4
5
0.35 -0.3    0
 2.13927 -9.88931  119.306
-0 -0  1
1
 1.2 -0.3    0
-23.8554  7.34747  195.068
0 0 1
4
0.35  0.1    0
 3.87004 -1.37982  104.362
0 0 1
0
 1.2 0.15    0
17.8461 3.92166 211.561
-0 -0  1
3
5
0.35 -0.3    0
-6.44349  6.35755  224.783
-0 -0  1
1
 1.2 -0.3    0
18.4522  3.0299 107.149
0 0 1
0
 1.2 0.15    0
-12.0087 -9.38745  298.365
-0 -0  1
4
5
0.35 -0.3    0
46.4988 3.75718 99.0874
-0 -0  1
1
 1.2 -0.3    0
-42.7524  8.20802  224.955
0 0 1
0
 1.2 0.15    0
-72.1291 -14.9059    159.5
-0 -0  1
4
0.55  0.1    0
68.3826 2.94067 146.755
-0 -0  1
3
1
 1.2 -0.3    0
 28.0784 0.509724  309.612
0 0 1
0
 1.2 0.15    0
-2.18811  -17.957  44.4931
-0 -0  1
4
0.55  0.1    0
-25.8903  17.4473  276.192
-0 -0  1
4
1
 1.2 -0.3    0
-26.4187 -110.482  236.056
0 0 1
0
 1.2 0.15    0
-4.59126  110.428  248.232
-0 -0  1
4
0.55  0.1    0
 9.96696 -2.92278  67.2585
-0 -0  1
5
 0.5 -0.4    0
 21.043 2.97627 78.7512
0 0 1
3
0
 1.2 0.15    0
9.70641  6.9346 411.457
-0 -0  1
4
0.55  0.1    0
 -1.7579 -7.89289       65
-0 -0  1
5
 0.5 -0.4    0
-7.94851 0.958288  153.841
0 0 1
4
0
 1.2 0.15    0
-2.54967 -121.521  250.654
-0 -0  1
4
0.55  0.1    0
-5.26632  21.2791   67.668
-0 -0  1
5
 0.5 -0.4    0
-28.2469  7.38468  77.7547
0 0 1
1
 1.4 -0.3    0
36.0629 92.8574  234.22
-0 -0  1
3
4
0.55  0.1    0
14.1024 16.7144 206.968
-0 -0  1
5
 0.5 -0.4    0
 16.6134 -20.2076  65.0003
0 0 1
1
 1.4 -0.3    0
-30.7158  3.49324   358.33
-0 -0  1
4
4
0.55  0.1    0
-29.2966 -15.6097   103.18
-0 -0  1
5
 0.5 -0.4    0
 -9.10401 -0.673715   122.568
0 0 1
1
 1.4 -0.3    0
-16.4502  32.5582  172.825
-0 -0  1
0
 1.4 0.15    0
 54.8507 -16.2748  231.724
0 0 1
3
4
0.55  0.1    0
 64.5512 -39.5605  232.903
-0 -0  1
1
 1.4 -0.3    0
-81.8978 -1.50004  308.245
-0 -0  1
0
 1.4 0.15    0
17.3466 41.0606 89.1488
0 0 1
4
4
0.55  0.1    0
 31.081  -3.641 67.2606
-0 -0  1
1
 1.4 -0.3    0
0.632345 -4.23045   190.06
-0 -0  1
0
 1.4 0.15    0
-48.2861 -12.1978  259.942
0 0 1
5
 0.7 -0.4    0
16.5727 20.0692 113.035
-0 -0  1
3
4
0.55  0.1    0
-2.25575  11.2235  65.0002
-0 -0  1
0
 1.4 0.15    0
15.2146 12.7481 391.113
0 0 1
5
 0.7 -0.4    0
-12.9588 -23.9716  174.184
-0 -0  1
4
4
0.55  0.1    0
 20.7488 -28.5289  99.0689
-0 -0  1
0
 1.4 0.15    0
 27.1647 -30.5232  215.223
0 0 1
5
 0.7 -0.4    0
-10.3173  13.5906  115.558
-0 -0  1
1
1.55 -0.3    0
-37.5961  45.4615  200.447
-0 -0  1
3
4
0.55  0.1    0
-45.4777  19.9805  213.074
-0 -0  1
0
 1.4 0.15    0
-9.27799  15.9045  98.4325
0 0 1
1
1.55 -0.3    0
54.7557 -35.885 318.791
-0 -0  1
4
4
0.55  0.1    0
-12.6096 -40.9707  116.069
-0 -0  1
0
 1.4 0.15    0
 30.5377 -2.06896  187.681
0 0 1
1
1.55 -0.3    0
 17.5325 -1.63249  211.537
-0 -0  1
5
 0.9 -0.4    0
-35.4606  44.6722   115.01
-0 -0  1
3
0
 1.4 0.15    0
-3.62861  -25.314  323.465
0 0 1
1
1.55 -0.3    0
3.56945 16.9511 44.5561
-0 -0  1
5
 0.9 -0.4    0
0.0591605   8.36292   262.277
-0 -0  1
4
0
 1.4 0.15    0
  4.60856 -0.853594   239.003
0 0 1
1
1.55 -0.3    0
-6.13544  4.44125  244.893
-0 -0  1
5
 0.9 -0.4    0
-0.769022  0.473034   72.9956
-0 -0  1
4
0.75  0.1    0
 2.29591 -4.06069  73.4055
0 0 1
3
0
 1.4 0.15    0
-71.4616 -45.0576  410.527
0 0 1
5
 0.9 -0.4    0
39.6178 39.3699  154.77
-0 -0  1
4
0.75  0.1    0
31.8439  5.6877      65
0 0 1
4
0
 1.4 0.15    0
-35.3819 -11.0675  251.644
0 0 1
5
 0.9 -0.4    0
13.3506 15.8299 90.4885
-0 -0  1
4
0.75  0.1    0
12.2841 3.15751  79.583
0 0 1
1
 1.7 -0.3    0
 9.74717 -7.91985  208.582
0 0 1
3
5
 0.9 -0.4    0
-11.1838 -28.3125       65
-0 -0  1
4
0.75  0.1    0
-6.1376 25.2492 206.963
0 0 1
1
 1.7 -0.3    0
17.3214 3.06339 358.335
0 0 1
4
5
 0.9 -0.4    0
-5.92853  15.0356   78.222
-0 -0  1
4
0.75  0.1    0
 9.25882 -15.9392   112.74
0 0 1
1
 1.7 -0.3    0
 12.2832 -38.0525  211.489
0 0 1
0
1.55 0.15    0
-15.6135   38.956  227.847
0 0 1
3
4
0.75  0.1    0
-63.9024   12.814  192.517
0 0 1
1
 1.7 -0.3    0
 39.4268 -28.6382  298.223
0 0 1
0
1.55 0.15    0
24.4757 15.8242 139.557
0 0 1
4
4
0.75  0.1    0
0.374627 -4.76414   85.376
0 0 1
1
 1.7 -0.3    0
-17.2836 -21.2461  188.245
0 0 1
0
1.55 0.15    0
20.1262 42.1992 260.278
0 0 1
5
   1 -0.4    0
-3.21719  -16.189  96.3988
0 0 1
3
1
 1.7 -0.3    0
12.1403 34.1322 81.3947
0 0 1
0
1.55 0.15    0
 -17.308 -58.5417  357.402
0 0 1
5
   1 -0.4    0
5.16779 24.4095 191.501
0 0 1
4
1
 1.7 -0.3    0
 67.1332 -85.2083  233.404
0 0 1
0
1.55 0.15    0
 -78.59 36.1649 250.102
0 0 1
5
   1 -0.4    0
 22.128 17.4552  72.012
0 0 1
4
0.9 0.2   0
-10.6712  31.5881    74.78
0 0 1
3
1
 1.7 -0.3    0
51.9989 -29.095 389.554
0 0 1
5
   1 -0.4    0
-4.71986  1.08475       65
0 0 1
4
0.9 0.2   0
-47.2791  28.0103  175.744
0 0 1
4
1
 1.7 -0.3    0
-9.7311 33.7711 212.691
0 0 1
5
   1 -0.4    0
  7.9182 -7.10813  85.5718
0 0 1
4
0.9 0.2   0
13.4662   5.348 80.3383
0 0 1
0
 1.7 0.15    0
-11.6533  -32.011  251.696
-0 -0  1
3
1
 1.7 -0.3    0
38.1545 20.2186 91.6529
0 0 1
5
   1 -0.4    0
4.08724 27.7393  177.36
0 0 1
0
 1.7 0.15    0
-42.2417 -47.9579  361.284
-0 -0  1
4
0
     1.67984       0.1619 -8.31865e-07
-2.17205 -16.5188   242.34
-0 -0  1
1
     1.69494     -0.30598 -1.84034e-06
  32.2229 -0.190117   176.713
0 0 1
4
    0.997946     0.205272 -9.36961e-07
-21.6814  44.8224  100.256
-0 -0  1
5
    0.993968      -0.4035 -4.34011e-06
-8.36939 -28.1134  110.989
0 0 1
