    -0.15369    -0.103148     0.764013  3.48449e-05      1.00358 -3.78584e-05 -3.95378e-05     -1.91986 -2.13634e-05     0.792206     0.124074  1.37951e-06 -3.95377e-05     -1.91986 -2.13631e-05     0.792195     0.124086  1.37961e-06 -1.86603e-05  8.48901e-06    -0.194453     0.468572     0.146537     -1.22472    0.0277109    -0.263255  3.76263e-05    -0.194443    -0.468598    -0.146574     -1.22471    -0.027655    -0.263253  4.14047e-05
   -0.100524    -0.120852     0.767324    0.0210805      1.27237   0.00410842   0.00148396     -1.83283  0.000205191     0.320494     0.239979   -0.0254141  0.000845194     -1.91986 -0.000488109     0.468603     0.178899     -0.02555   -0.0765125     0.461414    -0.440627     0.574584     0.447938    -0.962504     0.108022    0.0758583     0.133703    -0.681147    -0.997795    -0.563312    -0.634859    -0.130713     0.514411     -0.19692
  -0.164986  -0.0442655    0.707928   -0.238517     1.42499     0.20814    0.328744    -1.91986    0.333337 1.38778e-17    0.474855    0.141432    0.314626    -1.91986    0.317765   0.0376632    0.438719    0.136388   -0.153898 -0.00935841    -1.39745     0.98182    0.198637   -0.575533    0.356694    0.743426   -0.442215    -1.22129   -0.845042   -0.103062   -0.656896   -0.447727    0.619773  -0.0431025
  -0.165134  -0.0431936    0.707871   -0.246566     1.42398    0.215331    0.334143    -1.91986    0.338028 1.38778e-17    0.475159    0.143743    0.319566    -1.91986    0.321949   0.0387136    0.438043    0.138539   -0.150299 -0.00853648    -1.39294    0.984194    0.193214   -0.576146      0.3641    0.741569   -0.437967    -1.22514   -0.846057  -0.0986845   -0.650945   -0.450024    0.617623  -0.0402933
  -0.165563  -0.0358643    0.707748   -0.258678     1.42063    0.221034    0.361772    -1.91986    0.367239 1.38778e-17    0.475188    0.159601    0.297637    -1.91986    0.296254   0.0450828    0.437222     0.13634   -0.135348  0.00309119    -1.37598    0.979022    0.187432   -0.577265    0.378224    0.730755   -0.421895    -1.23023   -0.856783  -0.0923291   -0.641581   -0.457421    0.618071  -0.0254434
  -0.165589  -0.0349292    0.707716   -0.264774     1.41992    0.226393    0.366456    -1.91986    0.371432 1.38778e-17    0.475246    0.161633    0.301846    -1.91986    0.299933    0.045987     0.43651    0.138229   -0.132959  0.00402863     -1.3727    0.979942    0.183099   -0.578434    0.382677    0.729549   -0.417863    -1.23183   -0.858025  -0.0902887   -0.638175   -0.459766    0.616771  -0.0228066
 -0.117863 -0.0377978   0.717822  -0.177684    1.49782   0.151827   0.381686   -1.91986   0.402337          0   0.396075   0.160083   0.316156   -1.91986   0.331958  0.0339983   0.370095   0.137471    0.10137 -0.0901965   -1.66331   0.906613  0.0570062  -0.595665   0.116291   0.857073  0.0182717   -1.43198  -0.560799    0.11795  -0.679953 0.00745635   0.695437  -0.249887
 -0.117797 -0.0380171   0.717835   -0.17223     1.4981   0.146614    0.38084   -1.91986   0.401848          0   0.395921     0.1597   0.315399   -1.91986   0.331567  0.0337114   0.370208   0.137116   0.101761 -0.0900457   -1.66172   0.907956  0.0572183  -0.597411   0.118881   0.857602  0.0178946   -1.43202  -0.559148    0.11583  -0.680843  0.0107729   0.696491  -0.249518
-0.0476649 -0.0638125   0.727152 -0.0272606     1.6186  0.0155694   0.237985   -1.91986   0.249156          0   0.291265  0.0961529   0.185156   -1.91986   0.194236  0.0153716   0.279842  0.0778343 -0.0235725   0.120559   -1.64023   0.615439 -0.0350409  -0.815856  0.0339251   0.901132   0.121161   -1.97621  -0.895496  0.0849298  -0.611202 -0.0737065   0.986316  0.0642752
-0.0476177 -0.0642004   0.727167 -0.0206377    1.61881 0.00896817    0.23524   -1.91986   0.245961          0   0.291305  0.0950754   0.182573   -1.91986   0.191205  0.0153174   0.279869  0.0768001 -0.0254058   0.118348   -1.64035    0.61582 -0.0353535  -0.818683  0.0316861    0.90411   0.120612    -1.9744  -0.895784  0.0832269  -0.611719 -0.0762317   0.985431  0.0640121
   0.375431  -0.0968118    0.736999    0.160123      1.4966   -0.167712  -0.0275845    -1.59199  -0.0151363    0.664783   -0.570418  0.00772875   0.0327892    -1.59046   0.0453382    0.655796    -0.56298  0.00893742  -0.0528316 -0.00699379   -0.687385    0.391496    0.412926    -1.13812   -0.204272    0.438762    0.205728   -0.677028   -0.420759    -0.41611      -1.062   0.0754917    0.356733   -0.189807
