    -0.15369    -0.103148     0.764013  3.48449e-05      1.00358 -3.78584e-05 -3.95378e-05     -1.91986 -2.13634e-05     0.792206     0.124074  1.37951e-06 -3.95377e-05     -1.91986 -2.13631e-05     0.792195     0.124086  1.37961e-06 -1.86603e-05  8.48901e-06    -0.194453     0.468572     0.146537     -1.22472    0.0277109    -0.263255  3.76263e-05    -0.194443    -0.468598    -0.146574     -1.22471    -0.027655    -0.263253  4.14047e-05
  -0.106285  -0.0899767    0.761869  0.00459334     1.28395 -0.00367275   0.0785308    -1.91986   0.0948765    0.431528    0.203099   0.0330269   0.0780471    -1.91986   0.0942991    0.435195    0.199449   0.0328197  -0.0423274    0.444119   -0.450317    0.578756    0.459801   -0.952184    0.111183   0.0892055    0.138964   -0.692947    -1.01532   -0.516722   -0.681967   -0.181837     0.55807   -0.156953
-0.0451566  -0.056008   0.740423 -0.0324082    1.54918  0.0240055   0.300237   -1.91986   0.320191   0.113816   0.240564   0.116283   0.291298   -1.91986   0.310712   0.131327   0.224002    0.11318   -0.37304 -0.0616765  -0.692161    1.24269   0.311722   -1.04136   0.767669   0.669863  -0.418145  -0.719686   -0.82088  -0.302213   -1.00655  -0.599124   0.446895  -0.203039
-0.0465974 -0.0562231   0.740119 -0.0320836    1.54835  0.0236442   0.298642   -1.91986   0.318581    0.11182   0.243551   0.115795   0.289776   -1.91986   0.309177   0.129258   0.227049   0.112716  -0.371214 -0.0626216   -0.69475    1.23826   0.322325   -1.03966   0.764766   0.675343  -0.426983  -0.725465  -0.821198  -0.298851   -1.00531  -0.596056   0.450295  -0.204071
-0.0500692 -0.0514297   0.739581 -0.0337053    1.54404  0.0210125   0.313719   -1.91986   0.335031   0.108359   0.249664   0.125427    0.25845   -1.91986   0.276329   0.129964   0.233807   0.106191  -0.357654 -0.0549529  -0.694173    1.21774   0.341977   -1.03684   0.756375    0.67581  -0.434896  -0.732368  -0.832527  -0.293022   -1.00355  -0.596503   0.460216  -0.198512
 -0.051116 -0.0514244   0.739348 -0.0340394    1.54334   0.021288   0.313643   -1.91986   0.335011   0.106943   0.251795   0.125481   0.258345   -1.91986   0.276263   0.128569   0.235919   0.106229  -0.356289 -0.0553728  -0.696745    1.21413   0.348873   -1.03564   0.753618   0.679604  -0.440795  -0.736329   -0.83286  -0.291117   -1.00224   -0.59521   0.462538  -0.198036
 0.0113912 -0.0634953    0.76198 -0.0207386    1.50791  0.0165684     0.2473   -1.91986   0.267401   0.325138  0.0756198  0.0948193   0.200239   -1.91986   0.216557   0.341277  0.0633979  0.0778647  -0.075412 -0.0377167   -1.01775   0.839841   0.255927  -0.915035   0.266066   0.646265  -0.066956  -0.985136  -0.559381   -0.25756  -0.850322 0.00770145   0.453717  -0.228931
 0.0114048 -0.0637144   0.762051 -0.0205895    1.50754  0.0164645   0.245921   -1.91986   0.265948   0.325931  0.0753166  0.0942938   0.198944   -1.91986   0.215185   0.341971  0.0631649  0.0773604  -0.076779  -0.036264   -1.02372   0.835021   0.258074  -0.909485   0.262297   0.644738 -0.0729099  -0.982944  -0.559631  -0.261654  -0.851703 0.00622217   0.453737  -0.226336
 -0.0559345   -0.100396    0.726301  0.00399414     1.61529 -0.00381223   0.0213131    -1.91986   0.0221362 9.33005e-05    0.304439  0.00741035  -0.0252245    -1.91986  -0.0265639 6.93889e-18     0.30456 -0.00923326   -0.200829   0.0851494     -1.4371    0.718304  0.00984819     -1.0332    0.138193    0.946145  -0.0674752    -1.78428    -1.09936   0.0119852   -0.733576   -0.340777    0.998022    0.028595
  -0.0559511    -0.101138     0.726321   0.00354466      1.61517   -0.0031026    0.0170701     -1.91986    0.0177276  0.000421037     0.304268   0.00564045   -0.0294666     -1.91986   -0.0309737 -8.67362e-19     0.304647   -0.0110033    -0.203455    0.0831901     -1.43919     0.719833   0.00662714     -1.03238      0.13779      0.94738   -0.0675494     -1.78215     -1.10066    0.0128409    -0.731682    -0.345578     0.995321    0.0273212
   0.375431  -0.0968118    0.736999    0.160123      1.4966   -0.167712  -0.0275845    -1.59199  -0.0151363    0.664783   -0.570418  0.00772875   0.0327892    -1.59046   0.0453382    0.655796    -0.56298  0.00893742  -0.0528316 -0.00699379   -0.687385    0.391496    0.412926    -1.13812   -0.204272    0.438762    0.205728   -0.677028   -0.420759    -0.41611      -1.062   0.0754917    0.356733   -0.189807
