    -0.15369    -0.103148     0.764013  3.48449e-05      1.00358 -3.78584e-05 -3.95378e-05     -1.91986 -2.13634e-05     0.792206     0.124074  1.37951e-06 -3.95377e-05     -1.91986 -2.13631e-05     0.792195     0.124086  1.37961e-06 -1.86603e-05  8.48901e-06    -0.194453     0.468572     0.146537     -1.22472    0.0277109    -0.263255  3.76263e-05    -0.194443    -0.468598    -0.146574     -1.22471    -0.027655    -0.263253  4.14047e-05
  -0.115733   -0.101393    0.761372 -0.00771131     1.26336   0.0075016   0.0122864    -1.91986   0.0119247    0.445547    0.210929   0.0041217   0.0122786    -1.91986   0.0119154    0.447312    0.209166  0.00411836   0.0557675   -0.494716   -0.659905     1.03505    0.616672    -0.64336    0.184899    0.548756    0.105588   -0.194443   -0.468598   -0.146574    -1.22471   -0.027655   -0.263253 4.14047e-05
 -0.0558214   -0.122926    0.749855   0.0393361     1.48998   -0.036178   -0.120485    -1.91986   -0.128797    0.212148    0.215092   -0.047126   -0.121872    -1.91986   -0.130315    0.203885    0.223296  -0.0476432    0.303248 -0.00602511   -0.867054      0.7196    0.429883   -0.886547    0.408772    0.499805   0.0547241   -0.570491    -0.97605  -0.0585667   -0.959473   -0.417301    0.306046  -0.0427029
 -0.0569565   -0.122969     0.74955   0.0387323     1.48962  -0.0353967   -0.119971    -1.91986   -0.128307    0.209973     0.21765  -0.0471392   -0.121375    -1.91986   -0.129843    0.201733    0.225831  -0.0476629    0.301057 -0.00504245   -0.871907    0.719475    0.426591   -0.885791    0.404729    0.502437   0.0564825   -0.566504   -0.976366  -0.0643811   -0.962512   -0.420412    0.308107  -0.0400968
-0.0629767 -0.0794937   0.725987  0.0338563    1.60025 -0.0400045   0.146937   -1.91986   0.153308          0   0.315889  0.0584437   0.144588   -1.91986   0.150846 0.00903574   0.306976  0.0576157   0.361925  -0.143008   -1.53581    1.31218   0.276435  -0.721666   0.516945   0.982578  -0.118899  -0.788008  -0.983285   0.091866   -1.15188  -0.447228   0.463555 -0.0120353
-0.0645467 -0.0775293   0.725827  0.0337881    1.59726  -0.040313   0.159872   -1.91986   0.167173          0   0.318186  0.0635072   0.157116   -1.91986    0.16428 0.00972815   0.308613  0.0625352   0.364079  -0.144853   -1.55159    1.31175     0.2688  -0.704343   0.512783   0.976387  -0.124533  -0.800011  -0.983819   0.100451    -1.1404  -0.457213    0.46319 -0.0010451
-0.0619534 -0.0692569      0.726  0.0401634    1.59832 -0.0488623   0.212243   -1.91986   0.221765          0     0.3137   0.084056   0.207384   -1.91986   0.216676  0.0129452   0.301117  0.0823533   0.212416 -0.0870449    -1.8142    1.02076   0.062627  -0.676241   0.210972    0.97661 -0.0282582   -1.50982  -0.810653   0.137331   -0.88541  -0.280865   0.865855  0.0696264
-0.0625263 -0.0690474   0.725942  0.0395729    1.59736 -0.0482689   0.213845   -1.91986   0.223587          0   0.314532  0.0846596   0.208911   -1.91986   0.218418   0.013007   0.301896  0.0829307   0.212443 -0.0892239   -1.81745    1.02089  0.0651897  -0.672031   0.206836   0.975699 -0.0309832   -1.51519  -0.805669    0.13644  -0.874863  -0.279309    0.86125  0.0739766
-0.0627601 -0.0641325   0.726009  0.0360077    1.59562 -0.0477969   0.236062   -1.91986   0.247116          0   0.314524   0.095608   0.183365   -1.91986   0.191878  0.0162058   0.302196  0.0771107   0.217632 -0.0853735   -1.81478    1.01544  0.0719124  -0.666039    0.20069   0.970116 -0.0264768   -1.52753  -0.804179    0.13427  -0.852452  -0.280972   0.853921  0.0922387
-0.0630772 -0.0638906   0.725975  0.0352653    1.59503 -0.0470843   0.237768   -1.91986   0.249003          0   0.314962   0.096264   0.184972   -1.91986   0.193654  0.0163092   0.302571  0.0777365   0.217859 -0.0866799    -1.8162    1.01557  0.0740188  -0.663999   0.198143   0.969725 -0.0279833    -1.5312  -0.800825   0.133315  -0.845357  -0.279659   0.850905  0.0954887
   0.375431  -0.0968118    0.736999    0.160123      1.4966   -0.167712  -0.0275845    -1.59199  -0.0151363    0.664783   -0.570418  0.00772875   0.0327892    -1.59046   0.0453382    0.655796    -0.56298  0.00893742  -0.0528316 -0.00699379   -0.687385    0.391496    0.412926    -1.13812   -0.204272    0.438762    0.205728   -0.677028   -0.420759    -0.41611      -1.062   0.0754917    0.356733   -0.189807
