    -0.15369    -0.103148     0.764013  3.48449e-05      1.00358 -3.78584e-05 -3.95378e-05     -1.91986 -2.13634e-05     0.792206     0.124074  1.37951e-06 -3.95377e-05     -1.91986 -2.13631e-05     0.792195     0.124086  1.37961e-06 -1.86603e-05  8.48901e-06    -0.194453     0.468572     0.146537     -1.22472    0.0277109    -0.263255  3.76263e-05    -0.194443    -0.468598    -0.146574     -1.22471    -0.027655    -0.263253  4.14047e-05
  -0.171961   -0.137335    0.744317  -0.0743839     1.20914   0.0674131   -0.184329    -1.91986   -0.257702    0.386983    0.313701  -0.0909208   -0.186411    -1.91986   -0.260309    0.389085    0.311445  -0.0919161  -0.0532482   -0.616858   -0.622802      1.2192    0.642013   -0.547255    0.190214    0.633368   0.0225841   -0.194443   -0.468598   -0.146574    -1.22471   -0.027655   -0.263253 4.14047e-05
  -0.162176     -0.1716     0.71125   0.0192642     1.40802 -0.00182613   -0.412834    -1.91986   -0.462193   0.0586811    0.421015   -0.172542   -0.436138    -1.91986   -0.487825   0.0300039    0.446072   -0.180603     0.22344  -0.0302467    -1.19277    0.820724    0.493465   -0.573941    0.381848    0.606249   -0.246916   -0.988917   -0.933364   -0.153762   -0.852857   -0.444439    0.666887    0.238561
  -0.165542   -0.172024    0.709622   0.0205167     1.40607 -0.00251885   -0.415017    -1.91986   -0.464801   0.0527968    0.428509   -0.173961   -0.438856    -1.91986   -0.491029   0.0237152    0.453865     -0.1822    0.219998  -0.0301605    -1.20527    0.822819    0.487085   -0.565952    0.375243    0.609227   -0.245493   -0.989959   -0.933982   -0.158231   -0.854987   -0.443709    0.673334    0.238687
-0.0279504  -0.158367   0.737397 -0.0543056    1.58232  0.0687796  -0.388292   -1.89094   -0.40453  0.0633322   0.220945  -0.138647  -0.415264   -1.88877  -0.432172  0.0344729   0.244429  -0.145802   0.252057  -0.159024   -1.60741     1.2194   0.402355  -0.615657   0.370259    0.91954  -0.329605  -0.882388  -0.809959  -0.150744   -1.04149  -0.485089   0.523933   0.262947
-0.0284965  -0.159557   0.737133 -0.0582571    1.58291  0.0730139  -0.385854   -1.89535  -0.402349  0.0684644   0.219602  -0.139957  -0.415349   -1.89206  -0.432482  0.0374484   0.243859  -0.147495   0.248558  -0.159968   -1.61497    1.21934    0.39559  -0.616786   0.366905   0.922399  -0.329076  -0.879564  -0.808569  -0.152554   -1.04463  -0.484501   0.523758   0.259496
 0.0217435  -0.144609   0.752777 -0.0804494    1.57555  0.0919829  -0.368072   -1.85086  -0.380599   0.130901    0.12531  -0.114397  -0.431343   -1.84113  -0.444545  0.0886521   0.151816  -0.126615  0.0275941  -0.102648   -1.65361   0.872321   0.179493  -0.693651  0.0675773   0.870362  -0.111109   -1.24749  -0.655837  -0.134557  -0.933251  -0.109322   0.717379 -0.0619122
  0.020232  -0.146082   0.752127 -0.0816551    1.57696  0.0935216  -0.367766   -1.85563  -0.380457   0.132812   0.126472  -0.116406  -0.432492   -1.84498  -0.445819  0.0886656   0.153757  -0.128861  0.0241088   -0.10508   -1.66094    0.87288   0.177201  -0.696742  0.0634436   0.877484  -0.113672    -1.2485  -0.656002  -0.131575  -0.938482  -0.110838   0.721699 -0.0670461
 0.0183833  -0.146031   0.751346 -0.0820183    1.57811  0.0957998  -0.362662   -1.85274  -0.374675   0.122121   0.133896  -0.115771  -0.437779   -1.85928  -0.452496   0.104403    0.14915  -0.138411  0.0229651  -0.108276   -1.66742   0.872598   0.175481  -0.699851  0.0595113   0.884112  -0.114025   -1.25103  -0.658012   -0.12819   -0.94335  -0.113509   0.727636 -0.0691579
 0.0172672  -0.147307   0.750824  -0.083008    1.57926   0.097159  -0.362589   -1.85666  -0.374731   0.124017   0.134526  -0.117541   -0.43894   -1.86231   -0.45376   0.104476   0.150536  -0.140387  0.0199675  -0.110374   -1.67319   0.872979   0.173494  -0.702446  0.0562361   0.889819  -0.116153    -1.2514  -0.658199  -0.125772  -0.947815  -0.114835   0.730959 -0.0736535
   0.375431  -0.0968118    0.736999    0.160123      1.4966   -0.167712  -0.0275845    -1.59199  -0.0151363    0.664783   -0.570418  0.00772875   0.0327892    -1.59046   0.0453382    0.655796    -0.56298  0.00893742  -0.0528316 -0.00699379   -0.687385    0.391496    0.412926    -1.13812   -0.204272    0.438762    0.205728   -0.677028   -0.420759    -0.41611      -1.062   0.0754917    0.356733   -0.189807
