    -0.15369    -0.103148     0.764013  3.48449e-05      1.00358 -3.78584e-05 -3.95378e-05     -1.91986 -2.13634e-05     0.792206     0.124074  1.37951e-06 -3.95377e-05     -1.91986 -2.13631e-05     0.792195     0.124086  1.37961e-06 -1.86603e-05  8.48901e-06    -0.194453     0.468572     0.146537     -1.22472    0.0277109    -0.263255  3.76263e-05    -0.194443    -0.468598    -0.146574     -1.22471    -0.027655    -0.263253  4.14047e-05
  -0.149644   -0.104371    0.751657  -0.0181269      1.2432   0.0168403  -0.0042281    -1.91986  -0.0120737    0.395353    0.281241 -0.00401738 -0.00420386    -1.91986  -0.0120443    0.397865     0.27873 -0.00400676   0.0333494   -0.539653   -0.673986     1.11065    0.621259   -0.611261    0.192481    0.600568   0.0785411   -0.194443   -0.468598   -0.146574    -1.22471   -0.027655   -0.263253 4.14047e-05
-0.0332861  -0.117892   0.758751  0.0191248     1.4752 -0.0180137 -0.0925799   -1.91986  -0.100125   0.291639   0.151452 -0.0353783 -0.0933177   -1.91986  -0.100937   0.285714   0.157353 -0.0356563   0.198735 -0.0211791  -0.942452   0.645305   0.390983  -0.837913    0.18168   0.477738   0.114986   -0.93176  -0.703176  -0.205244  -0.840634  -0.155378   0.470954  0.0657533
-0.0336991  -0.118128   0.758661  0.0189557    1.47504  -0.017826 -0.0940315   -1.91986  -0.101746   0.290907   0.152301 -0.0359527 -0.0947936   -1.91986  -0.102585   0.284907   0.158275 -0.0362397   0.195964 -0.0199209   -0.94739   0.643546   0.389054  -0.835096    0.17728   0.478257   0.114581  -0.927266  -0.707936  -0.202183    -0.8432  -0.160208   0.470998  0.0602497
-0.0338938   -0.11637   0.758598   0.019912    1.47462 -0.0171925   -0.07536   -1.91986 -0.0812596   0.291249   0.153026 -0.0305392   -0.11756   -1.91986  -0.127735   0.283722   0.159079 -0.0464349   0.197294 -0.0201026  -0.951459   0.639722   0.388973   -0.83212   0.172442   0.477059   0.116699   -0.92457  -0.714948  -0.197489  -0.846256  -0.166279   0.473505  0.0584713
-0.0342004   -0.11669   0.758524  0.0197701    1.47449 -0.0170009 -0.0772137   -1.91986 -0.0833242   0.290724    0.15363 -0.0312974  -0.119462   -1.91986  -0.129853   0.283072   0.159778 -0.0472083    0.19466 -0.0190698  -0.955638   0.638209   0.387385  -0.829722   0.168622   0.477494   0.116137  -0.920487  -0.718767  -0.195288  -0.848415   -0.17027   0.473237  0.0537097
  0.0682396   -0.129408    0.768559   0.0127562     1.53108  0.00953064    -0.14874    -1.81884   -0.155307     0.26576   0.0192223  -0.0603932   -0.111397    -1.91986   -0.120596    0.433708  -0.0471089  -0.0634409 -0.00228275   0.0309959   -0.995487     0.38216    0.411414   -0.841992   -0.238528     0.37338    0.150525    -1.34771   -0.750762   -0.208139   -0.756653  -0.0430448    0.706928  -0.0282157
0.00727016  -0.116763   0.757148 0.00091398    1.55003 0.00185222 -0.0784318   -1.91986 -0.0841307   0.264844   0.103921 -0.0316671  -0.122077   -1.91986  -0.130823   0.257896   0.109326 -0.0473641 0.00972535  0.0939263   -1.11438   0.350524   0.363782  -0.913383   -0.23696    0.52687   0.133589   -1.51562  -0.845138  -0.122366  -0.752395 -0.0719409   0.837447  0.0103489
  0.0670124   -0.095765    0.761809 -0.00363849     1.58632 -0.00388351   0.0148028    -1.91986   0.0155969    0.345398   -0.011827   0.0127186  -0.0467615    -1.84447  -0.0483813    0.213112   0.0448545 -0.00551278    0.043556  -0.0196252     -1.5155    0.698913    0.248672    -0.80653  -0.0370756    0.829694 -0.00168937     -1.4304   -0.727261  -0.0851029   -0.819914  -0.0944685    0.771426  -0.0268995
  0.0664537  -0.0956933    0.761701 -0.00325752     1.58667 -0.00408358   0.0161404    -1.91986   0.0170057    0.343473  -0.0102591   0.0130196  -0.0438958    -1.84595   -0.045437    0.213912   0.0452223 -0.00496777    0.043869  -0.0200264    -1.51633    0.701102    0.245007   -0.807155  -0.0345784    0.831224  8.2141e-05     -1.4328    -0.72722  -0.0836541   -0.819178  -0.0943321    0.772319   -0.026954
   0.375431  -0.0968118    0.736999    0.160123      1.4966   -0.167712  -0.0275845    -1.59199  -0.0151363    0.664783   -0.570418  0.00772875   0.0327892    -1.59046   0.0453382    0.655796    -0.56298  0.00893742  -0.0528316 -0.00699379   -0.687385    0.391496    0.412926    -1.13812   -0.204272    0.438762    0.205728   -0.677028   -0.420759    -0.41611      -1.062   0.0754917    0.356733   -0.189807
