2
4
-1.20091e-07 -4.63633e-08 -8.50046e-07
2.73483e-07 5.37601e-09     315.159   0.0957965    -4.97778           0
0 0 1
5
-4.51478e-07      -0.2063 -9.07495e-07
5.71184e-07 1.08795e-08     315.139   0.0957965    -4.97778           0
-0 -0  1
3
4
-9.26558e-06 -9.73136e-07   2.6969e-05
0.000129474 0.000132059     203.641    -16.2914     16.2911           0
0 0 1
5
-9.33621e-06    -0.206301  2.68012e-05
 -0.0011253 7.30345e-05     276.254    -22.1005     18.2885           0
-0 -0  1
0
  0.449989  0.0500026 3.4296e-05
 0.000549761 -3.77014e-05      150.404            0            0            0
0 0 1
4
4
-1.10219e-05 -6.11492e-07  2.88953e-05
 4.13519e-05 -0.000159092      164.674     0.911294       13.174            0
0 0 1
5
-1.09399e-05    -0.206304  2.80605e-05
 0.000185723 -0.000149817      164.488     0.911246       13.159            0
-0 -0  1
0
   0.449999   0.0500033 3.92408e-05
0.000297464 0.000195926     150.054           0           0           0
0 0 1
1
   0.400006    -0.44999 3.08294e-06
-0.000370171    0.0001884      151.081            0            0            0
-0 -0  1
3
4
-1.24889e-05 -3.00055e-07  3.04817e-05
 0.000342484 -0.000605118      231.699       18.536     -13.2151            0
0 0 1
5
-1.22897e-05    -0.206307  2.90739e-05
 1.01964e-06 -0.000403573      211.738      16.9391     -13.2147            0
-0 -0  1
1
   0.400012   -0.449981 5.70009e-06
-0.000206605   0.00108606      186.861            0            0            0
-0 -0  1
4
4
-1.61197e-05  1.17132e-07  4.92032e-05
0.00619467  0.0107089    173.612    1.27553    13.8889          0
0 0 1
5
-1.58716e-05    -0.206307  4.77994e-05
-0.00187829    0.010738      173.35     1.27534      13.868           0
-0 -0  1
1
  0.400026  -0.449993 2.2793e-05
 -0.0126725 -0.00477839     149.133           0           0           0
-0 -0  1
0
   0.699961    0.100038 1.16275e-05
0.00808654 -0.0164015    134.204          0          0          0
0 0 1
3
4
-1.90927e-05  4.61086e-07  6.38211e-05
-0.000194322   0.00664648      202.396     -16.1915     -15.2761            0
0 0 1
5
-1.88046e-05    -0.206306   6.2412e-05
-0.000142453   0.00632006      293.848     -23.5077     -15.2782            0
-0 -0  1
0
   0.699931    0.100068 2.02689e-05
0.000125773   -0.012833     134.055           0           0           0
0 0 1
4
0
    0.699984     0.100015 -5.36576e-08
0.000692919 -0.00101038     197.868           0           0           0
0 0 1
1
    0.699995    -0.299988 -4.54467e-06
 8.41753e-05 -0.000999878      196.931            0            0            0
-0 -0  1
4
-1.16295e-05 -9.20368e-06  4.82732e-06
-2.66537e-05   0.00102102      117.982      2.33796     -9.43837            0
0 0 1
5
-5.55721e-06    -0.200009  5.16095e-06
-0.000670978   0.00108129      117.516      2.33798     -9.40114            0
-0 -0  1
