2
4
-1.20091e-07 -4.63633e-08 -8.50046e-07
2.73483e-07 5.37601e-09     315.159   0.0957965    -4.97778           0
0 0 1
5
-4.51478e-07      -0.2063 -9.07495e-07
5.71184e-07 1.08795e-08     315.139   0.0957965    -4.97778           0
-0 -0  1
3
4
-1.97145e-05 -2.13118e-06  2.18997e-05
-0.000471603    -0.001923      218.894     -17.5123      17.5107            0
0 0 1
5
-2.5264e-05   -0.206313 3.20756e-05
0.00162387 0.00328685    289.891   -23.1911    23.1914          0
-0 -0  1
0
   0.449978   0.0500045 1.94873e-05
-0.00173406 -0.00136428     121.513           0           0           0
0 0 1
4
4
-2.71483e-05 -6.89677e-06  3.51799e-05
-0.00207706  -0.0025143      219.98    -11.1022     17.5978           0
0 0 1
5
-3.39632e-05    -0.206319  4.58086e-05
 0.00375821 -0.00129548      222.26    -11.1155     17.7808           0
-0 -0  1
0
   0.449983   0.0500426 5.28759e-05
0.00176136   0.003058    68.9218          0          0          0
0 0 1
1
   0.299995   -0.599995 1.09412e-05
-0.0037558 0.00109161    119.137          0          0          0
0 0 1
3
4
-3.32241e-05 -1.08985e-05  4.59657e-05
-0.000185852 -4.92499e-05      215.547       14.563      15.3392            0
0 0 1
5
-4.12102e-05    -0.206324  5.70006e-05
 0.000123364 -0.000209956      212.543       14.563      15.3392            0
-0 -0  1
1
    0.29999   -0.599992 1.97678e-05
-0.000180714  0.000535789      202.208            0            0            0
0 0 1
4
4
-2.94103e-05 -2.11483e-05   4.9663e-05
0.00473884 0.00526901    177.226   -6.47897    14.1777          0
0 0 1
5
-4.14433e-05    -0.206324  5.95553e-05
0.00137243 0.00538669    178.556   -6.48138    14.2843          0
-0 -0  1
1
   0.299987   -0.599995 2.15469e-05
 -0.0100218 -0.00110594     154.259           0           0           0
0 0 1
0
   0.700003    0.100016 9.81614e-06
 0.00379971 -0.00957394     120.257           0           0           0
0 0 1
3
4
-2.64245e-05 -2.92511e-05  5.26057e-05
-0.0215252 -0.0838753    86.4974   -6.91936   -6.92023          0
0 0 1
5
-4.16259e-05    -0.206323  6.15821e-05
 0.0705381 -0.0671562    460.783   -36.8618   -36.8635          0
-0 -0  1
0
   0.700006    0.100029 1.78973e-05
-0.0490036   0.150712    83.0169          0          0          0
0 0 1
4
4
-2.52591e-05 -3.19261e-05   5.6652e-05
0.0231892 0.0548797   178.675   -6.8363   14.2936         0
0 0 1
5
-4.34852e-05    -0.206321  6.55375e-05
-0.0120759  0.0548685    180.078   -6.83827    14.4061          0
-0 -0  1
0
   0.699996    0.100062 3.00977e-05
 0.0389426 -0.0677091    129.268          0          0          0
0 0 1
1
   0.549994   -0.399986 1.62978e-06
-0.0503257 -0.0416715    142.277          0          0          0
0 0 1
3
4
-2.44038e-05 -3.37774e-05  5.97945e-05
0.0766782  0.288195   350.248  -28.0215   28.0182         0
0 0 1
0
   0.699987    0.100089 3.98689e-05
 0.138612 -0.193359   89.7204         0         0         0
0 0 1
1
   0.549989   -0.399974 2.91926e-06
-0.215553 -0.094558   190.329         0         0         0
0 0 1
4
4
 -3.2954e-05 -2.29695e-05  7.42548e-05
0.0115798 0.0252296   179.531  -7.36227    14.362         0
0 0 1
0
   0.699984    0.100105 4.86715e-05
 0.0177261 -0.0303851    128.056          0          0          0
0 0 1
1
   0.549984   -0.399966 7.33425e-06
-0.0246632 -0.0187994    141.717          0          0          0
0 0 1
5
-3.32796e-05    -0.199942  5.78423e-05
-0.00515156   0.0248158     180.995    -7.36259     14.4791           0
-0 -0  1
3
4
-3.25274e-05  -2.3709e-05  7.64285e-05
-0.0221523  -0.103931    137.423   -10.9932   -10.9946          0
0 0 1
0
   0.699979    0.100122 5.52699e-05
-0.069054  0.233675   141.727         0         0         0
0 0 1
5
-3.44701e-05     -0.19994  5.98982e-05
0.0911151 -0.129722   351.147  -28.0902  -28.0934         0
-0 -0  1
4
0
    0.699984     0.100015 -5.36576e-08
 0.000668895 -0.000914254      197.869            0            0            0
0 0 1
1
    0.699995    -0.299988 -4.54467e-06
 9.49159e-05 -0.000903749      196.932            0            0            0
-0 -0  1
4
-1.16295e-05 -9.20368e-06  4.82732e-06
-4.19861e-05   0.00105632      117.982      2.33796     -9.43836            0
0 0 1
5
-5.55721e-06    -0.200009  5.16095e-06
-0.00066893  0.00111659     117.516     2.33798    -9.40113           0
-0 -0  1
