2
4
-1.20091e-07 -4.63633e-08 -8.50046e-07
2.73483e-07 5.37601e-09     315.159   0.0957965    -4.97778           0
0 0 1
5
-4.51478e-07      -0.2063 -9.07495e-07
5.71184e-07 1.08795e-08     315.139   0.0957965    -4.97778           0
-0 -0  1
3
4
-2.88493e-06 -2.57363e-05  6.53256e-06
-0.00188469 0.000304558     266.719      21.338     11.4325           0
0 0 1
5
-2.20946e-06      -0.2063  3.90158e-06
 0.000586703 -0.000724629       202.95      16.2359      11.4187            0
-0 -0  1
1
   0.450022   -0.249984 2.06697e-05
   0.0011358 -0.000117519      160.628            0            0            0
0 0 1
4
4
-9.76065e-06 -2.37378e-05  5.95754e-06
0.000101155  0.00267858     228.908     11.6698     18.3124           0
0 0 1
5
-7.23616e-06    -0.206299  3.95382e-06
-0.00203713  0.00101808     226.514     11.6825     18.1215           0
-0 -0  1
1
   0.450021    -0.24999 2.23411e-05
 0.00206137 -0.00205567      76.519           0           0           0
0 0 1
0
    0.399985     0.400007 -1.37834e-06
-0.000444859  -0.00145173      98.3561            0            0            0
-0 -0  1
3
4
-1.51554e-05 -2.22813e-05  5.44941e-06
-0.00138911  0.00995819     455.437    -22.9792     36.4353           0
0 0 1
1
    0.45002   -0.249994 2.29404e-05
 0.00174907 -0.00524785     76.6016           0           0           0
0 0 1
0
    0.399973     0.400011 -3.08472e-06
-0.000692252  -0.00456871      98.2585            0            0            0
-0 -0  1
4
4
-1.93005e-05 -2.10762e-05  5.31686e-06
 0.0011482 0.00278382    228.921    12.2949    18.3135          0
0 0 1
1
   0.450018   -0.249996 2.27591e-05
0.00181091 -0.0022775    76.3253          0          0          0
0 0 1
0
   0.399963    0.400011 -4.8708e-06
-0.00088349 -0.00153909     98.5782           0           0           0
-0 -0  1
5
-3.25058e-06    -0.199999  3.19195e-07
-0.00229589  0.00113264     226.473     12.3071     18.1182           0
-0 -0  1
3
4
-2.26135e-05 -2.01711e-05  5.07362e-06
-0.00472179 0.000194556     405.539     32.4431    -9.18128           0
0 0 1
1
  0.450017  -0.249996 2.2198e-05
-0.000515513   0.00166638      42.1193            0            0            0
0 0 1
5
-5.83484e-06    -0.199999  4.40239e-07
 0.00510246 -0.00160639     182.639     14.6114    -9.23195           0
-0 -0  1
4
4
-2.37848e-05 -1.99824e-05  4.93515e-06
0.00112456 0.00285553    214.689    10.7462    17.1751          0
0 0 1
1
   0.450016   -0.249997 2.17428e-05
0.000605276 -0.00181891     113.509           0           0           0
0 0 1
5
-6.67202e-06    -0.199999  3.29906e-07
-0.00166521  0.00183079      212.55     10.7541     17.0045           0
-0 -0  1
0
        0.6        0.15 3.46732e-07
-0.000119072  -0.00282896      89.5489            0            0            0
-0 -0  1
3
4
-2.47225e-05  -1.9842e-05  4.82237e-06
0.000445197 0.000902533     225.267    -8.70471     18.0214           0
0 0 1
5
-7.35908e-06    -0.199999  2.39597e-07
-0.000639028  0.000539055      226.996     -8.70234      18.1593            0
-0 -0  1
0
        0.6        0.15 4.89644e-07
 0.00016181 -0.00141583     178.034           0           0           0
-0 -0  1
4
4
-2.48563e-05 -1.94748e-05  4.91614e-06
0.000859108 0.000702525     202.292     6.78719     16.1833           0
0 0 1
5
-7.10036e-06    -0.199998  3.52154e-07
-6.16898e-05  6.49892e-05      200.941      6.79212      16.0756            0
-0 -0  1
0
   0.600001    0.150005 3.80926e-06
-0.000184467 -0.000316616      121.193            0            0            0
-0 -0  1
1
   0.700003   -0.300001 3.60287e-06
-0.000631292 -0.000408885      105.872            0            0            0
-0 -0  1
3
4
-2.49291e-05 -1.91851e-05  4.99186e-06
0.00184667 0.00137579    295.057    23.6046   -11.3919          0
0 0 1
5
-6.84275e-06    -0.199998  4.41355e-07
0.000993617 0.000724372     204.153     16.3328    -11.4123           0
-0 -0  1
1
   0.700006   -0.300002 6.34083e-06
-0.00283433 -0.00199023     131.087           0           0           0
-0 -0  1
4
0
    0.699984     0.100015 -5.36576e-08
0.000663099 -0.00102215     197.868           0           0           0
0 0 1
1
    0.699995    -0.299988 -4.54467e-06
6.65944e-05 -0.00101164     196.931           0           0           0
-0 -0  1
4
-1.16295e-05 -9.20368e-06  4.82732e-06
-5.34132e-05  0.000987842      117.982      2.33797     -9.43837            0
0 0 1
5
-5.55721e-06    -0.200009  5.16095e-06
-0.000691618   0.00104811      117.516      2.33799     -9.40113            0
-0 -0  1
