2
4
-1.20091e-07 -4.63633e-08 -8.50046e-07
2.73483e-07 5.37601e-09     315.159   0.0957965    -4.97778           0
0 0 1
5
-4.51478e-07      -0.2063 -9.07495e-07
5.71184e-07 1.08795e-08     315.139   0.0957965    -4.97778           0
-0 -0  1
3
4
-2.17546e-05  2.73078e-06  6.54601e-05
-0.000199733  0.000547875      216.103     -17.2881      17.2883            0
0 0 1
5
-1.88928e-05    -0.206309  5.43706e-05
 -0.00245245 -0.000857138      246.729      -19.738      19.7387            0
-0 -0  1
0
   0.449994   0.0500212 9.09775e-05
 0.00160467 0.000917201     167.468           0           0           0
0 0 1
4
4
-2.3201e-05 9.94845e-06 6.92922e-05
-2.85616e-06  -0.00022191      161.148     0.388451      12.8918            0
0 0 1
5
-2.02278e-05    -0.206309  5.97222e-05
 0.000128499 -0.000208519      161.068     0.388381      12.8855            0
-0 -0  1
0
   0.450003   0.0500331 9.88596e-05
0.000397725 0.000391076     153.739           0           0           0
0 0 1
1
   0.400003   -0.449984 3.86788e-06
-0.000429929  0.000359117      154.343            0            0            0
-0 -0  1
3
4
-2.44379e-05  1.60129e-05  7.24669e-05
 0.00112474 -0.00127507     228.774     18.3021    -14.0991           0
0 0 1
5
-2.13936e-05    -0.206309  6.42377e-05
-0.000101215 -0.000315454      211.166       16.893     -14.0973            0
-0 -0  1
1
   0.400005    -0.44997 7.13612e-06
-0.000940703   0.00187521      190.358            0            0            0
-0 -0  1
4
4
-5.18081e-05  3.60716e-05  0.000116112
 0.00292464 -0.00017841     179.434     7.64182     14.3549           0
0 0 1
5
-4.57978e-05    -0.206294  0.000103226
 0.00181765 0.000143446     177.867     7.64027     14.2293           0
-0 -0  1
1
   0.400002   -0.450014 5.77188e-05
 -0.0018825 0.000106226     144.573           0           0           0
-0 -0  1
0
  0.699954   0.100042 2.4904e-05
-0.00359937 7.91006e-05     128.425           0           0           0
0 0 1
3
4
-7.43444e-05  5.32401e-05  0.000150505
 0.0204967 0.00501739    342.296    3.26799    27.3838          0
0 0 1
1
       0.4  -0.450048 9.8397e-05
-0.00654356 -5.3153e-05     190.688           0           0           0
-0 -0  1
0
   0.699916    0.100076 4.44452e-05
  -0.014598 -0.00481939     97.3147           0           0           0
0 0 1
4
4
-9.00657e-05  6.66316e-05  0.000168738
 0.0113345 0.00682343    185.133    9.68672    14.8111          0
0 0 1
1
  0.399996  -0.450067 0.00012175
-0.00680597 -0.00373502     141.085           0           0           0
-0 -0  1
0
     0.6999    0.100092 5.58524e-05
0.00338515 -0.0117107    120.879          0          0          0
0 0 1
5
-1.33176e-05    -0.199991  1.63324e-05
-0.0082681 0.00870155    183.202    9.68379    14.6562          0
-0 -0  1
3
4
-0.000102806  7.77995e-05   0.00018308
0.00324729  0.0229571    209.964   -16.7974    6.12225          0
0 0 1
0
   0.699887    0.100105 6.49814e-05
0.00269951 -0.0194172    174.952          0          0          0
0 0 1
5
-2.40988e-05    -0.199984  2.92186e-05
-0.00621949 -0.00349588     245.382    -19.6306     6.11534           0
-0 -0  1
4
0
    0.699984     0.100015 -5.36576e-08
0.000688952 -0.00102019     197.868           0           0           0
0 0 1
1
    0.699995    -0.299988 -4.54467e-06
9.77705e-05 -0.00100969     196.931           0           0           0
-0 -0  1
4
-1.16295e-05 -9.20368e-06  4.82732e-06
-2.62289e-05  0.000980483      117.982      2.33797     -9.43837            0
0 0 1
5
-5.55721e-06    -0.200009  5.16095e-06
-0.000661772   0.00104075      117.516      2.33799     -9.40114            0
-0 -0  1
