2
4
-1.20091e-07 -4.63633e-08 -8.50046e-07
2.73483e-07 5.37601e-09     315.159   0.0957965    -4.97778           0
0 0 1
5
-4.51478e-07      -0.2063 -9.07495e-07
5.71184e-07 1.08795e-08     315.139   0.0957965    -4.97778           0
-0 -0  1
3
4
-1.99738e-05  2.86284e-06  6.44929e-05
-0.000271433  0.000409472      214.187     -17.1348      17.1351            0
0 0 1
5
-1.88465e-05    -0.206312   5.4528e-05
 -0.00237549 -0.000588035      238.842     -19.1069      19.1078            0
-0 -0  1
0
   0.450007   0.0500209 9.84258e-05
 0.00156118 0.000837609     177.272           0           0           0
0 0 1
4
4
-2.03356e-05  2.82681e-06  6.44669e-05
-0.00102774 -0.00601277     238.803 -0.00916535     19.1043           0
0 0 1
5
-1.92956e-05    -0.206312   5.4503e-05
 0.00155604 -0.00551429     238.804  -0.0142595     19.1043           0
-0 -0  1
0
   0.450007   0.0500392 0.000101397
0.00925833 0.00650284    68.2237          0          0          0
0 0 1
1
    0.399996    -0.450004 -4.74238e-07
-0.00988111  0.00510799     84.4665           0           0           0
-0 -0  1
3
4
-2.06016e-05  2.80569e-06  6.44419e-05
 0.00141761 -0.00190686     237.158     18.1232     18.9725           0
0 0 1
5
-1.96207e-05    -0.206312  5.44787e-05
 0.00215333 -0.00151601     233.442      18.121     18.6749           0
-0 -0  1
1
    0.399992    -0.450006 -1.02947e-06
-0.00363101  0.00348854     159.698           0           0           0
-0 -0  1
4
4
-2.21354e-05   3.3999e-06  6.45172e-05
-0.0108834 -0.0319086    203.307    9.91018    16.2645          0
0 0 1
5
-2.10662e-05    -0.206312  5.46482e-05
 0.0113627 -0.0315978    201.276    9.90803    16.1018          0
-0 -0  1
1
    0.399992    -0.450005 -2.38148e-07
0.0311636  0.014593   131.564         0         0         0
-0 -0  1
0
   0.699998    0.100004 9.00447e-07
-0.0317059   0.048963    94.1504          0          0          0
0 0 1
3
4
-2.32124e-05   3.8233e-06   6.4573e-05
-6.29495e-05  0.000522543      211.908     -16.9526      16.1634            0
0 0 1
5
-2.20789e-05    -0.206312  5.47713e-05
  0.00311509 -0.000980978      249.067      -19.925      16.1607            0
-0 -0  1
0
   0.699997    0.100006 1.68079e-06
-0.00308174 0.000463592     169.322           0           0           0
0 0 1
4
0
    0.699984     0.100015 -5.36576e-08
0.000683637 -0.00103464     197.868           0           0           0
0 0 1
1
    0.699995    -0.299988 -4.54467e-06
7.88928e-05 -0.00102414     196.931           0           0           0
-0 -0  1
4
-1.16295e-05 -9.20368e-06  4.82732e-06
-3.49354e-05  0.000989765      117.982      2.33797     -9.43837            0
0 0 1
5
-5.55721e-06    -0.200009  5.16095e-06
-0.000677261   0.00105004      117.516      2.33799     -9.40113            0
-0 -0  1
