2
4
-1.20091e-07 -4.63633e-08 -8.50046e-07
2.73483e-07 5.37601e-09     315.159   0.0957965    -4.97778           0
0 0 1
5
-4.51478e-07      -0.2063 -9.07495e-07
5.71184e-07 1.08795e-08     315.139   0.0957965    -4.97778           0
-0 -0  1
3
4
-1.34643e-05 -1.86863e-06  4.19749e-05
0.000371538 1.50195e-05     202.498    -16.2002     14.5702           0
0 0 1
5
-1.3198e-05   -0.206302 4.17222e-05
 -0.00228108 -7.42855e-05      279.218     -22.3378      14.5701            0
-0 -0  1
0
    0.44999   0.0500098 5.86762e-05
 0.00118061 0.000467923     148.582           0           0           0
0 0 1
4
4
-1.52068e-05  2.99299e-06  4.41844e-05
-3.06746e-05 -5.26112e-05      159.399     -2.84231      10.6117            0
0 0 1
5
-1.54416e-05    -0.206303  4.47795e-05
 0.000106156 -5.09199e-05      159.985     -2.84231      10.6117            0
-0 -0  1
0
   0.449998   0.0500207 6.46626e-05
0.000154992 0.000290286     154.481           0           0           0
0 0 1
1
        0.4   -0.449987 1.56149e-06
 -0.0001983 7.93029e-05     156.433           0           0           0
-0 -0  1
3
4
-1.92244e-05 -3.81858e-05  5.33466e-05
 3.54326e-05 -0.000449111      215.638      17.2511     -14.2366            0
0 0 1
5
-1.89803e-05    -0.206304  4.70337e-05
-0.000157486 -0.000285993      209.031      16.7228     -14.2368            0
-0 -0  1
1
    0.40001   -0.449988 9.31688e-06
1.82947e-05 0.000376191     205.629           0           0           0
-0 -0  1
4
4
-4.40412e-05 -2.16422e-05  8.38531e-05
0.00381953  0.0036936    177.195    7.05653    14.1757          0
0 0 1
5
-4.14355e-05    -0.206292  7.36935e-05
0.000279694  0.00367314     175.748     7.05691     14.0601           0
-0 -0  1
1
   0.400005   -0.450017 4.46037e-05
 -0.0053028 -0.00167133     145.883           0           0           0
-0 -0  1
0
   0.699972    0.100023 1.56141e-05
0.000629363 -0.00566594     131.473           0           0           0
0 0 1
3
4
-6.41771e-05 -7.63163e-06  0.000107591
0.000477143  0.00574275     207.064    -16.5651    -2.30566           0
0 0 1
5
-5.9625e-05   -0.206282 9.44318e-05
0.00205457 0.00206397    257.752   -20.6201    -2.3041          0
-0 -0  1
0
    0.69995    0.100041 2.79029e-05
 -0.0029796 -0.00780847     165.482           0           0           0
0 0 1
4
0
    0.699984     0.100015 -5.36576e-08
0.000689214 -0.00101411     197.868           0           0           0
0 0 1
1
    0.699995    -0.299988 -4.54467e-06
0.000101384 -0.00100361     196.931           0           0           0
-0 -0  1
4
-1.16295e-05 -9.20368e-06  4.82732e-06
-2.51283e-05  0.000980695      117.982      2.33797     -9.43837            0
0 0 1
5
-5.55721e-06    -0.200009  5.16095e-06
-0.000658996   0.00104097      117.516      2.33799     -9.40114            0
-0 -0  1
