2
4
-1.20091e-07 -4.63633e-08 -8.50046e-07
2.73483e-07 5.37601e-09     315.159   0.0957965    -4.97778           0
0 0 1
5
-4.51478e-07      -0.2063 -9.07495e-07
5.71184e-07 1.08795e-08     315.139   0.0957965    -4.97778           0
-0 -0  1
3
4
-7.14478e-06  1.63325e-06   1.8815e-05
-3.86462e-05  -0.00124402      306.524      24.5219      4.34463            0
0 0 1
5
-6.54466e-06    -0.206298  1.68946e-05
-9.94108e-05 -0.000133135      195.684      15.6547      4.34526            0
-0 -0  1
1
   0.449977   -0.250002 1.41807e-05
-0.000340359   0.00111248      128.091            0            0            0
0 0 1
4
4
-8.02615e-06  1.78511e-06  2.11772e-05
0.000352772  0.00100947     173.836     3.82634     13.9069           0
0 0 1
5
-7.50477e-06    -0.206298  1.93243e-05
-0.000964396   0.00102554      173.052      3.82625      13.8442            0
-0 -0  1
1
   0.449985   -0.250011 2.06027e-05
-0.00114917  -0.0015632      134.71           0           0           0
0 0 1
0
    0.299969     0.499987 -6.33925e-07
  0.00157644 -0.000621934      148.699            0            0            0
0 0 1
3
4
-8.77037e-06  1.90784e-06  2.30891e-05
-0.000461216    0.0115838      348.311     -27.8651      27.8647            0
0 0 1
1
  0.449992  -0.250017 2.5799e-05
 -0.0106448 -0.00825809     134.389           0           0           0
0 0 1
0
    0.299945     0.499974 -1.60726e-06
  0.0109021 -0.00346464     147.598           0           0           0
0 0 1
4
4
-9.14672e-06  2.07687e-06  2.42447e-05
0.000822213 0.000880312      175.63     3.89486     14.0504           0
0 0 1
1
   0.449995    -0.25002 2.87612e-05
-0.000198413  -0.00135268      132.289            0            0            0
0 0 1
0
     0.29993     0.499966 -2.39034e-06
  0.00100348 -0.000479384      147.524            0            0            0
0 0 1
5
-3.71352e-07         -0.2  1.28434e-06
-0.00171979 0.000881231     174.855     3.89684     13.9885           0
-0 -0  1
3
4
-9.46384e-06  2.20532e-06  2.52177e-05
-0.0427508 -0.0468564    488.748    39.0997      -39.1          0
0 0 1
1
  0.449997  -0.250023 3.1279e-05
0.00704343  0.0494677    67.2644          0          0          0
0 0 1
5
-6.31519e-07         -0.2  2.24977e-06
  0.0357621 -0.00232897     74.2854     5.94298    -5.94269           0
-0 -0  1
4
4
-9.64761e-06   2.3104e-06   2.5327e-05
0.000235048 6.62859e-05     162.468     2.28354     12.9974           0
0 0 1
1
   0.449997   -0.250026 3.18817e-05
 0.000214395 -0.000183978      152.815            0            0            0
0 0 1
5
-8.08057e-07         -0.2  2.33511e-06
-0.000279268  0.000111192      162.014      2.28371      12.9611            0
-0 -0  1
0
   0.500003    0.249979 2.20199e-06
-8.64556e-05   -0.0001428      153.002            0            0            0
-0 -0  1
3
4
-9.79411e-06  2.39347e-06  2.54132e-05
-0.000142937  0.000689534      210.061     -16.8049     -9.34572            0
0 0 1
5
-9.49031e-07         -0.2   2.4025e-06
 0.000129799 -0.000378612      218.998     -17.5196     -9.34493            0
-0 -0  1
0
   0.500006    0.249961 4.23747e-06
 9.44971e-05 -0.000443087      201.239            0            0            0
-0 -0  1
4
4
-1.16941e-05  2.60243e-06  2.56754e-05
  0.00206692 -6.46436e-05      201.217     0.296524      16.0974            0
0 0 1
5
-2.83882e-06    -0.199999  2.67226e-06
-0.000294365  -0.00032455      201.157     0.300304      16.0926            0
-0 -0  1
0
   0.500005    0.249967 6.26553e-06
-0.000897178  0.000170521      127.063            0            0            0
-0 -0  1
1
   0.700002   -0.300006 4.52332e-06
-0.000975212  0.000225148      100.861            0            0            0
-0 -0  1
3
4
-1.31123e-05  2.82305e-06  2.59146e-05
 0.00147856 -0.00365693     299.716     23.9772    -7.01215           0
0 0 1
5
-4.23689e-06    -0.199999   2.8943e-06
0.00177856 0.00623235    205.053    16.4044   -7.02733          0
-0 -0  1
1
   0.700004   -0.300011 7.94874e-06
 -0.0033101 -0.00250708     125.529           0           0           0
-0 -0  1
4
0
    0.699984     0.100015 -5.36576e-08
 0.000695261 -0.000991476      197.868            0            0            0
0 0 1
1
    0.699995    -0.299988 -4.54467e-06
 0.000122442 -0.000980971      196.931            0            0            0
-0 -0  1
4
-1.16295e-05 -9.20368e-06  4.82732e-06
-1.53283e-05  0.000977065      117.982      2.33795     -9.43837            0
0 0 1
5
-5.55721e-06    -0.200009  5.16095e-06
-0.000641691   0.00103734      117.516      2.33797     -9.40114            0
-0 -0  1
