2
4
-1.20091e-07 -4.63633e-08 -8.50046e-07
2.73483e-07 5.37601e-09     315.159   0.0957965    -4.97778           0
0 0 1
5
-4.51478e-07      -0.2063 -9.07495e-07
5.71184e-07 1.08795e-08     315.139   0.0957965    -4.97778           0
-0 -0  1
3
4
-1.19279e-05  4.91854e-07   2.9987e-05
-0.000386044  9.12848e-05      236.977     -18.9583       18.958            0
0 0 1
5
-1.12015e-05    -0.206299  2.90943e-05
-0.000698669  1.38192e-05      254.667     -20.3735      20.3732            0
-0 -0  1
0
   0.449985   0.0500026 3.53383e-05
0.000557312 0.000172549     138.655           0           0           0
0 0 1
4
4
-1.22315e-05  4.20503e-07  3.02521e-05
 1.40511e-05 -0.000318294      168.333     -2.01546      13.4666            0
0 0 1
5
 -1.151e-05     -0.2063 2.93881e-05
 0.000334487 -0.000319911      168.746     -2.01546      13.4997            0
-0 -0  1
0
   0.449993   0.0500031 3.87303e-05
0.0003308 0.0004833   143.689         0         0         0
0 0 1
1
   0.350003   -0.449991 1.80566e-06
-0.000583193  0.000234691       149.53            0            0            0
-0 -0  1
3
4
-1.24661e-05  3.65404e-07  3.04496e-05
-0.000122714  -0.00445374      332.464     -26.1125      26.5969            0
0 0 1
0
       0.45   0.0500031 4.15283e-05
0.00334317 0.00361967    122.504          0          0          0
0 0 1
1
   0.350006   -0.449983 3.35443e-06
-0.00319594   0.0008943     175.329           0           0           0
-0 -0  1
4
4
-4.34115e-05 -7.56284e-07  3.30481e-05
   0.0001592 -0.000379409      168.568     -2.09183      13.4854            0
0 0 1
0
   0.450001   0.0499951 4.24949e-05
0.000331765 0.000520489     143.382           0           0           0
0 0 1
1
       0.35    -0.44997 4.40989e-06
-0.000552969  0.000241808      149.363            0            0            0
-0 -0  1
5
-4.58774e-05    -0.200009  1.54849e-05
-0.000218406 -0.000403689      168.984      -2.0918      13.5187            0
-0 -0  1
3
4
-4.37479e-05  -8.0595e-07  3.32064e-05
0.00229352 0.00632909    192.616   -15.4092   -15.4093          0
0 0 1
0
   0.450006   0.0499952 4.45506e-05
0.000387744 -0.00195101     121.093           0           0           0
0 0 1
5
-4.62257e-05    -0.200009  1.56626e-05
 -0.0026197 -0.00444134     316.589     -25.327    -19.8132           0
-0 -0  1
4
4
-4.32214e-05 -2.06751e-05  4.69223e-05
 9.56759e-05 -0.000153398      159.838     -2.02394       9.1515            0
0 0 1
0
   0.450003   0.0499976 4.63157e-05
6.57878e-05 6.43472e-05     155.618           0           0           0
0 0 1
5
-4.9096e-05    -0.20001 1.85363e-05
-6.67918e-05 -0.000210853      160.243     -2.02394       9.1515            0
-0 -0  1
1
   0.649998   -0.350002 1.82429e-06
-0.000146752  7.16084e-05      154.598            0            0            0
0 0 1
3
4
-4.57565e-05 -2.62988e-05  5.82134e-05
 7.72035e-05 -0.000779842      220.065      17.6052      1.75467            0
0 0 1
5
-5.27308e-05     -0.20001   3.4751e-05
 3.61592e-05 -0.000125168      210.531      16.8424      1.75334            0
-0 -0  1
1
   0.649974   -0.350018 8.53025e-06
-0.000410044  0.000768889      199.702            0            0            0
0 0 1
4
4
-4.59847e-05 -2.62707e-05  5.88529e-05
  0.0013804 0.000290499     172.099     1.13495     13.7679           0
0 0 1
5
-5.30658e-05    -0.200014  3.50851e-05
  0.00049321 -4.80145e-05      171.873      1.13599      13.7499            0
-0 -0  1
1
   0.649974   -0.350019 9.17322e-06
-0.000830641 -0.000148267      143.898            0            0            0
0 0 1
0
    0.699996    0.0999993 -5.89926e-07
   -0.001073 -0.000153215      142.428            0            0            0
0 0 1
3
4
-4.61812e-05 -2.62422e-05  5.94246e-05
-0.00361738  0.00439884     188.855    -15.1084    -15.1083           0
0 0 1
5
-5.33581e-05    -0.200018   3.5383e-05
 0.00748194 -0.00923087     255.853    -20.4675     -20.469           0
-0 -0  1
0
    0.699993    0.0999988 -1.04068e-06
-0.00386916  0.00472511     185.589           0           0           0
0 0 1
4
0
    0.699984     0.100015 -5.36576e-08
0.000670308 -0.00102162     197.868           0           0           0
0 0 1
1
    0.699995    -0.299988 -4.54467e-06
7.69571e-05 -0.00101111     196.931           0           0           0
-0 -0  1
4
-1.16295e-05 -9.20368e-06  4.82732e-06
-4.54153e-05  0.000982855      117.982      2.33797     -9.43837            0
0 0 1
5
-5.55721e-06    -0.200009  5.16095e-06
-0.000682044   0.00104313      117.516      2.33799     -9.40113            0
-0 -0  1
