2
4
-1.20091e-07 -4.63633e-08 -8.50046e-07
2.73483e-07 5.37601e-09     315.159   0.0957965    -4.97778           0
0 0 1
5
-4.51478e-07      -0.2063 -9.07495e-07
5.71184e-07 1.08795e-08     315.139   0.0957965    -4.97778           0
-0 -0  1
3
4
-3.18699e-06  1.35613e-08  1.32845e-05
-0.000626648  5.81538e-05       220.15     -12.7543      17.6121            0
0 0 1
5
-5.34074e-06    -0.206306  1.21517e-05
-0.000817861  7.49838e-05      222.765     -12.7547      17.8214            0
-0 -0  1
0
   0.450033   0.0499972 3.79993e-05
0.000964964 7.41273e-05     187.384           0           0           0
0 0 1
4
4
-4.28081e-06  3.72069e-07  1.63655e-05
-8.77137e-05 -6.32948e-05      160.885      3.89331      12.0924            0
0 0 1
5
-6.28928e-06    -0.206306  1.48888e-05
 1.34667e-05 -5.75467e-05      160.082      3.89331      12.0924            0
-0 -0  1
0
   0.450044   0.0500026 4.38666e-05
0.000215991  8.9309e-05     155.638           0           0           0
0 0 1
1
   0.450001   -0.449981 3.03542e-06
1.07288e-05 0.000248253     153.692           0           0           0
0 0 1
3
4
-5.15757e-06  6.62026e-07  1.87195e-05
 8.30532e-05 -0.000585641      242.347      19.3877     -18.5764            0
0 0 1
5
-7.06125e-06    -0.206306  1.69688e-05
 3.90502e-05 -0.000256598      212.688      17.0148     -17.0154            0
-0 -0  1
1
   0.450002   -0.449964 5.57199e-06
1.53049e-05  0.00104453     175.262           0           0           0
0 0 1
4
4
-1.25291e-05  5.22846e-06  5.29186e-05
-0.00298617 -0.00754281     177.472     5.94308     14.1977           0
0 0 1
5
-1.37702e-05    -0.206301  4.98944e-05
 0.00224635 -0.00749303     176.254     5.94244     14.1002           0
-0 -0  1
1
   0.450012   -0.449989 3.67532e-05
0.00781719 0.00437715    144.147          0          0          0
0 0 1
0
   0.699959    0.100056 2.32058e-05
-0.00744913   0.0110257     132.426           0           0           0
0 0 1
3
4
-1.87001e-05  9.02443e-06  7.97758e-05
0.000433392  0.00741613     205.587    -16.4469    -7.36083           0
0 0 1
5
-1.93936e-05    -0.206298  7.57277e-05
-0.00253898  0.00644999     263.789    -21.1033    -7.36448           0
-0 -0  1
0
   0.699926      0.1001 4.09383e-05
0.00180871 -0.0136231    160.922          0          0          0
0 0 1
4
0
    0.699984     0.100015 -5.36576e-08
0.000694176 -0.00101483     197.868           0           0           0
0 0 1
1
    0.699995    -0.299988 -4.54467e-06
9.00235e-05 -0.00100432     196.931           0           0           0
-0 -0  1
4
-1.16295e-05 -9.20368e-06  4.82732e-06
-2.42486e-05   0.00100855      117.982      2.33796     -9.43837            0
0 0 1
5
-5.55721e-06    -0.200009  5.16095e-06
-0.000666278   0.00106882      117.516      2.33798     -9.40114            0
-0 -0  1
