2
4
-1.20091e-07 -4.63633e-08 -8.50046e-07
2.73483e-07 5.37601e-09     315.159   0.0957965    -4.97778           0
0 0 1
5
-4.51478e-07      -0.2063 -9.07495e-07
5.71184e-07 1.08795e-08     315.139   0.0957965    -4.97778           0
-0 -0  1
3
4
-1.65833e-05   9.7635e-07  5.39669e-05
0.000269807 0.000911499     204.495    -16.3597     16.0675           0
0 0 1
5
-1.35768e-05    -0.206299  4.81587e-05
 -0.00210335 -0.000849711      266.653     -21.3323      16.0675            0
-0 -0  1
0
    0.44999   0.0500104 6.90766e-05
 0.00105881 0.000463107     159.151           0           0           0
0 0 1
4
4
-2.19456e-05 -2.85456e-06   7.0067e-05
 0.000443962 -0.000477734       165.04     -1.97555      13.2032            0
0 0 1
5
-9.67383e-06    -0.206299  3.39722e-05
-0.000350238 -0.000547932      165.444     -1.97554      13.2355            0
-0 -0  1
0
   0.449996    0.050021 7.29442e-05
0.00039469 0.00102822    144.165          0          0          0
0 0 1
1
   0.200006   -0.549998 4.31236e-06
-0.000434005  6.00537e-05      155.648            0            0            0
0 0 1
3
4
-2.72304e-05 -6.66268e-06  8.57384e-05
-3.01236e-05  -0.00223956      222.799       17.824     -15.0417            0
0 0 1
5
-5.68214e-06      -0.2063  1.95625e-05
0.000419404   0.0011334     212.357     16.9887    -15.0417           0
-0 -0  1
1
    0.20001   -0.549998 8.43806e-06
-0.000345626   0.00116343      195.141            0            0            0
0 0 1
4
4
-4.81695e-05 -4.59908e-06  9.88084e-05
0.00485188 -0.0014433    183.987    6.69013    14.7187          0
0 0 1
5
-1.95486e-05    -0.206302  1.36225e-05
 -0.00258327 -0.000914016      182.612      6.69044      14.6088            0
-0 -0  1
1
   0.200022   -0.550033 3.54505e-05
 0.000580391 -0.000153343      154.108            0            0            0
0 0 1
0
   0.699963   0.0999795 2.46011e-05
-0.0032592 0.00205675    109.592          0          0          0
0 0 1
3
4
-6.51269e-05 -3.03226e-06  0.000110357
0.000464369   0.0272148      204.57    -16.3657    -1.74246           0
0 0 1
5
-2.9128e-05   -0.206303 5.81281e-06
0.00513251 -0.0318336    319.871   -25.5897   -1.73994          0
-0 -0  1
0
   0.699942   0.0999617 4.14894e-05
-0.00577168  0.00422536     105.857           0           0           0
0 0 1
4
4
-6.67787e-05 -3.60485e-06  0.000114441
 0.00867098 -0.00372612     203.271     6.28917     16.2614           0
0 0 1
5
-2.79847e-05    -0.206304   1.9941e-06
-0.00412287 -0.00303152     201.975     6.28962     16.1578           0
-0 -0  1
0
   0.699933   0.0999534 4.06887e-05
-0.00317598  0.00441312     100.887           0           0           0
0 0 1
1
   0.500001   -0.449978 9.41617e-06
-0.00140342  0.00244505     124.164           0           0           0
0 0 1
3
4
-6.83787e-05  -4.1865e-06  0.000118423
0.0221165 -0.016311   395.946  -9.46234   31.6761         0
0 0 1
0
   0.699926   0.0999479 3.98314e-05
-0.0177188  0.0124789    72.9848          0          0          0
0 0 1
1
   0.500002   -0.449961 1.65103e-05
-0.0044705 0.00391421    161.366          0          0          0
0 0 1
4
4
-7.00927e-05 -4.68013e-06  0.000122442
 0.00969155 -0.00384829     203.513     6.66787     16.2807           0
0 0 1
0
   0.699922   0.0999458 3.93419e-05
-0.00381344  0.00446494     100.712           0           0           0
0 0 1
1
   0.500002    -0.44995 2.07786e-05
-0.000350312   0.00242324      123.896            0            0            0
0 0 1
5
 1.18683e-06    -0.200001 -4.18386e-06
 -0.0055524 -0.00297888     202.177     6.67309     16.1741           0
-0 -0  1
3
4
-7.17613e-05 -5.19005e-06  0.000126411
0.00119083  0.0149915    209.784   -16.7824    7.02673          0
0 0 1
0
   0.699919   0.0999446 3.88707e-05
-0.00301405  0.00250901     162.792           0           0           0
0 0 1
5
 2.42691e-06    -0.200002 -8.45431e-06
0.00182088 -0.0174904    257.722   -20.6177    7.03665          0
-0 -0  1
4
0
    0.699984     0.100015 -5.36576e-08
0.000664396 -0.00101708     197.868           0           0           0
0 0 1
1
    0.699995    -0.299988 -4.54467e-06
6.92252e-05 -0.00100657     196.931           0           0           0
-0 -0  1
4
-1.16295e-05 -9.20368e-06  4.82732e-06
-5.17827e-05  0.000990577      117.982      2.33797     -9.43837            0
0 0 1
5
-5.55721e-06    -0.200009  5.16095e-06
-0.000689321   0.00105085      117.516      2.33799     -9.40113            0
-0 -0  1
