    -0.15369    -0.103148     0.764013  3.48449e-05      1.00358 -3.78584e-05 -3.95378e-05     -1.91986 -2.13634e-05     0.792206     0.124074  1.37951e-06 -3.95377e-05     -1.91986 -2.13631e-05     0.792195     0.124086  1.37961e-06 -1.86603e-05  8.48901e-06    -0.194453     0.468572     0.146537     -1.22472    0.0277109    -0.263255  3.76263e-05    -0.194443    -0.468598    -0.146574     -1.22471    -0.027655    -0.263253  4.14047e-05
  -0.220511  -0.0558455    0.719797   0.0235687     1.19889  -0.0232189    0.278701    -1.91986    0.354087    0.266473    0.437157    0.128985     0.27128    -1.91986    0.345085    0.278245    0.426252    0.125854   0.0591875    0.646414   -0.194453    0.468572    0.146537    -1.22472   0.0277109   -0.263255 3.76263e-05   -0.665803    -1.30592    -0.66242   -0.544179   -0.216858    0.726524   0.0340319
-0.0239971 -0.0705804   0.754846   0.100231    1.50863  -0.101442   0.210626   -1.91986   0.235611   0.243963   0.158311  0.0814875   0.206698   -1.91986   0.231362   0.252514   0.150067  0.0800649  -0.281095 -0.0374299  -0.499787   0.983269   0.188908    -1.0402   0.425932   0.361215  0.0211794  -0.886881  -0.661115  -0.373528  -0.864916  -0.359042   0.436546 -0.0759782
-0.0226578 -0.0707839   0.755043   0.101983     1.5097  -0.103153   0.209386   -1.91986   0.234175   0.245551   0.155752  0.0809581   0.205511   -1.91986   0.229984   0.254028   0.147577  0.0795547  -0.280447 -0.0394275  -0.491265   0.987481   0.189393   -1.04262   0.425504   0.357453  0.0296092  -0.887659  -0.658047  -0.371382  -0.864887  -0.355682   0.434219 -0.0784224
-0.0412186 -0.0600291   0.731522   0.130951    1.60679  -0.142596   0.266429   -1.91986   0.273761  0.0322434   0.269098   0.104397   0.259072   -1.91986   0.266091  0.0501444   0.251866   0.101855  -0.222937   0.127994  -0.661288    0.94249 0.00467315   -1.22794   0.310265   0.452045   0.230178   -1.65678   -1.20015  -0.185669  -0.725611  -0.409471   0.980498   0.170323
-0.0432545 -0.0596549   0.730711   0.131281    1.60689  -0.143219   0.268497   -1.91986   0.275868  0.0267393   0.274316    0.10539   0.260977   -1.91986   0.268029  0.0448188   0.256925   0.102793  -0.222157   0.131074  -0.666602   0.940011 0.00329452   -1.23133   0.310789   0.457937   0.228156   -1.66992   -1.20275  -0.180947  -0.722128  -0.404716   0.984762   0.173577
-0.0289198 -0.0614205   0.737524   0.127463    1.59851  -0.136874   0.261355   -1.91986   0.270646  0.0771247     0.2327   0.101068   0.254589   -1.91986    0.26357   0.093837   0.216594  0.0987257 -0.0757706    0.12082   -1.29132   0.591067 -0.0702598   -1.05324 -0.0229889   0.839337   0.276648   -1.80981  -0.984248 -0.0400437  -0.673577  -0.165315   0.955363   0.100948
-0.0301118 -0.0611511   0.737181   0.127565    1.59809  -0.137097   0.263008   -1.91986   0.272467  0.0746834   0.235399   0.101789   0.256135   -1.91986   0.265279  0.0914842   0.219218  0.0994102 -0.0769199   0.123786   -1.29885   0.585057 -0.0715455   -1.04451 -0.0259858   0.837313   0.274766   -1.81336  -0.987774 -0.0424247  -0.672201  -0.163947   0.957387   0.104622
-0.0309629 -0.0557222   0.736698    0.12545     1.5978  -0.138823   0.285344   -1.91986   0.295829  0.0704002   0.237874   0.113348   0.231449   -1.91986   0.239484  0.0911297    0.22198  0.0946846 -0.0729365    0.13366   -1.30643     0.5688  -0.072238   -1.03336 -0.0387026   0.832413   0.282162   -1.82192  -0.996427 -0.0450516  -0.669449    -0.1631   0.961703    0.11866
-0.0316323 -0.0555079   0.736509   0.125487    1.59748  -0.138953   0.286641   -1.91986   0.297258  0.0691077   0.239345   0.113909   0.232626   -1.91986   0.240786  0.0899257   0.223398  0.0952098 -0.0737626   0.135642   -1.31124   0.564393 -0.0725316   -1.02717 -0.0412014    0.83061   0.280815   -1.82369  -0.998972  -0.046813  -0.668833  -0.162485   0.962952   0.121088
   0.375431  -0.0968118    0.736999    0.160123      1.4966   -0.167712  -0.0275845    -1.59199  -0.0151363    0.664783   -0.570418  0.00772875   0.0327892    -1.59046   0.0453382    0.655796    -0.56298  0.00893742  -0.0528316 -0.00699379   -0.687385    0.391496    0.412926    -1.13812   -0.204272    0.438762    0.205728   -0.677028   -0.420759    -0.41611      -1.062   0.0754917    0.356733   -0.189807
