    -0.15369    -0.103148     0.764013  3.48449e-05      1.00358 -3.78584e-05 -3.95378e-05     -1.91986 -2.13634e-05     0.792206     0.124074  1.37951e-06 -3.95377e-05     -1.91986 -2.13631e-05     0.792195     0.124086  1.37961e-06 -1.86603e-05  8.48901e-06    -0.194453     0.468572     0.146537     -1.22472    0.0277109    -0.263255  3.76263e-05    -0.194443    -0.468598    -0.146574     -1.22471    -0.027655    -0.263253  4.14047e-05
  -0.104377   -0.111986     0.76178  0.00228544     1.29281 -0.00378057  -0.0585975    -1.91986  -0.0682975    0.425425    0.200953  -0.0226317  -0.0601236    -1.91631  -0.0699203    0.415744    0.207057  -0.0229543   0.0481884   -0.424533   -0.706276     1.00365      0.5083   -0.696197    0.185717    0.561227    0.154124   -0.452164   -0.574155   -0.465638   -0.950819   -0.108924   0.0871989   -0.139446
 -0.159247  -0.200512   0.707394    0.39598    1.40193  -0.344627  -0.523599   -1.91986   -0.52019  0.0697956   0.397401  -0.219816  -0.565322   -1.91986  -0.565497          0   0.459827  -0.233463   0.135935 -0.0922119    -1.0114   0.969465    0.32367  -0.742161   0.579797   0.660903  -0.107901   -1.01925  -0.929504  -0.193493  -0.779503  -0.538708   0.634403   0.365977
 -0.160146  -0.201038   0.707175   0.409989    1.39951  -0.357249  -0.523599   -1.91986  -0.517377   0.071319   0.397883  -0.220116  -0.565202   -1.91986  -0.562595          0   0.461889  -0.233762    0.13132 -0.0938065   -1.01855   0.969335   0.323342  -0.733841   0.578398    0.66018  -0.114146   -1.02328  -0.925978  -0.197609  -0.772926  -0.536664   0.633132   0.371452
   -0.159083    -0.204809     0.706759     0.319442      1.39957    -0.263473    -0.519238     -1.91986    -0.530391    0.0763862     0.395794    -0.228581    -0.623795     -1.91986    -0.643366 -8.67362e-18     0.452336    -0.261799     0.146051   -0.0957109     -1.02889     0.969361     0.323149    -0.700237     0.597095     0.644447    -0.145151     -1.00859    -0.924682    -0.191663    -0.784601    -0.528934     0.631932     0.349765
   -0.159112    -0.204437     0.706752     0.305274      1.40018    -0.250348    -0.519379     -1.91986    -0.533106    0.0752665     0.396491    -0.228558    -0.624234     -1.91986    -0.646357 -1.04083e-17     0.451772    -0.261799     0.150167   -0.0938751     -1.03065     0.968301     0.323238    -0.696409     0.599127      0.64231    -0.147767     -1.00811     -0.92638    -0.190389    -0.786942    -0.527705     0.633825      0.34769
  -0.102496   -0.201721    0.719843    0.185484        1.48   -0.142677   -0.523599    -1.91986   -0.554763   0.0806269     0.31096   -0.224124   -0.671648    -1.91088   -0.707755           0    0.354812   -0.261748  -0.0155729   0.0405042    -1.20572    0.714198   0.0758896   -0.842907    0.203946    0.690422   0.0960721     -1.4171   -0.891535  -0.0949519    -0.78414   -0.177637    0.865214 -0.00950352
  -0.102062   -0.201637    0.719918    0.180212      1.4807   -0.137618   -0.523599    -1.91986   -0.555229   0.0804472    0.310427   -0.224067   -0.671907    -1.91084   -0.708445           0    0.353998   -0.261707  -0.0167756   0.0393319    -1.20343     0.71461   0.0754792   -0.849087    0.200972    0.694018   0.0988864    -1.41399   -0.892338   -0.096165   -0.786489   -0.181024    0.864764 -0.00973747
-3.37199e-05    -0.193203     0.735369     0.117607      1.60004   -0.0869923    -0.523599     -1.91291    -0.547267     0.120558     0.145246    -0.206109    -0.670147     -1.90338    -0.694062    0.0512071     0.178635    -0.241057    0.0616073    -0.175472     -1.60538      1.15016    0.0811476    -0.864115     0.346856      1.02635    -0.128852      -1.3412    -0.604293   -0.0519133    -0.990707   -0.0758729     0.814613   -0.0944765
-0.000362337    -0.195334     0.734791     0.115666      1.60096   -0.0846274    -0.523599     -1.91778    -0.547801     0.125595     0.143458    -0.209116    -0.671999     -1.90708    -0.696289    0.0535658      0.17783    -0.244344    0.0617636    -0.177145     -1.60524      1.15703    0.0815258    -0.867117      0.35254      1.03004    -0.131851     -1.34238    -0.597999    -0.052057    -0.995628   -0.0686271     0.818904   -0.0979528
   0.375431  -0.0968118    0.736999    0.160123      1.4966   -0.167712  -0.0275845    -1.59199  -0.0151363    0.664783   -0.570418  0.00772875   0.0327892    -1.59046   0.0453382    0.655796    -0.56298  0.00893742  -0.0528316 -0.00699379   -0.687385    0.391496    0.412926    -1.13812   -0.204272    0.438762    0.205728   -0.677028   -0.420759    -0.41611      -1.062   0.0754917    0.356733   -0.189807
