    -0.15369    -0.103148     0.764013  3.48449e-05      1.00358 -3.78584e-05 -3.95378e-05     -1.91986 -2.13634e-05     0.792206     0.124074  1.37951e-06 -3.95377e-05     -1.91986 -2.13631e-05     0.792195     0.124086  1.37961e-06 -1.86603e-05  8.48901e-06    -0.194453     0.468572     0.146537     -1.22472    0.0277109    -0.263255  3.76263e-05    -0.194443    -0.468598    -0.146574     -1.22471    -0.027655    -0.263253  4.14047e-05
 -0.147219 -0.0829173   0.749176  0.0224583    1.26571  -0.020762   0.117652   -1.91986   0.149076   0.359262   0.291661  0.0526009    0.11653   -1.91986   0.147733   0.362532    0.28845  0.0521199  0.0909776   -0.47207   -0.76788    1.03779   0.588357  -0.641629    0.17097   0.601497   0.101914  -0.452164  -0.574155  -0.465638  -0.950819  -0.108924  0.0871989  -0.139446
    -0.1149   -0.127395    0.722628    0.128042       1.501   -0.113273   -0.111177    -1.91986   -0.112691   0.0449703    0.371452  -0.0530483   -0.126193    -1.90139   -0.128037           0    0.397485  -0.0560524     0.40964   0.0211974   -0.822154    0.820643    0.491408   -0.938846    0.638812    0.598646 -0.00483058   -0.630863    -1.24399   -0.267131    -1.03746   -0.803906    0.631675    0.426131
   -0.11583   -0.127085    0.722346    0.127388     1.50031   -0.112819   -0.110027    -1.91986   -0.111414   0.0437532     0.37341  -0.0524111   -0.124341    -1.90203   -0.126048           0    0.398891  -0.0552855    0.408443   0.0217046   -0.825853    0.821045    0.488558   -0.937607    0.635979    0.600146 -0.00301655    -0.63428    -1.23872   -0.276234    -1.03536   -0.801175    0.636594    0.435494
 -0.118253  -0.124521   0.721482   0.128118    1.49832  -0.112135 -0.0853325   -1.91986 -0.0843608  0.0409188   0.379116 -0.0445835  -0.145939   -1.90459  -0.149464          0   0.402492 -0.0646038   0.409184  0.0223068    -0.8351   0.819665   0.483001  -0.935767   0.629032   0.603986 0.00312234  -0.644086   -1.23481  -0.291522    -1.0322  -0.796379   0.650822   0.453151
 -0.119019  -0.124455   0.721266   0.127937    1.49757  -0.112035 -0.0853624   -1.91986 -0.0843332  0.0402035   0.380574 -0.0444892  -0.145602     -1.905  -0.149082          0   0.403663 -0.0644544   0.407819  0.0222953  -0.838048    0.82025   0.480984  -0.934411   0.626898   0.605237 0.00392539  -0.647648   -1.22993  -0.298109   -1.02984  -0.793876   0.654176   0.460681
  -0.175356   -0.183339    0.704534    0.395503     1.38834   -0.338446   -0.375048    -1.91986   -0.354425   0.0678358    0.434426    -0.17255   -0.448584    -1.91986   -0.436107 1.73472e-18    0.492569   -0.198932    0.018477   -0.022357    -1.51523    0.786447     0.12616   -0.239831    0.310736    0.476485   -0.162456    -1.59648   -0.921869    0.370828   -0.313362   -0.549272    0.579208    0.112008
  -0.175308   -0.183729     0.70455    0.404483     1.38772   -0.346598   -0.375617    -1.91986   -0.353257   0.0687148    0.433761   -0.172854   -0.449076    -1.91986   -0.434867 1.40134e-18    0.492821   -0.199225   0.0166638  -0.0232544    -1.51499     0.78671    0.130191   -0.239729      0.3089    0.476583   -0.164715    -1.59651   -0.921241    0.372725   -0.313339   -0.549636    0.578861    0.110351
   -0.084551    -0.146286     0.723249   -0.0920627      1.55791     0.107262     -0.24169     -1.91986     -0.25922     0.020272     0.330978    -0.102995     -0.29886     -1.91986     -0.31973 -2.26583e-18     0.345658     -0.12291     0.122424     -0.28374     -2.27131      1.14068    -0.062477    -0.266061    0.0120075     0.856284    -0.271812     -1.59254    -0.710201     0.506697    -0.466093    -0.652722     0.481726    0.0468515
  -0.0845585    -0.146189     0.723244    -0.116686      1.55791     0.131736    -0.241509     -1.91986    -0.259357    0.0200992     0.331106    -0.102893    -0.298663     -1.91986    -0.319849 -2.59921e-18     0.345612    -0.122801     0.122759    -0.283381     -2.27092      1.14006   -0.0606327    -0.266163    0.0104595     0.856263    -0.271693     -1.59279    -0.712057     0.511773    -0.467258    -0.655908     0.481677    0.0447099
   0.375431  -0.0968118    0.736999    0.160123      1.4966   -0.167712  -0.0275845    -1.59199  -0.0151363    0.664783   -0.570418  0.00772875   0.0327892    -1.59046   0.0453382    0.655796    -0.56298  0.00893742  -0.0528316 -0.00699379   -0.687385    0.391496    0.412926    -1.13812   -0.204272    0.438762    0.205728   -0.677028   -0.420759    -0.41611      -1.062   0.0754917    0.356733   -0.189807
