    -0.15369    -0.103148     0.764013  3.48449e-05      1.00358 -3.78584e-05 -3.95378e-05     -1.91986 -2.13634e-05     0.792206     0.124074  1.37951e-06 -3.95377e-05     -1.91986 -2.13631e-05     0.792195     0.124086  1.37961e-06 -1.86603e-05  8.48901e-06    -0.194453     0.468572     0.146537     -1.22472    0.0277109    -0.263255  3.76263e-05    -0.194443    -0.468598    -0.146574     -1.22471    -0.027655    -0.263253  4.14047e-05
  -0.121338   -0.116397    0.759458 -0.00774111     1.26194  0.00660917  -0.0769261    -1.91986  -0.0950851    0.435357     0.22128  -0.0332631  -0.0773684    -1.91986   -0.095633    0.432243    0.224383  -0.0334813  -0.0867931     0.49695   -0.194453    0.468572    0.146537    -1.22472   0.0277109   -0.263255 3.76263e-05   -0.678618     -1.0213   -0.637751   -0.642505   -0.173566    0.551129   -0.113197
 -0.0880157   -0.105115    0.744317  -0.0432321     1.45852    0.041941  -0.0147164    -1.91986  -0.0215587    0.182739    0.278444 -0.00637314  -0.0146974    -1.91986  -0.0215517    0.184289    0.276897  -0.0063904   -0.313689   0.0301097   -0.701778     0.84834    0.103691   -0.934763    0.312654    0.398493  -0.0513653   -0.939087   -0.734246   -0.414772   -0.832552   -0.351249    0.536397  -0.0956291
 -0.0896731   -0.105361    0.743783  -0.0420533     1.45789   0.0408145  -0.0162302    -1.91986  -0.0231321      0.1797    0.282101 -0.00696324   -0.016216    -1.91986  -0.0231305    0.181116    0.280688 -0.00698236   -0.312048   0.0291967   -0.699679    0.849246    0.108192   -0.938771    0.315341    0.402711  -0.0538564   -0.944647   -0.734407   -0.411587   -0.831159   -0.347625    0.539586   -0.097111
  -0.092453    -0.10342    0.742762  -0.0388928     1.45683   0.0385565 0.000733573    -1.91986 -0.00407119    0.174174    0.288815  -0.0012966  -0.0418674    -1.91986  -0.0513818    0.174779    0.287824  -0.0175977   -0.304872   0.0272808   -0.694348    0.845381    0.118568   -0.943615    0.316076    0.405786  -0.0546685   -0.953949   -0.736454    -0.40527   -0.828938   -0.341908     0.54609  -0.0963784
 -0.0936112   -0.103619    0.742378  -0.0380252     1.45638   0.0377516 -0.00038852    -1.91986 -0.00523509    0.172069    0.291369 -0.00175685  -0.0430299    -1.91986  -0.0525983    0.172556     0.29048  -0.0180765   -0.303814    0.026585   -0.692867    0.846004    0.121856   -0.946486    0.317942    0.408861  -0.0565621   -0.958051   -0.736307   -0.403375   -0.827712   -0.339334    0.548232  -0.0969872
   -0.146717   -0.0512995     0.712498    -0.132381      1.46038     0.110204      0.29541     -1.91986     0.312666 -4.16334e-17     0.443884     0.127586     0.237737     -1.91986     0.249383    0.0279531      0.42141     0.106546   -0.0278967   -0.0459669     -1.44288     0.843664    0.0458728     -0.73924     0.136333     0.846452    0.0272345     -1.33836    -0.635029    -0.134968    -0.727496   -0.0664256     0.705366    -0.113848
   -0.146953   -0.0492601     0.712404    -0.139382      1.45899     0.116143      0.30686     -1.91986     0.324466 -4.16334e-17     0.444067     0.132497     0.248231     -1.91986     0.260156    0.0293291     0.420522     0.111173   -0.0242652   -0.0433335     -1.44448     0.841327    0.0424715    -0.731766     0.136892     0.840931    0.0313367     -1.33922    -0.639805     -0.13102    -0.723473   -0.0709273     0.704299    -0.111484
-0.0470455 -0.0598201   0.730714 -0.0399884    1.59844  0.0223555   0.264626   -1.90128   0.277128          0   0.291131   0.106596   0.182519   -1.91986    0.19272  0.0505159   0.265047  0.0832173   -0.11961    0.17045   -1.39304   0.575762 -0.0480454  -0.961788  0.0328766   0.828071   0.138006   -1.83175   -1.06799 -0.0938276  -0.708174  -0.178907    1.01673   0.152704
-0.0470405 -0.0596995   0.730639 -0.0353511    1.59881  0.0177358     0.2652   -1.90168   0.277599          0   0.291105   0.106834   0.183604   -1.91986   0.193708   0.049905    0.26522  0.0835343  -0.121554   0.168981   -1.39348   0.574927 -0.0484034  -0.964612  0.0297431   0.831278   0.138179   -1.82971   -1.07027 -0.0942748   -0.70879  -0.183677    1.01646   0.152808
   0.375431  -0.0968118    0.736999    0.160123      1.4966   -0.167712  -0.0275845    -1.59199  -0.0151363    0.664783   -0.570418  0.00772875   0.0327892    -1.59046   0.0453382    0.655796    -0.56298  0.00893742  -0.0528316 -0.00699379   -0.687385    0.391496    0.412926    -1.13812   -0.204272    0.438762    0.205728   -0.677028   -0.420759    -0.41611      -1.062   0.0754917    0.356733   -0.189807
