    -0.15369    -0.103148     0.764013  3.48449e-05      1.00358 -3.78584e-05 -3.95378e-05     -1.91986 -2.13634e-05     0.792206     0.124074  1.37951e-06 -3.95377e-05     -1.91986 -2.13631e-05     0.792195     0.124086  1.37961e-06 -1.86603e-05  8.48901e-06    -0.194453     0.468572     0.146537     -1.22472    0.0277109    -0.263255  3.76263e-05    -0.194443    -0.468598    -0.146574     -1.22471    -0.027655    -0.263253  4.14047e-05
 -0.152973  -0.094533   0.749923  0.0384782    1.24513 -0.0355004  0.0449585   -1.91986  0.0690748   0.385634    0.28825  0.0239418  0.0449019   -1.91986  0.0690598   0.382307   0.291582  0.0240102  0.0245178   -0.53025  -0.707277    1.10638   0.567388  -0.609494   0.186145   0.604351   0.117004  -0.452164  -0.574155  -0.465638  -0.950819  -0.108924  0.0871989  -0.139446
 -0.158197 -0.0798932     0.7096  0.0257662    1.45402 -0.0304653   0.147796   -1.91986   0.168064          0   0.461505  0.0625786   0.145301   -1.91986   0.165347 0.00721539   0.454431  0.0617189   0.380355  0.0586486   -1.06428   0.817723   0.228652  -0.777564     0.5106   0.602822   0.152426   -1.30854   -1.11469  -0.167266  -0.692434  -0.497169   0.810394   0.627646
 -0.157741 -0.0789668   0.709721  0.0225578    1.45444 -0.0276754   0.153084   -1.91986   0.173516          0   0.460811  0.0648278   0.150393   -1.91986   0.170584 0.00773136   0.453237  0.0638957   0.380293  0.0614987   -1.06881   0.814402   0.222897  -0.774593   0.507662   0.600518   0.156002   -1.30395   -1.12047  -0.169377  -0.693932   -0.50256   0.811236   0.629538
-0.0430449 -0.0486914   0.726912  0.0192356     1.6174 -0.0336695   0.344286   -1.91986   0.357022          0   0.281823   0.134456   0.331589   -1.91986   0.343949  0.0210571   0.262252   0.130279   0.432326 -0.0420045   -1.30252    1.27692   0.289401  -0.800652   0.684596   0.906603  0.0180611   -1.17878   -1.06002  -0.182661  -0.931454   -0.65547   0.785336   0.654742
-0.0424961 -0.0479673   0.726925  0.0224305    1.61782 -0.0371063   0.348927   -1.91986   0.361582          0   0.280868   0.136178   0.335883   -1.91986   0.348156  0.0214325    0.26098   0.131893   0.434056 -0.0391483    -1.2993    1.27457   0.289386   -0.80187   0.686579   0.904583  0.0205491   -1.17559   -1.06538  -0.181408  -0.935029  -0.657731   0.786842   0.652334
 -0.0132791  -0.0385045    0.736332    0.040758     1.61144  -0.0545587    0.418736    -1.91986    0.433897   0.0722473    0.205794      0.1583       0.401    -1.91986    0.415688   0.0977958    0.182742    0.152615     0.23802  -0.0065535    -1.56526     0.96756    0.040796   -0.872104    0.294203    0.955216    0.160298    -1.53124   -0.853227 -0.00616335   -0.892527     -0.2346    0.919111    0.216562
 -0.0144425  -0.0380876    0.735938   0.0415363     1.61132  -0.0555799    0.421337    -1.91986    0.436553   0.0691668    0.208624    0.159376    0.403317    -1.91986    0.418056   0.0949278    0.185414    0.153606    0.236567 -0.00568292    -1.57409    0.961708   0.0414158   -0.866266    0.286851    0.955913    0.156782      -1.533   -0.855443 -0.00770464   -0.891832   -0.236196    0.920741    0.218577
 -0.0158736  -0.0307379    0.734805    0.038976     1.61226  -0.0597512    0.446852    -1.91986    0.462394   0.0598456    0.213307    0.174192    0.377886    -1.91986    0.391444   0.0925942    0.190298    0.151855    0.241203  0.00753781    -1.58478    0.942302   0.0428765   -0.859005    0.269679    0.955068    0.164147     -1.5442   -0.868697 -0.00947799   -0.884962   -0.243808    0.927042    0.236653
-0.0167857 -0.0300919   0.734424  0.0396836    1.61219 -0.0607976   0.450915   -1.91986    0.46653  0.0570202   0.215586   0.175813   0.381385   -1.91986   0.395024  0.0901505   0.192359   0.153337   0.240048 0.00852489   -1.59179   0.937045  0.0431303  -0.854634   0.263183   0.955738   0.162272    -1.5456  -0.871228 -0.0109327  -0.884504  -0.245747   0.928603   0.238906
   0.375431  -0.0968118    0.736999    0.160123      1.4966   -0.167712  -0.0275845    -1.59199  -0.0151363    0.664783   -0.570418  0.00772875   0.0327892    -1.59046   0.0453382    0.655796    -0.56298  0.00893742  -0.0528316 -0.00699379   -0.687385    0.391496    0.412926    -1.13812   -0.204272    0.438762    0.205728   -0.677028   -0.420759    -0.41611      -1.062   0.0754917    0.356733   -0.189807
