2
4
-1.20091e-07 -4.63633e-08 -8.50046e-07
2.73483e-07 5.37601e-09     315.159   0.0957965    -4.97778           0
0 0 1
5
-4.51478e-07      -0.2063 -9.07495e-07
5.71184e-07 1.08795e-08     315.139   0.0957965    -4.97778           0
-0 -0  1
3
4
-1.13204e-05 -2.38759e-06   4.0306e-06
0.000443229 0.000840275     221.242    -17.6995     17.6992           0
0 0 1
5
-1.19964e-05    -0.206303  3.58053e-06
  -0.0001668 -0.000559804      266.103     -21.2893      21.2872            0
-0 -0  1
0
 0.449992 0.0500103 1.827e-06
-0.000559336 -0.000289223      142.952            0            0            0
0 0 1
4
4
-1.41178e-05 -2.12943e-06  4.25551e-06
0.000376981 5.28715e-05     224.755     4.91548     17.9805           0
0 0 1
5
-1.50633e-05    -0.206303  3.96942e-06
0.000228935 -0.00125939     223.748     4.92698     17.9001           0
-0 -0  1
0
  0.450003  0.0500028 6.7054e-06
-0.000170721  0.000515717      70.5612            0            0            0
0 0 1
1
   0.300018       -0.65 7.94487e-06
-0.000246704  0.000604013      111.233            0            0            0
-0 -0  1
3
4
-1.63157e-05 -1.93052e-06  4.44324e-06
-0.000419496  0.000314928      255.835      20.4667      7.55659            0
0 0 1
5
-1.74917e-05    -0.206304  4.29054e-06
 9.50421e-05 -0.000277529      225.891      18.0709      7.55125            0
-0 -0  1
1
   0.300033   -0.649999 1.43485e-05
0.000514936 -8.6896e-05     148.571           0           0           0
-0 -0  1
4
4
-1.81245e-05  -1.0004e-06  4.95839e-06
0.000184315 0.000155571     189.624     14.2691     15.1701           0
0 0 1
5
-1.88093e-05    -0.206303  4.97237e-06
 9.56355e-05 -0.000258776      186.699      14.2727      14.9367            0
-0 -0  1
1
   0.300042   -0.649989 1.52327e-05
0.000382952 0.000142298     142.298           0           0           0
-0 -0  1
0
   0.699995    0.100007 1.93884e-06
-0.000642815  0.000146552      111.677            0            0            0
0 0 1
3
4
-1.94393e-05 -2.99948e-07  5.35625e-06
 0.000933236 -0.000237914      205.005     -16.4004     -2.82018            0
0 0 1
5
-1.97342e-05    -0.206303  5.49725e-06
 0.00156319 -0.00226939     303.399    -24.2718    -2.80195           0
-0 -0  1
0
   0.699992    0.100012 3.32797e-06
-0.00245767  0.00256968     121.893           0           0           0
0 0 1
4
4
-2.05918e-05   8.0586e-07  7.33891e-06
-4.29788e-06 -0.000624751      192.481      12.1262      15.3987            0
0 0 1
5
-2.07307e-05    -0.206302  7.31508e-06
 0.000380701 -0.000965671      189.996      12.1295      15.2004            0
-0 -0  1
0
   0.699999   0.0999945 1.54163e-05
5.36413e-05 0.000808405     120.044           0           0           0
0 0 1
1
   0.549999   -0.449997 1.43845e-06
-0.000321687   0.00071428      127.776            0            0            0
0 0 1
3
4
-2.15515e-05  1.73284e-06  9.00269e-06
-0.00136066 -0.00634115     378.133    -0.98197     30.2506           0
0 0 1
0
  0.700006  0.0999799 2.6413e-05
0.00135829 0.00414413    98.7205          0          0          0
0 0 1
1
   0.549999   -0.449995 2.75838e-06
5.83142e-05  0.00214501     153.444           0           0           0
0 0 1
4
4
-2.33084e-05  3.48315e-06  1.04951e-05
-0.000173934  -0.00109999      193.359      13.0988       15.469            0
0 0 1
0
   0.700015   0.0999685 3.60609e-05
 0.0012296 0.00100074     119.33          0          0          0
0 0 1
1
   0.549998   -0.449993 4.25794e-06
-0.000312435  0.000986259      126.855            0            0            0
0 0 1
5
-1.44041e-06    -0.199999   1.4338e-06
-0.000667739 -0.000923414      190.754      13.0983      15.2606            0
-0 -0  1
3
4
-2.47552e-05  4.90698e-06  1.16547e-05
-4.24749e-05 -8.63293e-05      211.869     -16.9498      9.99842            0
0 0 1
0
   0.700022   0.0999593 4.46893e-05
0.000312352  0.00029872     203.159           0           0           0
0 0 1
5
-2.6191e-06   -0.199998 2.49089e-06
-0.000186036 -0.000242029       215.27     -17.0436      9.99841            0
-0 -0  1
4
0
    0.699984     0.100015 -5.36576e-08
0.000716622 -0.00105901     197.868           0           0           0
0 0 1
1
    0.699995    -0.299988 -4.54467e-06
9.76866e-05 -0.00104851     196.931           0           0           0
-0 -0  1
4
-1.16295e-05 -9.20368e-06  4.82732e-06
-5.49924e-06  0.000990229      117.982      2.33798     -9.43837            0
0 0 1
5
-5.55721e-06    -0.200009  5.16095e-06
-0.00065492   0.0010505     117.516       2.338    -9.40114           0
-0 -0  1
