2
4
-1.20091e-07 -4.63633e-08 -8.50046e-07
2.73483e-07 5.37601e-09     315.159   0.0957965    -4.97778           0
0 0 1
5
-4.51478e-07      -0.2063 -9.07495e-07
5.71184e-07 1.08795e-08     315.139   0.0957965    -4.97778           0
-0 -0  1
3
4
-1.80958e-05  -2.3522e-06   5.7034e-05
-0.00161049 0.000194018     252.373     20.1895     20.1902           0
0 0 1
5
-2.14474e-05    -0.206305  6.16658e-05
-0.000121803 -0.000340971      215.751        17.26      17.2602            0
-0 -0  1
1
   0.449986   -0.250017 7.61424e-05
  0.00088328 -0.000462476      162.175            0            0            0
0 0 1
4
4
-1.95001e-05 -2.75684e-06  6.04643e-05
0.00125795 0.00143236    180.668   -1.30365    14.4534          0
0 0 1
5
-2.31123e-05    -0.206306  6.52959e-05
-0.000142793   0.00158855      180.936     -1.30495      14.4749            0
-0 -0  1
1
   0.449992   -0.250028 8.31704e-05
  0.0014363 -0.00273029     120.064           0           0           0
0 0 1
0
   0.200003    0.299997 3.88542e-06
 -0.00253543 -0.000417701       148.63            0            0            0
0 0 1
3
4
-2.06563e-05 -3.10469e-06  6.32198e-05
0.00489014  0.0155243    374.443   -29.9559     29.955          0
0 0 1
1
   0.449998   -0.250036 8.88162e-05
0.00276371 -0.0048985    131.649          0          0          0
0 0 1
0
   0.200006    0.299995 7.06027e-06
-0.0077149 -0.0107674    124.206          0          0          0
0 0 1
4
4
-2.13637e-05 -3.33745e-06  6.49424e-05
0.00327425 0.00096384    182.486   -1.78228    14.5989          0
0 0 1
1
   0.450001    -0.25004 9.21896e-05
 0.00471841 -0.00176885       117.2           0           0           0
0 0 1
0
  0.200007   0.299993 9.1013e-06
 -0.00216613 -0.000279486      147.773            0            0            0
0 0 1
5
-8.91216e-07         -0.2  1.88647e-06
-0.00582393  0.00103018     182.838    -1.78341      14.627           0
-0 -0  1
3
4
-2.19514e-05 -3.52176e-06  6.62898e-05
-0.0111649 -0.0195782    324.253    25.9402   -1.21065          0
0 0 1
1
   0.450003   -0.250044 9.49714e-05
 0.00594034 -0.00288277     111.482           0           0           0
0 0 1
5
-1.59766e-06    -0.200001   3.3181e-06
0.00524358  0.0225254    194.563     15.565   -1.20431          0
-0 -0  1
4
4
-3.63613e-05  2.17654e-06  6.66441e-05
0.00731659 0.00235353    224.266    11.1933    17.9416          0
0 0 1
1
   0.449998   -0.250047 9.56873e-05
  0.0089033 -0.00294453     95.4882           0           0           0
0 0 1
5
-1.28662e-05    -0.199999  5.16423e-06
-0.00980404  0.00349718     222.037     11.1909     17.7631           0
-0 -0  1
0
    0.49999    0.200018 6.93114e-06
-0.00683309 -0.00257355     88.5059           0           0           0
-0 -0  1
3
4
-4.75057e-05  6.64232e-06  6.68485e-05
 0.00352018 0.000583535     226.446    -8.49687     18.1154           0
0 0 1
5
-2.15804e-05    -0.199997   6.5716e-06
 -0.0020556 0.000223866     228.133    -8.49767     18.2505           0
-0 -0  1
0
   0.499982    0.200032 1.16599e-05
 -0.00176454 -0.000546528      175.718            0            0            0
-0 -0  1
4
4
-4.7477e-05 6.59245e-06 6.68763e-05
 0.00610409 0.000729213     197.903     8.38358     15.8325           0
0 0 1
5
-2.11802e-05    -0.199997  6.60694e-06
-0.0018657 0.00144348    196.234    8.38248     15.699          0
-0 -0  1
0
   0.499984    0.200037 1.50252e-05
-0.000435397 -0.000657693      132.039            0            0            0
-0 -0  1
1
   0.700006   -0.299998 4.89785e-06
-0.00379192 -0.00143493     104.121           0           0           0
-0 -0  1
3
4
-4.74501e-05  6.54697e-06   6.6901e-05
0.00741827  -0.018791    331.224    26.4987   -22.4078          0
0 0 1
5
-2.08351e-05    -0.199997  6.63263e-06
0.0021743 0.0222143   200.668   16.0538   -16.053         0
-0 -0  1
1
   0.700011   -0.299997 8.99834e-06
-0.00956223 -0.00325172     98.4064           0           0           0
-0 -0  1
4
0
    0.699984     0.100015 -5.36576e-08
0.000667472 -0.00101762     197.868           0           0           0
0 0 1
1
    0.699995    -0.299988 -4.54467e-06
8.54246e-05 -0.00100711     196.931           0           0           0
-0 -0  1
4
-1.16295e-05 -9.20368e-06  4.82732e-06
-4.5425e-05 0.000967073     117.982     2.33797    -9.43837           0
0 0 1
5
-5.55721e-06    -0.200009  5.16095e-06
-0.000676402   0.00102734      117.516      2.33798     -9.40114            0
-0 -0  1
