2
4
-1.20091e-07 -4.63633e-08 -8.50046e-07
2.73483e-07 5.37601e-09     315.159   0.0957965    -4.97778           0
0 0 1
5
-4.51478e-07      -0.2063 -9.07495e-07
5.71184e-07 1.08795e-08     315.139   0.0957965    -4.97778           0
-0 -0  1
3
4
-4.2615e-05 8.92807e-06 2.84205e-05
  0.0049472 -0.00341725     301.647     24.1322     24.1312           0
0 0 1
5
-3.6823e-05   -0.206292 1.40618e-05
0.000529303 1.85722e-05     253.632      20.291     20.2901           0
-0 -0  1
1
    0.449966    -0.249997 -1.15033e-06
-0.00653279  0.00316631     75.0182           0           0           0
0 0 1
4
4
-4.31994e-05  9.18858e-06  3.00836e-05
0.000242029 -8.1452e-05     159.584     3.65631     10.9296           0
0 0 1
5
-3.69371e-05    -0.206292  1.56894e-05
 0.000111769 -2.88215e-05       158.83      3.65631      10.9296            0
-0 -0  1
1
  0.449969  -0.249991 1.1269e-06
-4.16605e-05  8.34561e-05      153.752            0            0            0
0 0 1
0
  0.250015   0.349987 1.9142e-06
-0.000111762  5.43471e-05      158.131            0            0            0
0 0 1
3
4
-4.37028e-05  9.40826e-06  3.16059e-05
-0.0200291  0.0118204      160.6   -12.8482   -12.8478          0
0 0 1
5
-3.70337e-05    -0.206292  1.71829e-05
-0.0136745 0.00557847    251.768   -20.1418   -20.1411          0
-0 -0  1
0
   0.250028    0.349975 3.61062e-06
 0.0341267 -0.0174521     217.93          0          0          0
0 0 1
4
4
-4.70539e-05  1.15168e-05  3.95135e-05
 0.00138205 -0.00137903     178.152     4.44302     14.2521           0
0 0 1
5
-4.00153e-05     -0.20629  2.46872e-05
 0.00128714 -0.00130569      177.24      4.4429     14.1792           0
-0 -0  1
0
   0.250038    0.349973 9.96512e-06
 -0.0029754 3.03498e-05       155.9           0           0           0
0 0 1
1
   0.699967   -0.300036 6.76997e-06
5.69918e-05  0.00231069     119.006           0           0           0
-0 -0  1
3
4
-4.94161e-05  1.30161e-05  4.49558e-05
   0.0129405 -0.000758546      401.568       32.125     -32.1259            0
0 0 1
5
-4.21165e-05    -0.206289  2.98481e-05
-0.000608826     0.017304      160.102       12.808     -12.8084            0
-0 -0  1
1
   0.699945   -0.300061 1.22826e-05
-0.0124567 -0.0166015    68.6272          0          0          0
-0 -0  1
4
4
-5.04068e-05  1.36362e-05  4.70874e-05
 0.00115991 -0.00447375     192.059      9.2197     15.3646           0
0 0 1
5
-4.3038e-05   -0.206288 3.19021e-05
 0.00252966 -0.00434704     190.168     9.21954     15.2133           0
-0 -0  1
1
   0.699931   -0.300059 1.03315e-05
0.00118975 0.00582091    111.882          0          0          0
-0 -0  1
0
   0.500014    0.149986 1.35452e-05
-0.00487709  0.00295236     136.188           0           0           0
-0 -0  1
3
4
-5.11326e-05  1.40914e-05  4.85959e-05
0.00525256 -0.0331458    377.377   -28.7397    30.1906          0
0 0 1
1
   0.699921   -0.300057 8.83816e-06
0.0134572 0.0247509   95.3747         0         0         0
-0 -0  1
0
   0.500024    0.149974 2.40162e-05
-0.0187554 0.00834581    157.546          0          0          0
-0 -0  1
4
4
-5.15281e-05  1.43704e-05   4.9288e-05
 0.00177408 -0.00539445     192.637     9.80858     15.4109           0
0 0 1
1
   0.699916   -0.300055 8.03956e-06
0.00182625 0.00695074    111.046          0          0          0
-0 -0  1
0
   0.500029    0.149966 3.01415e-05
-0.00353008  0.00334938     135.932           0           0           0
-0 -0  1
5
-3.6513e-07        -0.2 6.99187e-07
-7.72904e-05  -0.00493833      190.683      9.80966      15.2546            0
-0 -0  1
3
4
-5.18176e-05  1.45653e-05  4.97486e-05
0.00677235 -0.0111544    320.012    25.6006   -22.2296          0
0 0 1
1
   0.699912   -0.300054 7.51896e-06
-0.00683103 -0.00667097      109.22           0           0           0
-0 -0  1
5
-6.27963e-07         -0.2  1.14408e-06
7.20576e-05   0.0178948     201.066     16.0853    -16.0853           0
-0 -0  1
4
0
    0.699984     0.100015 -5.36576e-08
0.000675783 -0.00102235     197.868           0           0           0
0 0 1
1
    0.699995    -0.299988 -4.54467e-06
8.16458e-05 -0.00101185     196.931           0           0           0
-0 -0  1
4
-1.16295e-05 -9.20368e-06  4.82732e-06
-4.01367e-05  0.000983492      117.982      2.33797     -9.43837            0
0 0 1
5
-5.55721e-06    -0.200009  5.16095e-06
-0.000677159   0.00104376      117.516      2.33799     -9.40113            0
-0 -0  1
