2
4
-1.20091e-07 -4.63633e-08 -8.50046e-07
2.73483e-07 5.37601e-09     315.159   0.0957965    -4.97778           0
0 0 1
5
-4.51478e-07      -0.2063 -9.07495e-07
5.71184e-07 1.08795e-08     315.139   0.0957965    -4.97778           0
-0 -0  1
3
4
-1.10885e-05 -1.12168e-06  3.39235e-05
-0.00126298 4.48944e-05     265.152     21.2123      21.212           0
0 0 1
5
-1.27182e-05    -0.206301   3.4892e-05
-2.37464e-05 -0.000206465      212.261       16.981      16.9808            0
-0 -0  1
1
   0.449988   -0.250005 4.45418e-05
 0.000727012 -0.000183171      152.885            0            0            0
0 0 1
4
4
-1.29117e-05 -7.78627e-07  4.09175e-05
 0.00045085 0.000581258     174.612     1.24338     13.9689           0
0 0 1
5
-1.46487e-05    -0.206301  4.19222e-05
-0.000112096  0.000576918      174.357      1.24339      13.9485            0
-0 -0  1
1
   0.450002   -0.250023 5.75251e-05
 0.000826979 -0.000829093      138.585            0            0            0
0 0 1
0
   0.400008    0.299989 5.71699e-06
 -0.00107599 -0.000610359      142.744            0            0            0
0 0 1
3
4
-1.43961e-05   -5.165e-07  4.64937e-05
1.59794e-05 0.000473681     212.937     -17.035    -7.42205           0
0 0 1
5
-1.62157e-05    -0.206301  4.75312e-05
0.000487275 0.000546729     227.982    -18.2386    -7.42202           0
-0 -0  1
0
   0.400014    0.299981 1.03883e-05
-0.000413996  -0.00125565      189.379            0            0            0
0 0 1
4
4
-1.75872e-05 -5.61429e-08  6.56135e-05
0.000384616 -0.00238249     169.387   0.0430252      13.551           0
0 0 1
5
-1.93689e-05      -0.2063  6.64065e-05
  0.0021262 -0.00238395     169.378   0.0430321     13.5503           0
-0 -0  1
0
   0.400029    0.299985 2.46405e-05
 -0.0037105 0.000932172      151.66           0           0           0
0 0 1
1
   0.699968   -0.300052 1.82797e-05
0.00100988  0.0034167    139.872          0          0          0
-0 -0  1
3
4
-2.0258e-05 3.22271e-07 8.07767e-05
0.0260207 0.0260047    342.18   27.3741  -27.3747         0
0 0 1
5
-2.20077e-05      -0.2063  8.13796e-05
-0.00968269    0.025407     159.739      12.779    -12.7793           0
-0 -0  1
1
   0.699943   -0.300092 3.22869e-05
-0.0164586 -0.0515911    128.378          0          0          0
-0 -0  1
4
0
    0.699984     0.100015 -5.36576e-08
0.000676004  -0.0010283     197.868           0           0           0
0 0 1
1
    0.699995    -0.299988 -4.54467e-06
0.000116171  -0.0010178     196.931           0           0           0
-0 -0  1
4
-1.16295e-05 -9.20368e-06  4.82732e-06
-3.13375e-05  0.000917514      117.982      2.33798     -9.43838            0
0 0 1
5
-5.55721e-06    -0.200009  5.16095e-06
-0.000651208  0.000977785      117.516        2.338     -9.40114            0
-0 -0  1
