2
4
-1.20091e-07 -4.63633e-08 -8.50046e-07
2.73483e-07 5.37601e-09     315.159   0.0957965    -4.97778           0
0 0 1
5
-4.51478e-07      -0.2063 -9.07495e-07
5.71184e-07 1.08795e-08     315.139   0.0957965    -4.97778           0
-0 -0  1
3
4
-1.29929e-05  3.00881e-06  3.90357e-05
 -0.00109772 -0.000363509      284.291      22.7434      19.2223            0
0 0 1
5
-1.33042e-05      -0.2063   3.8122e-05
8.90717e-05 -5.6355e-06     201.777     16.1423     16.1421           0
-0 -0  1
1
   0.449979   -0.250009 4.40882e-05
0.000370372 0.000131387     144.231           0           0           0
0 0 1
4
4
-1.24821e-05  4.21994e-06  3.98862e-05
0.000388899 0.000292665     167.777     2.56268     13.4221           0
0 0 1
5
-1.38828e-05      -0.2063  4.25556e-05
0.000165835 0.000284102     167.251     2.56285     13.3801           0
-0 -0  1
1
   0.449985   -0.250016 4.84608e-05
 0.000333359 -0.000466156      145.944            0            0            0
0 0 1
0
   0.400006     0.24999 2.35457e-06
-0.000788047 -0.000266466      149.325            0            0            0
0 0 1
3
4
-1.1858e-05 5.39165e-06 4.03307e-05
0.00316957 0.00498943    336.527   -26.9218    26.9224          0
0 0 1
1
    0.44999   -0.250021 5.17698e-05
 0.00330074 -0.00175123     150.306           0           0           0
0 0 1
0
   0.400012    0.249982 4.31295e-06
 -0.0064421 -0.00337432     143.465           0           0           0
0 0 1
4
4
-1.17888e-05  7.13208e-06  4.27136e-05
0.000890276 0.000101378     169.042     2.63394     13.5234           0
0 0 1
1
   0.449992   -0.250025 5.37836e-05
  0.00110353 -0.000302267      144.534            0            0            0
0 0 1
0
   0.400016    0.249975 5.34541e-06
-0.000750754 -0.000132258      148.202            0            0            0
0 0 1
5
9.43947e-08   -0.200002 1.15444e-06
-0.00119193 0.000240541     168.518     2.63444     13.4815           0
-0 -0  1
3
4
-1.14841e-05  8.80714e-06  4.45444e-05
-0.00802681  -0.0152711     322.053     25.7639    -25.7645           0
0 0 1
1
   0.449994   -0.250027 5.49407e-05
  0.00134413 -6.84836e-05      125.845            0            0            0
0 0 1
5
2.80313e-07   -0.200004 2.11547e-06
0.00675167  0.0153941      182.4     14.592   -14.5919          0
-0 -0  1
4
4
-1.06093e-05  9.85688e-06  4.37788e-05
 0.000155363 -0.000136907      160.829      3.19093      10.8192            0
0 0 1
1
   0.449989   -0.250032 5.62671e-05
 0.000368121 -3.70182e-05      155.162            0            0            0
0 0 1
5
1.59527e-06   -0.200005 4.13997e-06
-0.000211389 -1.04184e-05      160.191      3.19093      10.8192            0
-0 -0  1
0
   0.650003    0.100004 1.65867e-06
-0.000331396  0.000199344      154.115            0            0            0
0 0 1
3
4
-9.75299e-06   1.0916e-05  4.31027e-05
-0.000146639  0.000405861      208.382     -13.9967     -5.77345            0
0 0 1
5
2.93491e-06   -0.200006   5.922e-06
 2.99445e-05 -0.000114548      211.181     -13.9967     -5.77345            0
-0 -0  1
0
   0.650006    0.100008 3.03374e-06
 0.000103733 -0.000278716      210.735            0            0            0
0 0 1
4
0
    0.699984     0.100015 -5.36576e-08
 0.000541901 -0.000882392      197.869            0            0            0
0 0 1
1
    0.699995    -0.299988 -4.54467e-06
 3.44837e-05 -0.000871885      196.932            0            0            0
-0 -0  1
4
-1.16295e-05 -9.20368e-06  4.82732e-06
-0.000152342  0.000971711      117.981      2.33796     -9.43835            0
0 0 1
5
-5.55721e-06    -0.200009  5.16095e-06
-0.000746009   0.00103198      117.516      2.33798     -9.40112            0
-0 -0  1
