2
4
-1.20091e-07 -4.63633e-08 -8.50046e-07
2.73483e-07 5.37601e-09     315.159   0.0957965    -4.97778           0
0 0 1
5
-4.51478e-07      -0.2063 -9.07495e-07
5.71184e-07 1.08795e-08     315.139   0.0957965    -4.97778           0
-0 -0  1
3
4
-3.20039e-06  8.90996e-07  7.94159e-06
 0.000260834 -0.000837898      198.002     -15.8401      4.95815            0
0 0 1
5
-4.93356e-06    -0.206291  1.34182e-05
-0.000869451   0.00155247      299.848     -23.9878      4.96171            0
-0 -0  1
0
   0.450001   0.0499958 1.35529e-05
 0.000411994 -0.000583684      132.448            0            0            0
0 0 1
4
4
-1.73419e-05 -4.18657e-06   4.7791e-06
-0.000172023  -0.00150417      217.609     -13.4431      17.4097            0
0 0 1
5
-2.48125e-05    -0.206295  1.00701e-05
 0.00288018 -0.00161037     220.362    -13.4412     17.6299           0
-0 -0  1
0
   0.449985   0.0499677 3.40121e-06
-0.00233865  0.00190063     70.5497           0           0           0
0 0 1
1
    0.299963     -0.64999 -1.15203e-05
-0.00116406 0.000556845     121.776           0           0           0
-0 -0  1
3
4
-3.04501e-05 -8.57278e-06  1.80834e-06
 0.00570428 -0.00657996     422.671    -33.8103      33.817           0
0 0 1
0
    0.449969    0.0499429 -6.52543e-06
-0.00724132   0.0055113     29.6163           0           0           0
0 0 1
1
     0.29993    -0.649982 -2.21391e-05
0.000748286 0.000488302      178.01           0           0           0
-0 -0  1
4
4
-4.48054e-05 -9.27711e-06 -1.22111e-06
 0.00306957 -0.00181502     217.093    -14.8889     17.3689           0
0 0 1
0
    0.449957    0.0499405 -1.67372e-05
-0.00487039  0.00246519     70.5458           0           0           0
0 0 1
1
    0.299915    -0.649982 -3.05592e-05
-0.00173588   0.0007649      122.62           0           0           0
-0 -0  1
5
-1.49831e-05         -0.2 -3.22235e-06
 0.00301224 -0.00150527     220.039    -14.8649     17.6031           0
-0 -0  1
3
4
-5.63114e-05 -9.90695e-06 -3.66377e-06
  0.0118056 0.000604609     132.599    -10.6089    -10.6068           0
0 0 1
0
    0.449946    0.0499385 -2.50334e-05
-4.14557e-13 -2.23722e-13  2.15292e-12            0            0            0
0 0 1
5
-2.70503e-05         -0.2 -5.81656e-06
  -0.012191 -0.00097223     497.698     -39.816    -22.9154           0
-0 -0  1
4
4
  -5.713e-05  -1.0377e-05 -3.70454e-06
  0.00203746 -0.000627377      202.587     -16.2052      16.2087            0
0 0 1
0
    0.449946     0.049937 -2.27522e-05
-0.00446347 -0.00040681     101.383           0           0           0
0 0 1
5
-2.86952e-05    -0.200001 -5.85195e-06
 0.000991335 -0.000397509      214.057     -17.1243      17.1249            0
-0 -0  1
1
       0.55   -0.450003 1.33862e-06
0.00135076 0.00128144     112.27          0          0          0
0 0 1
3
4
-5.77785e-05 -1.07577e-05 -3.74331e-06
-0.000175864 -0.000202205      216.781      5.36152      17.3419            0
0 0 1
5
-3.00198e-05    -0.200001 -5.88683e-06
-0.000123018 -0.000171283      215.714      5.36253       17.257            0
-0 -0  1
1
       0.55   -0.450006 2.58419e-06
0.000248905 0.000256989     197.803           0           0           0
0 0 1
4
4
 -5.8297e-05 -1.07355e-05  3.50671e-06
-0.000650823  -0.00275335      181.267     -14.4999      14.5028            0
0 0 1
5
-3.48293e-05    -0.199997 -2.80724e-07
0.000320006 -0.00282755     187.755    -15.0202     15.0206           0
-0 -0  1
1
   0.550005   -0.450019 1.18723e-05
0.00259562  0.0021644    145.642          0          0          0
0 0 1
0
   0.699997   0.0999903 7.42106e-06
-0.00235368  0.00327127     115.634           0           0           0
0 0 1
3
4
-5.86881e-05 -1.07701e-05  9.16568e-06
 0.023221 0.0260554   24.5421  -1.96357  -1.96317         0
0 0 1
5
-3.87468e-05    -0.199993  4.08827e-06
-0.00980832   0.0152771     475.094    -38.0081     -38.007           0
-0 -0  1
0
  0.699998  0.0999814 1.4197e-05
-0.0133106 -0.0418306    130.661          0          0          0
0 0 1
4
0
    0.699984     0.100015 -5.36576e-08
0.000676922 -0.00101587     197.868           0           0           0
0 0 1
1
    0.699995    -0.299988 -4.54467e-06
8.31106e-05 -0.00100536     196.931           0           0           0
-0 -0  1
4
-1.16295e-05 -9.20368e-06  4.82732e-06
-3.89163e-05   0.00098941      117.982      2.33797     -9.43837            0
0 0 1
5
-5.55721e-06    -0.200009  5.16095e-06
-0.000675775   0.00104968      117.516      2.33799     -9.40114            0
-0 -0  1
