2
4
-1.20091e-07 -4.63633e-08 -8.50046e-07
2.73483e-07 5.37601e-09     315.159   0.0957965    -4.97778           0
0 0 1
5
-4.51478e-07      -0.2063 -9.07495e-07
5.71184e-07 1.08795e-08     315.139   0.0957965    -4.97778           0
-0 -0  1
3
4
-1.29764e-05 -4.31766e-08  3.70036e-05
 -0.00124526 -7.43238e-06      266.219      21.2977      21.2973            0
0 0 1
5
-1.41499e-05      -0.2063  3.75234e-05
-0.000208243 -0.000127571      219.028      17.5224      17.5221            0
-0 -0  1
1
   0.449985   -0.250007 4.69165e-05
 0.000816344 -0.000205823      145.052            0            0            0
0 0 1
4
4
-1.38017e-05  3.26683e-07  3.82503e-05
0.000119529 0.000100292     160.221     1.66688      12.149           0
0 0 1
5
-1.49424e-05      -0.2063  3.86573e-05
-1.26784e-05  9.96147e-05      159.877      1.66688       12.149            0
-0 -0  1
1
   0.449994   -0.250015 5.10955e-05
  0.00010937 -0.000220292      154.337            0            0            0
0 0 1
0
   0.400011    0.299993 2.74456e-06
-0.000112389 -0.000106467      155.861            0            0            0
0 0 1
3
4
-1.73121e-05  1.22863e-06   4.2237e-05
-2.7376e-05 0.000342683     211.033    -16.8827    -14.8752           0
0 0 1
5
-1.69505e-05    -0.206299  4.23044e-05
0.000260154 0.000353311     222.864    -17.8292    -14.8752           0
-0 -0  1
0
   0.400026         0.3 1.81231e-05
-0.000120259 -0.000487044      196.401            0            0            0
0 0 1
4
4
-3.63469e-05  1.25454e-05  6.94992e-05
-0.000754246  -0.00651587      164.638      5.71251      13.1711            0
0 0 1
5
-3.4373e-05   -0.206291   6.618e-05
 0.00378817 -0.00646964     163.467     5.71236     13.0773           0
-0 -0  1
0
   0.400058    0.299989 2.85415e-05
-0.00850245  0.00271445     156.284           0           0           0
0 0 1
1
    0.69994   -0.300084 2.69974e-05
0.00493468 0.00945625     145.91          0          0          0
-0 -0  1
3
4
-5.15921e-05  2.19849e-05  9.01024e-05
0.158029 0.190767  413.753  33.1006 -33.0999        0
0 0 1
5
-4.82887e-05    -0.206285  8.41791e-05
-0.0372946   0.206568     76.998    6.15981   -6.15987          0
-0 -0  1
1
  0.699892  -0.300147 4.6742e-05
-0.121062 -0.397668   139.547         0         0         0
-0 -0  1
4
0
    0.699984     0.100015 -5.36576e-08
0.000706406 -0.00102597     197.868           0           0           0
0 0 1
1
    0.699995    -0.299988 -4.54467e-06
0.000117878 -0.00101546     196.931           0           0           0
-0 -0  1
4
-1.16295e-05 -9.20368e-06  4.82732e-06
-8.11064e-06  0.000970064      117.982      2.33798     -9.43838            0
0 0 1
5
-5.55721e-06    -0.200009  5.16095e-06
-0.000642328   0.00103033      117.516      2.33799     -9.40114            0
-0 -0  1
