2
4
-1.20091e-07 -4.63633e-08 -8.50046e-07
2.73483e-07 5.37601e-09     315.159   0.0957965    -4.97778           0
0 0 1
5
-4.51478e-07      -0.2063 -9.07495e-07
5.71184e-07 1.08795e-08     315.139   0.0957965    -4.97778           0
-0 -0  1
3
4
-4.96933e-06 -2.27768e-07  1.33983e-05
 -0.00069731 -0.000121675      225.918     -18.0735      18.0734            0
0 0 1
5
-5.6445e-06     -0.2063 1.36712e-05
-0.0020557 3.3184e-06    259.333   -20.7467    20.7466          0
-0 -0  1
0
   0.450024   0.0500077 3.53338e-05
 0.00223522 0.000540119     145.047           0           0           0
0 0 1
4
4
-5.52027e-06 -6.21886e-08  1.44031e-05
-0.00262549 -0.00172223     196.951    0.614207     15.7561           0
0 0 1
5
-5.99587e-06    -0.206301  1.44496e-05
-0.000474291  -0.00161239      196.825     0.613863       15.746            0
-0 -0  1
0
  0.450027   0.050012 3.8535e-05
0.00161058 0.00298615     93.872          0          0          0
0 0 1
1
    0.199976    -0.699985 -1.65381e-06
 0.00133201 0.000465253      142.65           0           0           0
0 0 1
3
4
-5.99483e-06  7.53902e-08  1.52479e-05
-0.00893427 -0.00772379     366.066     4.66663     29.2853           0
0 0 1
0
    0.45003   0.0500154 4.12053e-05
0.00435461 0.00813091    61.3813          0          0          0
0 0 1
1
    0.199956    -0.699971 -3.42266e-06
  0.00439289 -0.000299935       202.85            0            0            0
0 0 1
4
4
 -6.225e-06 6.06074e-08 1.58298e-05
-0.00161654 -0.00191667     198.497    0.813022     15.8797           0
0 0 1
0
  0.450032  0.0500182 4.3395e-05
0.00252467 0.00356378    91.4834          0          0          0
0 0 1
1
    0.199943    -0.699956 -5.86669e-06
0.00152041 0.00058156    141.984          0          0          0
0 0 1
5
-1.4099e-07        -0.2 5.30461e-07
-0.00252943 -0.00210832     198.334    0.816428     15.8667           0
-0 -0  1
3
4
-6.41291e-06  5.06822e-08   1.6316e-05
0.00783066  0.0107525    179.158   -14.3327    -13.334          0
0 0 1
0
   0.450034   0.0500205 4.52627e-05
 0.00702535 -0.00119015     24.1671           0           0           0
0 0 1
5
-2.71738e-07         -0.2  9.83853e-07
 -0.0148996 -0.00965997     426.973    -34.1576    -13.3121           0
-0 -0  1
4
4
-1.25245e-05 -3.69882e-07  1.50215e-05
-0.000337293   -0.0027773      228.439     -17.6243      18.2752            0
0 0 1
0
   0.450027   0.0500188 3.94609e-05
0.00415835 0.00341434    80.1082          0          0          0
0 0 1
5
-6.88167e-06         -0.2 -5.03061e-07
-0.00245701 -0.00333509     231.939    -17.6195      18.555           0
-0 -0  1
1
    0.449992    -0.500002 -5.81247e-06
-0.00162248  0.00261608     89.8107           0           0           0
0 0 1
3
4
-1.75597e-05 -7.04868e-07  1.39489e-05
 0.000518423 -0.000823034      230.575      4.12943       18.446            0
0 0 1
5
-1.23193e-05         -0.2 -1.73192e-06
-0.000330873 -0.000860879      229.754      4.13116      18.3803            0
-0 -0  1
1
    0.449986    -0.500003 -1.05902e-05
-0.000380854   0.00162118      169.968            0            0            0
0 0 1
4
4
-2.09966e-05 -7.22553e-07  1.35616e-05
0.0113383 0.0167976   201.802  -5.55474   16.1442         0
0 0 1
5
-1.57737e-05         -0.2 -2.12535e-06
-0.00259081   0.0165766     202.905    -5.55241     16.2324           0
-0 -0  1
1
    0.449977    -0.500002 -1.40114e-05
 -0.0225795 -0.00946071     131.907           0           0           0
0 0 1
0
    0.699996    0.0999999 -3.95429e-06
 0.0136544 -0.0239185    93.6834          0          0          0
0 0 1
3
4
-2.37192e-05  -7.6336e-07  1.32476e-05
0.00249863  0.0111812    199.484    -15.959   -15.9586          0
0 0 1
5
-1.85696e-05         -0.2 -2.44289e-06
0.000639053  -0.0020731     356.237    -28.4988    -24.3943           0
-0 -0  1
0
    0.699993    0.0999996 -7.11866e-06
-0.00325809 -0.00924692     74.5758           0           0           0
0 0 1
4
0
    0.699984     0.100015 -5.36576e-08
0.000734124 -0.00103375     197.868           0           0           0
0 0 1
1
    0.699995    -0.299988 -4.54467e-06
 0.00011183 -0.00102325     196.931           0           0           0
-0 -0  1
4
-1.16295e-05 -9.20368e-06  4.82732e-06
1.11633e-05  0.00102137     117.982     2.33798    -9.43838           0
0 0 1
5
-5.55721e-06    -0.200009  5.16095e-06
-0.000639937   0.00108164      117.516      2.33799     -9.40114            0
-0 -0  1
