2
4
-1.20091e-07 -4.63633e-08 -8.50046e-07
2.73483e-07 5.37601e-09     315.159   0.0957965    -4.97778           0
0 0 1
5
-4.51478e-07      -0.2063 -9.07495e-07
5.71184e-07 1.08795e-08     315.139   0.0957965    -4.97778           0
-0 -0  1
3
4
-1.49455e-05 -3.46057e-06  4.61504e-05
-0.00145881 0.000164726     260.286      20.823     20.8227           0
0 0 1
5
-1.81283e-05    -0.206304  4.84735e-05
-6.62232e-05 -0.000367385      213.628      17.0904      17.0901            0
-0 -0  1
1
   0.449982   -0.250014 6.05042e-05
 0.000778082 -0.000433596      156.386            0            0            0
0 0 1
4
4
-1.65533e-05  -3.1681e-06   5.1095e-05
0.000298409 0.000243179     163.726    0.620146     13.0981           0
0 0 1
5
-1.97432e-05     -0.20631  5.20785e-05
4.03851e-06 0.000260889     163.599    0.620037     13.0879           0
-0 -0  1
1
   0.449992   -0.250026 6.83745e-05
 0.000355448 -0.000465755      150.674            0            0            0
0 0 1
0
  0.400003   0.249985 3.4431e-06
-0.000576413 -0.000347846      152.299            0            0            0
0 0 1
3
4
-2.76941e-05 -1.11137e-06  7.43238e-05
0.000109625 0.000592568     213.383    -17.0706      10.944           0
0 0 1
5
-2.99839e-05    -0.206308  7.46812e-05
0.000563107 0.000663149       224.6    -17.9678     10.9437           0
-0 -0  1
0
   0.399993    0.249989 2.15469e-05
-0.00104225 -0.00142086     192.315           0           0           0
0 0 1
4
4
 -2.7818e-05 -1.06353e-06  7.45907e-05
 -0.013422 -0.0674307    179.572  -0.503564    14.3658          0
0 0 1
5
-3.01104e-05    -0.206308  7.49235e-05
 0.0371914 -0.0674077    179.676  -0.503818    14.3741          0
-0 -0  1
0
   0.399994    0.249989 2.15843e-05
-0.0785805  0.0306281     146.15          0          0          0
0 0 1
1
   0.699999   -0.300002 7.42769e-07
0.0547925  0.104185   124.899         0         0         0
-0 -0  1
3
4
-2.79168e-05 -1.02489e-06     7.48e-05
-0.0101946 -0.0259568    303.014     24.241   -14.4865          0
0 0 1
5
-3.02103e-05    -0.206308  7.51131e-05
0.00200804 -0.0259153    201.102    16.0879   -14.4843          0
-0 -0  1
1
   0.699999   -0.300004 1.30626e-06
0.00818432  0.0519361    126.181          0          0          0
-0 -0  1
4
0
    0.699984     0.100015 -5.36576e-08
0.000667283 -0.00102403     197.868           0           0           0
0 0 1
1
    0.699995    -0.299988 -4.54467e-06
9.32368e-05 -0.00101353     196.931           0           0           0
-0 -0  1
4
-1.16295e-05 -9.20368e-06  4.82732e-06
-4.36126e-05  0.000946654      117.982      2.33798     -9.43837            0
0 0 1
5
-5.55721e-06    -0.200009  5.16095e-06
-0.000670589   0.00100692      117.516        2.338     -9.40114            0
-0 -0  1
