2
4
-1.20091e-07 -4.63633e-08 -8.50046e-07
2.73483e-07 5.37601e-09     315.159   0.0957965    -4.97778           0
0 0 1
5
-4.51478e-07      -0.2063 -9.07495e-07
5.71184e-07 1.08795e-08     315.139   0.0957965    -4.97778           0
-0 -0  1
3
4
-1.13218e-05 -1.51477e-06  3.45345e-05
 -0.0013078 6.16426e-05     260.541     20.8434     20.8431           0
0 0 1
5
-1.31821e-05    -0.206302  3.56689e-05
-0.000184695  -0.00017346      218.317      17.4655      17.4652            0
-0 -0  1
1
   0.449989   -0.250004 4.67838e-05
 0.000907083 -0.000281481      151.441            0            0            0
0 0 1
4
4
-1.17489e-05 -1.48386e-06  3.44457e-05
 0.0017123 0.00264001    228.929    4.52608    18.3143          0
0 0 1
5
-1.35591e-05    -0.206301  3.55871e-05
-0.000531932   0.00264662      228.001      4.52606      18.2401            0
-0 -0  1
1
   0.449987   -0.250008 4.71705e-05
 0.00213272 -0.00306289     78.3211           0           0           0
0 0 1
0
   0.400004    0.300003 3.50052e-06
-0.00339296  -0.0022371     95.0462           0           0           0
0 0 1
3
4
-1.20915e-05 -1.46214e-06  3.43737e-05
0.000219872 0.000551876     217.052    -17.3641     17.3643           0
0 0 1
5
-1.38655e-05    -0.206301  3.55211e-05
0.000379714 0.000636676     231.642    -18.5313     18.5315           0
-0 -0  1
0
  0.400007   0.300006 6.2235e-06
-0.000629804  -0.00121185      181.603            0            0            0
0 0 1
4
4
-1.29054e-05 -1.25764e-06  3.49119e-05
  0.0014609 0.000376545     186.147    -3.06167     14.8917           0
0 0 1
5
-1.44727e-05    -0.206301   3.6009e-05
 0.00131598 0.000342099     186.774    -3.06149      14.942           0
-0 -0  1
0
   0.400008    0.300004 7.39101e-06
-0.000791937 -0.000185903      141.733            0            0            0
0 0 1
1
   0.699997   -0.300002 2.17458e-06
 -0.00201191 -0.000569037      115.643            0            0            0
-0 -0  1
3
4
-1.35447e-05 -1.10743e-06  3.53077e-05
0.00553572 0.00248662    308.387    24.6709   -11.8432          0
0 0 1
5
-1.49228e-05    -0.206301  3.63684e-05
-0.0011977 0.00168768    201.466    16.1173   -11.8443          0
-0 -0  1
1
   0.699996   -0.300004 4.08553e-06
-0.00434419 -0.00411098     120.445           0           0           0
-0 -0  1
4
0
    0.699984     0.100015 -5.36576e-08
0.000684545 -0.00102431     197.868           0           0           0
0 0 1
1
    0.699995    -0.299988 -4.54467e-06
0.000132308  -0.0010138     196.931           0           0           0
-0 -0  1
4
-1.16295e-05 -9.20368e-06  4.82732e-06
-2.08974e-05  0.000908214      117.982      2.33796     -9.43837            0
0 0 1
5
-5.55721e-06    -0.200009  5.16095e-06
-0.00063697 0.000968485     117.516     2.33798    -9.40114           0
-0 -0  1
