   0.345159  -0.0659159    0.727154     2.77275     1.69407    -2.83265   0.0208293    -1.77879  -0.0364217     0.99962   -0.668932   0.0467975 -0.00478575    -1.70346  -0.0622767    0.890602   -0.634987   0.0427115  -0.0236055   0.0327607   -0.707632    0.659625   0.0465484   -0.996233    0.676377    0.443535   -0.279072    -0.69928   -0.614039   -0.100137   -0.940449   -0.642097     0.31942    0.179788
  0.271163  -0.201918   0.729978    2.82294    1.67635    -2.6844 -0.0465879   -1.82053  -0.118349   0.837949  -0.493359  -0.173021  0.0153773   -1.91986 -0.0555607    1.05142  -0.606046  -0.166141  -0.272656  -0.171638   -1.00176   0.846893 -0.0227403   -0.86194   0.733864    0.74018  -0.493412   -0.93744  -0.482517  -0.155429  -0.740465  -0.549384   0.292985  0.0616938
   0.231584   -0.161131    0.749523     2.83707     1.66144     -2.7638   -0.048805    -1.85765    -0.10775     0.79011   -0.417529   -0.108001 -0.00285306    -1.91986  -0.0606621    0.925893   -0.489814   -0.101604  -0.0400873   -0.117049    -1.30582    0.913159   0.0563592    -0.65673     0.33187    0.649691  -0.0969411    -1.20064   -0.475841  -0.0584874   -0.605035   -0.272581    0.396282   0.0215634
  0.475884  0.0214899   0.718669    2.74694     1.7595   -2.80769  -0.262554   -1.34014  -0.337354   0.691128  -0.725137   0.127754  -0.179728    -1.2097  -0.259828   0.467739  -0.633018   0.139809   0.424985  0.0166969  -0.691202   0.442591   0.389621  -0.563411   0.712176 -0.0121384  -0.247689  -0.648572  -0.579079 -0.0440234   -0.80259  -0.438755   0.283054   0.354394
   0.518825  -0.0123343    0.709849     2.67243     1.72898    -2.78449 -0.00753925     -1.2927  -0.0805666    0.624874   -0.747661    0.126456    -0.36481    -1.35008   -0.416259    0.529499   -0.583183    0.197554     0.35682   0.0863034   -0.599883    0.422024    0.348978   -0.633958    0.771267  -0.0555438   -0.317406   -0.549226   -0.518788  -0.0805918   -0.786963   -0.528946    0.137661    0.419315
  0.446722   0.062073    0.72354    2.66054    1.75699   -2.77344  -0.337903   -1.39577   -0.41619   0.719307  -0.699359   0.174324  -0.576075    -1.3112  -0.632997    0.40822  -0.443538   0.261799   0.497735  0.0561879   -0.79787    0.44477   0.416374  -0.451131    0.78264 -0.0153269  -0.325718  -0.750683  -0.636012 -0.0257217  -0.747014  -0.525845   0.372066   0.481471
 0.451799 0.0633516  0.730465   2.68451   1.79297  -2.77479 -0.322946  -1.33254 -0.411712  0.680735 -0.685799  0.173757 -0.563373  -1.26846  -0.62874  0.421006 -0.457658  0.261799    0.3476 0.0181382 -0.958432  0.442186  0.416383  -0.21843  0.814477 -0.125979 -0.571345 -0.995396  -0.68805 -0.195216 -0.404282 -0.415505  0.224008   0.42616
  0.421237  -0.179732   0.750353    2.74463    1.76497   -2.72416   0.341244   -1.39062   0.239169   0.592493  -0.586344 -0.0751134  -0.385923   -1.63994  -0.472076   0.820917  -0.581969 -0.0595346  -0.115325  0.0109119   -1.21018   0.694095   0.185792  -0.116385   0.723068  0.0921773  -0.774453   -1.10501  -0.536178  -0.367029 -0.0791303  -0.501004  -0.116526   0.313331
   0.514689   -0.139985    0.732056      2.7923      1.7819    -2.73804    0.525182     -1.4073    0.432852    0.661529   -0.615806    -0.13209   -0.407092    -1.45356   -0.483177    0.802897   -0.712663 -0.00708192  -0.0501433  -0.0148655   -0.827141    0.595811     0.17783   -0.402667     0.76946    0.015963   -0.588986   -0.807731   -0.459286   -0.353952    -0.31982   -0.572829   -0.146358    0.336188
 0.460732 0.0659148  0.712868   2.73959   1.82666  -2.85733  0.528627  -1.73195  0.479218   1.16529 -0.775956  0.185011 -0.648557  -1.33845 -0.697709  0.645009 -0.576272  0.261799  0.354436 0.0262716 -0.902626   0.43546  0.323316  -0.21037   0.89607 -0.146399 -0.531316 -0.961057 -0.669305 -0.206796  -0.37279 -0.468232  0.203994  0.489405
 0.421021 0.0882469  0.669658    2.5971   1.92191  -2.74204  0.218871  -1.91986 0.0936216   1.53665   -0.8664  0.155639 -0.949044  -1.41783  -1.05106  0.977593 -0.728667  0.261799   0.39796 0.0783558  -1.10004  0.396917  0.232629 0.0791648  0.865619 -0.202526 -0.507586  -1.20357 -0.800021 -0.134621  -0.22403 -0.427073  0.382247  0.446056
  0.453873  -0.155641   0.711592    2.68558    1.87405   -2.48348   0.390927     -1.639    0.20566   0.933801  -0.628507  -0.210385   -1.08383   -1.48496   -1.25414    1.08519  -0.872665   -0.14085 -0.0820684  -0.160569   -1.06673   0.625774  0.0914375  -0.106061   0.722688  0.0292799   -0.64943   -1.05577  -0.615813  -0.209677  -0.124324  -0.612744   0.038008   0.211457
  0.477993  -0.209211   0.705917    2.76708    1.84019   -2.56116    0.56528   -1.50829   0.410018   0.766908  -0.599779  -0.248231  -0.917132   -1.55239   -1.06381    1.08815  -0.872665  -0.206369  -0.156342  -0.171489   -1.29238   0.736598 -0.0107517 -0.0127191   0.669537   0.163256  -0.633144   -1.14904  -0.525772  -0.244537  0.0407503  -0.650253  -0.103707   0.291077
  0.435041 -0.0462189   0.736028    2.71901    1.79722    -2.6868   0.625247   -1.68463    0.53924   0.926356  -0.625164  0.0172556  -0.947879   -1.46003   -1.03183    0.80403  -0.657091  0.0545308   0.123627 -0.0527965   -1.36208   0.658705  0.0286027  0.0915566   0.751621   0.014661  -0.494148    -1.3176  -0.691359  -0.106684 -0.0311883   -0.47325   0.108518   0.338715
    0.4955  0.0224479    0.73575    2.64506    1.78868     -2.755   0.530227   -1.59187   0.448846   0.939145  -0.718609   0.111043   -1.00859   -1.51673    -1.0827   0.629252  -0.452754   0.150286   0.273769  0.0660566    -1.1297   0.562185   0.104905 -0.0555446   0.928688 -0.0763813  -0.507522   -1.17977  -0.704581  -0.138315  -0.167046  -0.516989   0.148187   0.483926
   0.483041  -0.0655626    0.755185     2.66699     1.75587    -2.74286    0.735382    -1.48064    0.655271    0.710206   -0.611198   0.0142483   -0.919997    -1.61086   -0.998715    0.601831   -0.409614   0.0354866    0.103562   0.0646711    -1.21647    0.655572 0.000953672  -0.0635184    0.818045  0.00904484   -0.478488    -1.21067   -0.663609   -0.101187  -0.0995621    -0.52113   0.0442665    0.317144
   0.525731   -0.084229    0.767799     2.73231     1.72706    -2.70663    0.779853    -1.60614     0.71711    0.572652   -0.404293 -0.00701961   -0.915057    -1.52569    -0.97645    0.569467   -0.453022  0.00737084   0.0416573  -0.0261714     -1.1256    0.661376  -0.0188807   -0.162795    0.820401 -0.00550371   -0.458737    -1.11599    -0.63422  -0.0949614   -0.153712   -0.533255  -0.0266507     0.24258
    0.523914    -0.239446     0.745944      2.75765      1.74897     -2.67322      1.00811     -1.43633     0.914206     0.442087      -0.3647     -0.19873    -0.927168     -1.72027     -1.03382     0.793278    -0.556231    -0.220819    -0.245427   -0.0336841     -1.28191     0.756384    -0.106356    -0.140292     0.701019     0.175941    -0.612823     -1.13204    -0.519341     -0.17138 -0.000702584    -0.640094    -0.181406     0.144091
  0.576609  -0.259753   0.718418    2.78422    1.77585   -2.64972   0.940301   -1.43335   0.828523   0.569215   -0.48099  -0.246265    -0.8836   -1.70879   -1.00711   0.969738  -0.713935  -0.261799  -0.235452  -0.074213    -1.3948   0.775805  -0.109621 -0.0542245   0.708506   0.238381  -0.676545   -1.07594  -0.417649    -0.1857  0.0652111  -0.674615  -0.312987   0.173635
  0.591332  0.0140847   0.729703    2.74958     1.8138   -2.81171   0.776684   -1.69734    0.71997    1.02288  -0.696971   0.138341  -0.746078   -1.41238  -0.805645   0.712708  -0.591679   0.170066   0.272419  0.0112652   -1.07913   0.584503  0.0923775  -0.100468   0.925257 -0.0417345  -0.457326  -0.904634  -0.682713  0.0487081  -0.306651   -0.55064  0.0344599   0.218371
  0.602063  0.0466639   0.716449    2.74522    1.82889   -2.84856   0.776574   -1.71588   0.730037     1.1143  -0.757734   0.193372  -0.697158   -1.38108  -0.749548   0.707437  -0.598079   0.226853   0.295379  0.0419796     -1.103   0.524943  0.0880814 -0.0191017   0.926923  -0.109369  -0.448702   -1.09301  -0.735074 -0.0115359  -0.250897  -0.593869   0.201219   0.414924
  0.601683  0.0490614   0.715873    2.74499     1.8291   -2.85056   0.778744   -1.71832   0.733366    1.11753  -0.759028   0.197687  -0.698083   -1.37941  -0.749849   0.704879  -0.596328   0.230331   0.299581  0.0432711   -1.10428   0.523076  0.0889417 -0.0164912   0.928017    -0.1109  -0.446998   -1.09743   -0.73606 -0.0154065    -0.2473  -0.595126   0.203624   0.426329
   0.65044  0.0783029    0.72425    2.84849    1.84262   -2.80958   0.862684   -1.76105   0.817736    1.03971  -0.649575  0.0925221  -0.784261    -1.1588  -0.836544   0.630959  -0.646716   0.261799   0.325678  -0.122463    -1.0044   0.480138   0.104145 -0.0953353   0.942361  -0.177657  -0.395419   -1.02331  -0.735165 -0.0284154  -0.322803  -0.648122   0.188767   0.502359
  0.618022  -0.183264   0.726167    2.84573    1.80288   -2.70057    1.06379   -1.44263   0.945008   0.531543  -0.396278  -0.261799  -0.851431   -1.55544  -0.949204   0.976442   -0.77582  -0.142945  -0.152343  -0.100784   -1.17361   0.703539 -0.0637757  -0.117018   0.754843   0.109694  -0.571135   -1.03802  -0.547364 -0.0574262 -0.0787967  -0.765433  -0.110061   0.209408
    0.574115   -0.0620755     0.759259      2.82195      1.72403     -2.74073      1.07958     -1.57725      1.02018     0.467079    -0.322763   -0.0798793     -1.00326     -1.43904     -1.05074     0.638304    -0.562145     0.029941     0.100753    -0.117274     -1.50085     0.775379    -0.120648    0.0409092     0.746546     0.154203    -0.394408     -1.37309     -0.63089    0.0580594    0.0416851    -0.688112 -0.000170767      0.43678
  0.572539 -0.0602094   0.759702    2.82116    1.72239   -2.74072    1.08049   -1.57949      1.022   0.463304  -0.319324 -0.0770699   -1.00778    -1.4377   -1.05464   0.631908  -0.557467  0.0322251   0.103341   -0.11685   -1.50643   0.775577  -0.124828  0.0432498   0.746042   0.154741  -0.389778   -1.38035   -0.63309   0.062229  0.0437216  -0.686547 0.00326072   0.437359
  0.579525 -0.0560239   0.755206    2.81607    1.70538   -2.73186    1.09992    -1.5918    1.04839   0.470431  -0.336593 -0.0691604   -1.04622   -1.43308   -1.08864   0.631948  -0.571856   0.035332   0.061411 -0.0879972     -1.591   0.698658  -0.217483   0.134406   0.729865   0.108102  -0.357169   -1.58763  -0.726759   0.155767   0.102304  -0.649658   0.138464   0.376363
  0.578795 -0.0537538   0.755355    2.81573    1.70465   -2.73162    1.10061   -1.59531    1.04973   0.470876   -0.33598 -0.0659476   -1.05094   -1.43035   -1.09297   0.628599  -0.569902  0.0381664  0.0648115 -0.0877467   -1.59379   0.697219  -0.218246   0.137066   0.730819   0.106739  -0.355012   -1.59191  -0.728627   0.158673   0.101959  -0.647148   0.141733   0.376966
  0.610017 -0.0366678    0.76875    2.75296    1.68687   -2.76339    1.10768   -1.52083    1.06045   0.463373   -0.37989  -0.035711   -1.15359   -1.51993   -1.19192   0.407958  -0.318766  0.0556799   0.101289 0.00705572   -1.50498   0.679611  -0.167739  0.0917535   0.762706  0.0537975  -0.354126   -1.51732  -0.739333   0.128346  0.0320959  -0.652347     0.1341    0.40813
  0.609409 -0.0353456   0.768844     2.7533    1.68608   -2.76382    1.10805    -1.5229    1.06133   0.462781  -0.378973 -0.0337925   -1.15296   -1.51802   -1.19082    0.40362  -0.315896    0.05756   0.102979 0.00723189   -1.50766    0.67882  -0.168456  0.0940164   0.763109  0.0530722   -0.35304   -1.52058  -0.740565   0.130104  0.0322383  -0.650831   0.136244   0.408641
   0.631464 -0.00818366    0.774964     2.79305     1.68714    -2.74851     1.15006    -1.62748     1.11143    0.253431   -0.120651  0.00411987    -1.17047    -1.42341     -1.2039    0.405003   -0.349687   0.0913948    0.145683  -0.0479704    -1.43713    0.657874   -0.133781    0.058711     0.79062   0.0125237   -0.333068    -1.48153   -0.751909    0.122314  -0.0110637   -0.648289    0.141468    0.439215
  0.630765 -0.0071973   0.774976    2.79276    1.68672   -2.74822     1.1473   -1.62877    1.10893   0.251771  -0.118687 0.00522785   -1.17274   -1.42228   -1.20601   0.402957   -0.34815  0.0925816   0.147199 -0.0477908   -1.43978   0.657401   -0.13442  0.0606468    0.79084  0.0123876  -0.332268   -1.48512  -0.752875   0.124185 -0.0100672  -0.646909   0.143207   0.439512
  0.632076  -0.140472   0.764369    2.78164    1.66075   -2.76139    1.22302   -1.41572    1.18168  0.0918499  -0.066724  -0.165555   -1.16058   -1.64071   -1.20028   0.495462  -0.386362 -0.0870095 -0.0402297 -0.0719798   -1.74182   0.844395  -0.293733  0.0590804   0.646808   0.284926  -0.391669   -1.54859  -0.572589    0.14508   0.177718  -0.728119 -0.0401996   0.337634
  0.629949 -0.0417937   0.772585    2.79048    1.65738   -2.75577    1.19929   -1.57224    1.16665   0.178812 -0.0981144 -0.0346751   -1.19772   -1.48473   -1.22494   0.397057  -0.345811  0.0452167   0.112947 -0.0750205   -1.69572   0.791168  -0.251823    0.10345   0.713831   0.195829  -0.310392   -1.57779  -0.660003   0.183789   0.106804  -0.667671   0.067194   0.418031
  0.709334 -0.0471249   0.759123    2.81684    1.71853   -2.72999     1.1309   -1.61124    1.07646   0.462095  -0.307575 -0.0549531   -1.12399   -1.42931   -1.16915   0.640035  -0.559209  0.0404928  0.0826681 -0.0895324   -1.47755   0.685688  -0.178243  0.0741876   0.754759  0.0740384  -0.345141   -1.49617  -0.725052   0.102195  0.0615212   -0.68644   0.110608   0.435834
  0.706554 -0.0513922    0.75946    2.81558    1.71527   -2.72948    1.13736    -1.6045    1.08316   0.446315  -0.298274 -0.0599002   -1.13425    -1.4382   -1.17908    0.63812  -0.555633  0.0336814    0.07483  -0.088338   -1.48964   0.689825  -0.183465  0.0769523   0.750572  0.0806307  -0.348982   -1.50526  -0.723262    0.10531  0.0685032  -0.686307   0.108747   0.430187
  0.719245 -0.0887957    0.76708    2.76641    1.69894   -2.74293    1.19351   -1.48867    1.13569   0.381508  -0.298012  -0.101359   -1.26664   -1.42805    -1.3028   0.448692  -0.367604   0.112159  0.0203547 -0.0247575   -1.47145   0.716393  -0.183165   0.030646   0.736869   0.102867  -0.382282    -1.4648  -0.695879  0.0794478  0.0610085   -0.71347  0.0621337   0.405192
   0.72079 -0.0848913   0.767094    2.76758     1.7001   -2.74223    1.18207   -1.49496    1.12419    0.38697  -0.300687 -0.0971564   -1.26009   -1.42002    -1.2961   0.447468  -0.368308   0.117797  0.0269865 -0.0267144   -1.46384   0.713208  -0.179189  0.0298164   0.741471  0.0973827   -0.38049    -1.4598  -0.697926  0.0798287  0.0554708  -0.711654  0.0647251   0.406973
   0.760871  -0.0818272    0.756165     2.77253     1.71838    -2.73237     1.14227    -1.50805     1.07616    0.502942   -0.397511  -0.0998167      -1.259    -1.39859    -1.29917    0.570413   -0.479866    0.123223   0.0020571 -0.00472179    -1.40207    0.632635   -0.212509   0.0439957    0.743416   0.0277467     -0.3501    -1.54445   -0.785858    0.105278   0.0700614   -0.701253    0.164051    0.391385
   0.760568   -0.111634    0.756573     2.76686     1.71732    -2.73737     1.15331    -1.45214     1.08368    0.459037   -0.379689    -0.13907    -1.24259    -1.45088    -1.28684    0.584741   -0.483009   0.0827663    -0.04013   0.0124194    -1.39692     0.66074   -0.248517 -0.00557698    0.693389   0.0746244   -0.305187    -1.55537   -0.770198   0.0860163    0.116362     -0.7494    0.125356      0.4213
   0.843225   -0.188245    0.742592     2.74425     1.79748    -2.78001     1.09621     -1.2287     0.97999    0.537592   -0.513029   -0.261799    -1.18525    -1.62077    -1.27731    0.758688   -0.532167  -0.0218183    -0.12642   0.0772544    -1.11067    0.733028   -0.201405   -0.215421    0.749331   0.0990854   -0.386462    -1.24318   -0.637232  -0.0434827  0.00171385   -0.832823 -0.00911683    0.348916
   0.845437   -0.187674    0.741912       2.746     1.79934    -2.78097      1.0925    -1.22888    0.975544    0.543293   -0.518057   -0.261799    -1.18135    -1.61892    -1.27357    0.766127   -0.538163  -0.0208952   -0.124869   0.0763225    -1.10099    0.732549   -0.200678   -0.219514    0.752072   0.0962027   -0.384222    -1.23582   -0.634643  -0.0438034 -0.00159555   -0.833157  -0.0112598    0.347451
   0.874311   -0.180538    0.732096     2.76333      1.8098    -2.78973     1.04013    -1.22725    0.921722    0.594519   -0.574985   -0.261799    -1.14002    -1.59736    -1.22964    0.840716   -0.607618 -0.00870438  -0.0712416   0.0497518    -1.21082    0.765794    -0.18957   -0.176528    0.749956    0.182734   -0.387753    -1.22597   -0.575444  -0.0150225   0.0460893   -0.812562  -0.0764086     0.34849
  0.828955  -0.197687   0.741633     2.7472    1.77047    -2.8087     1.2084    -1.2211    1.10609   0.558627  -0.522719  -0.261799   -1.22718   -1.66162   -1.31106   0.701457   -0.48871 -0.0340971  -0.112016  0.0746275   -1.40143   0.797457  -0.255229  -0.126263   0.667417   0.256685  -0.363695   -1.39478  -0.602473  0.0189805   0.130276  -0.819879 -0.0420536   0.367933
  0.859149  -0.140834   0.736634    2.75926     1.7747   -2.80439    1.13512   -1.30863    1.03725   0.664219  -0.602889  -0.190741     -1.206   -1.56266    -1.2728   0.732716  -0.542764  0.0464891 -0.0498476  0.0950702   -1.33823   0.681355  -0.260296 -0.0633458    0.68075   0.128227  -0.286381    -1.5111  -0.745919  0.0807608    0.14294  -0.769864   0.106153   0.388925
  0.870346 -0.0721128   0.730351    2.75595    1.79097   -2.79002    1.09796   -1.42599   0.999797    0.80691  -0.677859  -0.098213   -1.20974   -1.45032    -1.2646   0.733197  -0.561724   0.143469  0.0642196   0.066668   -1.28151   0.613869  -0.220094 0.00200002   0.736012  0.0237362  -0.250052   -1.46096  -0.770954    0.10837  0.0664976  -0.712748   0.164186   0.388181
  0.910425 -0.0399035   0.739679    2.84898    1.78558   -2.75522    1.19675   -1.63342    1.12685   0.716309  -0.490264 -0.0443057   -1.22691   -1.27145   -1.26328    0.74254   -0.62845    0.18886  0.0946397 -0.0828772   -1.16952   0.596811  -0.180914  -0.039972   0.774064 -0.0539734  -0.226528   -1.37806  -0.750524  0.0902389 -0.0019485  -0.711247   0.144511   0.409682
   0.910252  -0.0381008     0.73941     2.84918      1.7864    -2.75452     1.19673    -1.63707     1.12716    0.719744   -0.491401   -0.041905    -1.22915    -1.26808    -1.26525    0.743738   -0.629235    0.191384   0.0977857  -0.0842106    -1.16998    0.594984   -0.180217  -0.0378272    0.775267  -0.0557281   -0.225747    -1.37911    -0.75164   0.0918981 -0.00265877   -0.709493    0.146693    0.409806
    0.91636  -0.0103357    0.735523     2.85823      1.7915    -2.76538     1.17793    -1.67657     1.11768    0.774242   -0.521753 -0.00425782    -1.19943    -1.22174    -1.23078    0.716494    -0.62046    0.234302    0.166656   -0.102605     -1.3611    0.651185   -0.190502   0.0393046    0.769995   0.0595417   -0.221626    -1.43578   -0.736097    0.143773   0.0336082   -0.669167    0.150556    0.417881
  0.971226   -0.14124   0.717675    2.85999    1.83843     -2.765    1.11805   -1.46113   0.996821    0.77725  -0.587312  -0.202592   -1.02084   -1.38928   -1.08707   0.965321  -0.798684  0.0580941  -0.040479   -0.07768   -1.17718   0.720966  -0.191146  -0.127974   0.754391   0.138017  -0.336651   -1.16828   -0.59685   0.012366 0.00247548  -0.792455 -0.0294852   0.322456
   1.03626  -0.158652    0.71916    2.75819    1.85328    -2.7802    1.09922   -1.28219   0.952513   0.782684  -0.681612  -0.234269   -1.15897    -1.5596   -1.25834   0.938923  -0.678479  0.0195203 -0.0338599  0.0537036   -1.01506   0.707617  -0.193847   -0.22864   0.790268  0.0784833   -0.32188   -1.00401  -0.548276  0.0029995 -0.0807256  -0.810301  -0.118433   0.258761
   0.924402   -0.186525     0.75852     2.73221      1.7323    -2.80106     1.29628    -1.25842     1.21234     0.47073   -0.424482   -0.230815    -1.25999    -1.65459    -1.32763    0.500756   -0.327788  -0.0175218   -0.129895   0.0722325    -1.42502    0.807556    -0.35144   -0.193453    0.575343    0.286512    -0.18549    -1.40154   -0.631703   0.0579675   0.0723272   -0.819894 -0.00479742    0.332086
   1.04733   -0.19632    0.73595    2.81383     1.7949   -2.79442    1.19515   -1.31087    1.08223   0.569081  -0.477045  -0.261799   -1.10013   -1.57259   -1.17785   0.848305  -0.636934 -0.0292073  -0.155128  0.0364279   -1.07507   0.763189   -0.32882  -0.287834   0.663288   0.125964    -0.1663   -1.02432  -0.543241  0.0713271 -0.0616401  -0.824741  -0.172362   0.123794
   1.05093  -0.195414   0.734969      2.816    1.79662   -2.79481     1.1865   -1.31181    1.07315   0.575582  -0.483591  -0.261799   -1.09186   -1.56865   -1.16934   0.856343  -0.644819 -0.0273879  -0.154038   0.036313   -1.06549   0.760183  -0.330582  -0.288966   0.662985   0.119188  -0.159878    -1.0149  -0.541508  0.0748767 -0.0628749  -0.823368  -0.178021   0.115761
   1.00198  -0.115753   0.748691     2.8148    1.75388   -2.81509    1.43393   -1.44752    1.35501   0.631748  -0.483642  -0.127158   -1.27585    -1.4881   -1.32187   0.663681  -0.510062  0.0765939 0.00832357 -0.0173517   -1.33573   0.801609  -0.310408  -0.188766   0.628914   0.246597 -0.0906678   -1.20899  -0.598666   0.136164 -0.0243232   -0.75735 -0.0560442   0.252767
    1.00018  -0.0625854    0.750335     2.82262     1.75794    -2.80478     1.39848    -1.53844     1.33044    0.652826   -0.483941  -0.0553466    -1.27646    -1.39403    -1.31202     0.62456   -0.490918    0.150262    0.107307  -0.0456378    -1.30911    0.771663   -0.279718   -0.150678    0.661955    0.189738  -0.0452216    -1.22903   -0.641509     0.15574  -0.0482258   -0.727731 0.000170837    0.309657
   1.04222 -0.0372487   0.755562    2.90011    1.76668   -2.78864     1.4757   -1.66626    1.42546   0.459118   -0.26068 -0.0217228   -1.24307   -1.25418   -1.26839   0.656728  -0.561316   0.189443   0.148519  -0.135831     -1.202   0.734434  -0.245703  -0.163949   0.706056  0.0993663 -0.0220711   -1.14152  -0.651341   0.159203  -0.102952  -0.727072 -0.0271523   0.316654
   1.04187 -0.0350068   0.755525    2.90066    1.76756   -2.78856    1.47585   -1.66986    1.42608   0.460479  -0.260688 -0.0187588   -1.24328   -1.25024   -1.26828   0.655572  -0.560393   0.192614   0.152747  -0.137348   -1.20209    0.73333  -0.244886  -0.162131   0.706794  0.0978663 -0.0196869   -1.14343   -0.65323   0.160709  -0.103853  -0.726089  -0.023858   0.318988
   1.07178 -0.0172235   0.748493    2.91281    1.78371   -2.78783    1.42347   -1.70481    1.37712   0.562449  -0.335186 0.00169219    -1.1688   -1.19249   -1.19506   0.665964  -0.597825   0.225832   0.157725  -0.142746   -1.19167   0.661663  -0.261846 -0.0805305   0.697201 0.00953282  0.0055698   -1.28764  -0.706785   0.166167 -0.0562219  -0.709452  0.0896358    0.36305
   1.07238 -0.0139523   0.748248     2.9143    1.78523   -2.78851    1.41914   -1.70994    1.37376   0.567856  -0.337525 0.00587172    -1.1655   -1.18574   -1.19146   0.662895  -0.596846   0.230854   0.164013  -0.144696   -1.19006   0.658796  -0.260421 -0.0777141   0.699856 0.00540005 0.00825978   -1.28897  -0.708267   0.167257 -0.0570057  -0.707844  0.0923563   0.367221
   1.10809  0.0134193   0.750428    2.86914    1.78117   -2.79844    1.39053   -1.69575    1.34499   0.644363  -0.416825  0.0463765   -1.24694   -1.22529   -1.26785   0.583758  -0.481325   0.258191   0.238831  -0.110914   -1.11034   0.626186   -0.22829 -0.0743744    0.74169 -0.0813914  0.0366246   -1.24316   -0.70471   0.175269 -0.0994669  -0.700545  0.0843041   0.398419
   1.10847  0.0147366   0.750188    2.86968    1.78203   -2.79869    1.38877   -1.69784    1.34356   0.647376  -0.418307  0.0480802   -1.24537   -1.22273    -1.2661   0.583626  -0.481604   0.260185    0.24142  -0.111939   -1.10941   0.624795  -0.227224 -0.0733014   0.743298 -0.0830971  0.0367835   -1.24313  -0.705222   0.175819  -0.100205  -0.700197  0.0855572    0.39999
    1.10881   -0.055107    0.755122     2.84009     1.74145    -2.78678     1.42151    -1.58471     1.36385    0.547922   -0.385132  -0.0443102    -1.28624    -1.34862    -1.31691    0.601059   -0.493951    0.159711   0.0685917  -0.0379295    -1.20282    0.634429   -0.300229  -0.0555188    0.669277  -0.0385038  -0.0296205    -1.41323   -0.749842    0.167675 -0.00979652   -0.712117    0.139848    0.334807
      1.083  -0.0900891    0.762729     2.81927     1.71419    -2.78426      1.4439    -1.52048     1.38688    0.431803   -0.306613   -0.088324    -1.31958    -1.42179    -1.35261     0.53547   -0.432131    0.108426  -0.0068796 -0.00430734    -1.30116    0.666863    -0.32536   -0.067347    0.641883   0.0420327  -0.0901491     -1.4693   -0.763958    0.166695   0.0119318   -0.717872     0.14771    0.300722
   1.09533 -0.0870878   0.759728    2.82044    1.70874   -2.78326    1.43509   -1.52586    1.38078   0.452488  -0.331778 -0.0848076    -1.3053   -1.41361   -1.33676   0.544867  -0.450821   0.113899  0.0134172 -0.0359366   -1.47129   0.733833  -0.337582 -0.0552746    0.62041   0.187753  -0.112133   -1.48896  -0.715013   0.192573  0.0416822  -0.705454   0.118214   0.293832
    1.0969 -0.0903834    0.75966    2.82105    1.70962   -2.78536    1.43148    -1.5197    1.37636   0.454461  -0.334157 -0.0894183   -1.29609   -1.41892   -1.32808   0.547482   -0.45269   0.109856 0.00812697 -0.0344716   -1.46576   0.736433  -0.338719 -0.0620408   0.618496   0.190355  -0.111586   -1.48209  -0.712159   0.188842  0.0411669  -0.709005   0.113312   0.291963
   1.12099 -0.0974548   0.761845    2.85297    1.71458   -2.78113    1.46849   -1.54747    1.41437   0.301269  -0.170289 -0.0985443   -1.26479   -1.38875   -1.29623    0.58603  -0.499214   0.101566 -0.0044123 -0.0687645   -1.38834   0.742675  -0.325132  -0.104967   0.632072   0.169698  -0.108368   -1.41154  -0.694152    0.16346  0.0214341  -0.729716  0.0731399   0.291962
    1.15358   -0.104054    0.756895     2.87145     1.73796    -2.78683     1.43014    -1.54868     1.36819    0.399778   -0.247488   -0.111168      -1.174    -1.37217    -1.20945    0.650522   -0.561957   0.0988577 -0.00969827  -0.0796207    -1.28196    0.736412    -0.29885   -0.135046    0.668124     0.12846   -0.127461    -1.29935   -0.668045    0.131756    -0.01596   -0.752821   0.0272338    0.283423
   1.21686  -0.133417   0.764102    2.79259    1.73028   -2.79609    1.36243   -1.41566    1.28852   0.458014  -0.349763  -0.151279   -1.25296    -1.5164    -1.2998   0.536103  -0.400407  0.0524575 -0.0414325  0.0186187   -1.14468   0.746037  -0.299293  -0.218596   0.686584  0.0693029  -0.119394   -1.15265  -0.619286  0.0987462 -0.0732001  -0.788953 -0.0794631   0.246161
   1.19285  -0.195249   0.762741     2.7743    1.73405   -2.80372    1.42079   -1.30956    1.33393   0.394755  -0.298287  -0.231692   -1.26421   -1.62913   -1.32789   0.538271  -0.369935 -0.0320314  -0.156556  0.0531401   -1.25629   0.802267   -0.33792    -0.2519   0.642417   0.199187  -0.199766   -1.21166  -0.591497  0.0668091 -0.0229088   -0.82739 -0.0909475   0.224373
   1.29688  -0.199807   0.740227    2.82594    1.76513   -2.83341    1.19889   -1.28025    1.10692    0.51883  -0.460285  -0.261799  -0.998836   -1.59693   -1.06283   0.786244  -0.588314 -0.0212442  -0.139753  0.0705482   -1.19433    0.78144  -0.327903  -0.290878   0.680456   0.207394  -0.207539   -1.00532  -0.501681  0.0981441 -0.0127371  -0.813171  -0.281656   0.103568
    1.18178   -0.147034     0.77059     2.80661     1.68499    -2.83085     1.39533    -1.38163     1.34387    0.324295   -0.256715   -0.163065    -1.19278    -1.55186    -1.22587    0.369346   -0.266968   0.0402961  -0.0699101 -0.00297144    -1.48495    0.844781   -0.361786   -0.201212    0.584505    0.318346   -0.126755    -1.33034   -0.591413    0.158372   0.0222555   -0.758754  -0.0625378    0.228762
    1.33827 -0.00217744    0.705991     2.59735     1.95099    -2.44997    0.182659    -1.73621  -0.0713825     1.16209   -0.707202   -0.196242     -1.0651    -1.11442    -1.21558    0.961322   -0.811172    0.261799    0.307117   -0.176011   -0.901178    0.485413    0.240006   -0.226283    0.734657   -0.072093   -0.440681    -0.70564   -0.605065    -0.34431   -0.717141   -0.192935    0.314359   0.0750764
