4
0
   0.679841    0.061889 0.000146009
0.484892 0.219225  210.594        0        0        0
-0 -0  1
1
   0.694946   -0.205991 0.000455929
0.432069 0.197683  194.549        0        0        0
0 0 1
4
-0.00204813  0.00526382  0.00653036
-0.369598 -0.179459   119.901    4.7091  -4.88149 0.0908294
0 0 1
5
-0.0060304  -0.203513 0.00777977
-0.547341 -0.237438   105.254   4.13005  -4.28822 -0.327121
-0 -0  1
3
1
   0.694946   -0.205988 0.000462933
1.67554  1.3379 350.439       0       0       0
0 0 1
4
-0.00204784  0.00526266  0.00653617
-0.425441 -0.437257   189.752    7.4522  -7.72543 0.0792111
0 0 1
5
-0.00603046   -0.203513    0.007783
-1.25008 -0.90061  90.1073  3.53146 -3.67451  -1.1023
-0 -0  1
4
1
   0.694954   -0.205982 0.000473542
  0.45478 -0.467868   218.499         0         0         0
0 0 1
4
-0.00204642  0.00525892  0.00654984
-0.289005  0.215235   117.823  -4.79531  -4.62656  0.421788
0 0 1
5
-0.00603003   -0.203512  0.00778803
0.0389174  0.669193   186.613  -7.60046  -7.32527  0.107424
-0 -0  1
0
   0.800006    0.150011 1.46041e-05
-0.204807 -0.416501   107.363         0         0         0
-0 -0  1
3
1
   0.694954   -0.205981 0.000475238
 0.446452 -0.292366   283.141         0         0         0
0 0 1
4
-0.00204522  0.00526132  0.00655241
-0.259055  0.548637   181.572  -7.39148  -7.13024  0.287738
0 0 1
0
   0.800004    0.150023 1.83737e-05
-0.187383 -0.256195   165.585         0         0         0
-0 -0  1
4
1
   0.694948   -0.205998 0.000478792
  0.323331 -0.0267603    231.327          0          0          0
0 0 1
4
-0.00204384  0.00526715   0.0065544
 -1.12731   0.27332   61.0127  -2.48547  -2.39625 -0.340518
0 0 1
0
   0.800001    0.150019 2.03345e-05
  0.343943 -0.0352517    229.456          0          0          0
-0 -0  1
5
   0.100002   -0.300002 5.69971e-06
0.459915 -0.21137  108.503 -4.34011 -4.34009 0.251593
-0 -0  1
3
4
-0.00203417  0.00526417  0.00655327
 -0.335909   0.335909   0.473112 -0.0282777 -0.0208745   -2.05767
0 0 1
0
   0.799999    0.150019 2.14348e-05
-0.199463  0.401395   365.654         0         0         0
-0 -0  1
5
   0.100011   -0.300002 4.25013e-06
 0.535682 -0.737448    264.17  -10.5668  -10.5668   1.62115
-0 -0  1
4
4
-0.00202391  0.00527883  0.00655292
-0.478739 -0.802011   137.876   5.41561  -5.61321  0.251569
0 0 1
0
   0.799998    0.150019 2.87756e-05
0.317719 0.140189  251.153        0        0        0
-0 -0  1
5
    0.10002   -0.299996 5.92551e-06
0.0805884  0.517453    85.523   3.42093  -3.42091 -0.535405
-0 -0  1
1
   0.79999  -0.300013 8.1811e-06
0.0806077  0.144559   155.746         0         0         0
-0 -0  1
3
0
   0.799974    0.150041 4.52757e-05
 0.000380997 -0.000762445      213.905            0            0            0
-0 -0  1
5
   0.100035   -0.300025 2.44464e-05
-0.000569418  0.000133326      227.535       9.1014      9.10143  0.000403552
-0 -0  1
1
   0.799977   -0.300018 2.31039e-05
-0.000424912  0.000471417      188.859            0            0            0
-0 -0  1
4
0
   0.799966    0.150059 6.99419e-05
-0.00651922  0.00257587     210.129           0           0           0
-0 -0  1
5
   0.100042   -0.300018 3.73743e-05
 0.000923815 -0.000999199      103.916     -4.15662     -4.15668  -0.00430883
-0 -0  1
1
   0.799971   -0.300012 3.32245e-05
  0.0022684 0.000993449     229.527           0           0           0
-0 -0  1
4
   0.100015    0.100001 1.90694e-05
  0.0033983 -0.00214444      86.726    -3.46913    -3.46895  0.00101767
0 0 1
3
0
   0.799963    0.150056 7.63425e-05
-0.0169495  0.0103418    405.972          0          0          0
-0 -0  1
5
  0.100045  -0.299984 3.9128e-05
0.000821402   -0.002046     222.267    -8.89062    -8.89071   0.0160764
-0 -0  1
4
   0.100011    0.100002 2.66813e-05
  0.0162485 -0.00791218      2.0595  -0.0823854  -0.0823747  -0.0232705
0 0 1
4
0
   0.799963    0.150058 7.61942e-05
-0.00292761 -0.00906742     232.036           0           0           0
-0 -0  1
5
   0.100043   -0.299981 4.13903e-05
 -0.00120633 -7.39168e-05      84.1121      3.36453     -3.36444   -0.0045144
-0 -0  1
4
   0.100012    0.100003 3.03413e-05
0.00125665 0.00205062    169.736    6.78933   -6.78957 0.00457461
0 0 1
1
    0.899996    -0.300004 -8.76305e-08
0.00277778 0.00705201    144.413          0          0          0
-0 -0  1
3
5
   0.100038   -0.299974 5.72182e-05
-0.0111821 0.00358435    2.43211  0.0972836 -0.0972843 -0.0239627
-0 -0  1
4
   0.100027    0.100036 6.76229e-05
-0.00112163 -0.00717096     264.436     10.5772    -10.5777    0.021757
0 0 1
1
   0.899993        -0.3 1.29509e-05
 0.0117052 0.00408469     363.43          0          0          0
-0 -0  1
4
5
   0.100049   -0.299979 6.02611e-05
-0.00426021    0.007083     152.308    -6.09239    -6.09221 -0.00226741
-0 -0  1
4
   0.100043    0.100059 7.94085e-05
-0.00235586  0.00801719     95.7867    -3.83157    -3.83137   0.0161057
0 0 1
1
    0.89998        -0.3 1.59732e-05
0.000540519 -0.00667666     222.993           0           0           0
-0 -0  1
0
   0.899983    0.150006 4.60343e-06
 0.00597733 -0.00828824      159.21           0           0           0
0 0 1
3
4
   0.100038    0.100052 8.94133e-05
0.00292435  0.0048435    240.239   -9.60922    9.60993 0.00219776
0 0 1
1
   0.899973   -0.300019 2.64915e-05
  0.00212366 -0.000225406      260.728            0            0            0
-0 -0  1
0
   0.899982    0.150002 1.03338e-05
-0.00548994 -0.00494296     129.331           0           0           0
0 0 1
4
4
   0.100045    0.100065 9.99564e-05
-0.00414699 -0.00250743     139.032     5.56099    -5.56155  0.00449124
0 0 1
1
   0.899972   -0.300013 3.27336e-05
-0.00190291 -0.00273566     165.935           0           0           0
-0 -0  1
0
   0.899975    0.150021 1.95466e-05
 0.00462539 -0.00128508     215.441           0           0           0
0 0 1
5
   0.249989   -0.299989 9.31276e-06
0.000940574  0.00709985      109.89     4.39561     -4.3956 -0.00108251
0 0 1
3
1
   0.899953   -0.300011 3.49949e-05
  0.0010741 -0.00396322     84.6412           0           0           0
-0 -0  1
0
   0.899948     0.15005 2.69499e-05
 0.000469646 -0.000299125      289.621            0            0            0
0 0 1
5
    0.25001        -0.3 1.93792e-05
-0.00207673  0.00482234     256.035     10.2414     10.2415  0.00263147
0 0 1
4
1
    0.89995   -0.300014 3.77171e-05
-0.000895589    0.0011233      190.748            0            0            0
-0 -0  1
0
   0.899942    0.150052 2.85694e-05
-0.00159132  0.00112217     190.693           0           0           0
0 0 1
5
   0.250013   -0.300002 2.21926e-05
0.000803811 -0.00132108     124.453   -0.124516    -4.97811  0.00390507
0 0 1
4
   0.249999   0.0999997 4.90752e-06
  0.00144621 -0.000977154      124.403    -0.113075     -4.97612  -0.00474697
0 0 1
3
1
   0.899925   -0.300047 5.49969e-05
-0.00612348  -0.0030612     376.044           0           0           0
-0 -0  1
5
   0.250009   -0.300019 5.70331e-05
-0.00657734 -0.00741867     38.3297     1.53331    -1.53306   0.0195674
0 0 1
4
   0.249999   0.0999953 2.64734e-05
  0.0113182  0.00971612     215.925     8.63648    -8.63753 -0.00990732
0 0 1
4
1
   0.899927   -0.300053 5.72314e-05
-0.000382304   0.00878312       244.69            0            0            0
-0 -0  1
5
   0.250009   -0.300017 6.14114e-05
-0.000611751   0.00044244        163.6     -6.54344     -6.54452    0.0100408
0 0 1
4
   0.250001   0.0999939 2.79975e-05
-0.000670579  -0.00609766      69.1507      -2.7662     -2.76586    -0.012637
0 0 1
0
 0.999998  0.149998 4.234e-07
 0.00169005 -0.00326921     152.858           0           0           0
0 0 1
3
5
   0.250001   -0.300006 7.54147e-05
-0.00289658  0.00299724     253.052    -10.1213    -10.1228   0.0434431
0 0 1
4
   0.250001    0.100004 4.80622e-05
-0.00573966 -0.00784314     5.51597   -0.220662   -0.220622  -0.0448142
0 0 1
0
   0.999993    0.150021 1.52999e-05
0.00775705 0.00540693    371.731          0          0          0
0 0 1
4
5
   0.250001   -0.300006 8.11163e-05
-0.00536384 -0.00372773     93.4898     3.73986    -3.73932  0.00471853
0 0 1
4
   0.249997    0.100006 5.70923e-05
 4.2792e-05  0.00107651     151.304     6.05154     -6.0528 -0.00477826
0 0 1
0
    0.99999    0.150021 2.06076e-05
0.00332089 0.00038546    225.377          0          0          0
0 0 1
1
   0.999995   -0.299992 7.08124e-06
0.00165894 0.00234669    160.127          0          0          0
-0 -0  1
3
5
   0.250001   -0.300006 8.56862e-05
 0.00390391  -0.0141252     220.272     8.81024     8.81148 -0.00721156
0 0 1
0
   0.999988    0.150021 2.50512e-05
0.00713545 0.00291054     363.56          0          0          0
0 0 1
1
   0.999991   -0.299985 1.30466e-05
-0.0113707  0.0113694    46.4661          0          0          0
-0 -0  1
4
5
       0.25   -0.300005 8.50994e-05
 -0.00717682  -0.00582567      83.1997       3.3284     -3.32757 -0.000479511
0 0 1
0
   0.999988    0.150022 2.56654e-05
0.000632561 0.000718153     222.662           0           0           0
0 0 1
1
   0.999992   -0.299985 1.30514e-05
0.00253806 0.00205144    175.097          0          0          0
-0 -0  1
4
   0.349999         0.2 9.62313e-07
0.00403104 0.00308586    149.339    5.97355   -5.97358 0.00069283
0 0 1
3
5
   0.250002   -0.300012 9.63305e-05
 -0.0261399  -0.0136978     44.3017     1.77237    -1.77176 -0.00417168
0 0 1
1
   0.999977   -0.299984 1.61771e-05
0.0122878 0.0071384   373.216         0         0         0
-0 -0  1
4
   0.350028     0.20001 6.75215e-06
 0.0136371  0.0067186     212.78    8.51108   -8.51135 0.00634996
0 0 1
4
5
   0.250011   -0.300016 0.000103484
 -0.00296488  6.74123e-05      140.521     -3.26396     -5.62144 -0.000411311
0 0 1
1
   0.999966   -0.300012 2.52423e-05
0.000498655 -5.6774e-05     171.802           0           0           0
-0 -0  1
4
   0.350026    0.200006 1.34609e-05
 0.000820767 -0.000288136      143.263     -3.25672     -5.73051   0.00166548
0 0 1
0
        1.1    0.149998 1.90832e-06
  0.00142612 -0.000112048      174.712            0            0            0
-0 -0  1
3
5
   0.250017   -0.300018 0.000108761
-0.0337841  0.0469556    284.561   -11.3804   -11.3845 0.00229343
0 0 1
4
   0.350024    0.200003 1.85598e-05
 0.0123363 -0.0156845    4.03952  -0.161584  -0.161581  0.0435169
0 0 1
0
        1.1    0.149996 3.46936e-06
 0.0213643 -0.0316661    341.697          0          0          0
-0 -0  1
4
5
   0.250029   -0.300022 0.000110423
 -0.00208395 -0.000106085      145.785    -0.377541     -5.83148 -0.000374085
0 0 1
4
   0.350021    0.200001 2.35324e-05
 0.000188226 -0.000167511       148.33    -0.373316     -5.93318  0.000923136
0 0 1
0
    1.09999    0.149993 3.61316e-06
0.000785352 2.46027e-05     168.007           0           0           0
-0 -0  1
1
    1.09999   -0.300015 3.23099e-06
0.000898887 2.44591e-05     168.175           0           0           0
0 0 1
3
4
   0.350018    0.199999 2.77197e-05
0.00512238  0.0120204    283.112   -11.3244    11.3246 0.00795583
0 0 1
0
    1.09999     0.14999 3.72594e-06
-0.00123436 -0.00678422     43.0888           0           0           0
-0 -0  1
1
    1.09998   -0.300027 5.90981e-06
-0.00412273 -0.00551753     304.097           0           0           0
0 0 1
4
4
   0.350017    0.199998 2.97117e-05
-0.000429896  6.70184e-05      148.883      2.66278     -5.95537  0.000174564
0 0 1
0
    1.09999    0.149989 4.05311e-06
 0.000228449 -0.000123979        166.9            0            0            0
-0 -0  1
1
    1.09997   -0.300033 7.67658e-06
 -3.1761e-05 -0.000133622      165.702            0            0            0
0 0 1
5
   0.399999        -0.3 4.39876e-06
9.71822e-05 0.000115777     148.813     2.66198    -5.95246 0.000171769
-0 -0  1
3
0
    1.09999    0.149988 4.32614e-06
 0.00542794 -0.00332026     320.445           0           0           0
-0 -0  1
1
    1.09997   -0.300038 9.13765e-06
-0.00376298  -0.0063833     33.9254           0           0           0
0 0 1
5
   0.399998        -0.3 8.03836e-06
-0.00183191  0.00975006     275.928     11.0368     11.0374  0.00697672
-0 -0  1
4
0
    1.09998    0.149987 4.78345e-06
3.61518e-06 6.49145e-06     161.518           0           0           0
-0 -0  1
1
    1.09997   -0.300044 1.08978e-05
-3.45121e-05 -2.58783e-05      159.136            0            0            0
0 0 1
5
        0.4        -0.3 8.86033e-06
-1.02542e-05 -4.30149e-05      153.059      5.29387     -6.12214  0.000115017
-0 -0  1
4
  0.500003   0.200001 1.6507e-06
 3.50283e-05  4.60596e-06      156.584      5.29404     -6.26348 -3.29718e-05
-0 -0  1
3
1
    1.09996   -0.300049 1.23731e-05
-0.00566621 -0.00887394     298.898           0           0           0
0 0 1
5
   0.400002        -0.3 9.57194e-06
-0.00255293  0.00290858     34.2729     1.37098    -1.37086    0.020123
-0 -0  1
4
  0.500006   0.200002 3.0294e-06
 0.00828498  0.00599153     297.127     11.8848    -11.8853 -0.00512372
-0 -0  1
4
1
    1.09993   -0.300048 1.08976e-05
-3.70992e-05  0.000124912      171.994            0            0            0
0 0 1
5
  0.400004  -0.300003 2.5204e-05
6.50631e-06 0.000412502     171.048    -6.84163    -4.36566 -0.00192707
-0 -0  1
4
   0.500038    0.200008 1.82903e-05
-0.000483834  0.000124117      141.688     -5.66771     -4.37141   0.00200613
-0 -0  1
0
    1.19996    0.150032 1.41427e-06
-0.000322611 -0.000368455      145.568            0            0            0
-0 -0  1
3
5
   0.400013   -0.300007 5.16507e-05
-0.00956218   0.0129193     273.585    -10.9423    -10.9445  -0.0106611
-0 -0  1
4
   0.500057    0.200014 4.64224e-05
-0.00605103  0.00895994     56.8075    -2.27253    -2.27207   0.0365226
-0 -0  1
0
      1.1999     0.150049 -3.42869e-06
 0.0139772 -0.0218576    299.906          0          0          0
-0 -0  1
4
5
   0.400032   -0.300014 7.93291e-05
 -0.00186507  8.26868e-05       143.29     0.471347     -5.73154 -0.000280091
-0 -0  1
4
   0.500054    0.200018 8.94846e-05
-0.00218479  3.3231e-05     146.994    0.479255    -5.87983 0.000508971
-0 -0  1
0
    1.19984    0.150078 2.99462e-07
0.000977864 9.55255e-06     170.112           0           0           0
-0 -0  1
1
     1.19994    -0.300013 -1.98931e-07
0.000936262 9.77643e-06     169.902           0           0           0
0 0 1
3
4
   0.500095     0.20004 0.000118424
0.0227218 0.0453916   279.694  -11.1856   11.1899 0.0365565
-0 -0  1
0
     1.1998    0.150147 1.49032e-05
-0.00744813  -0.0166226     47.1623           0           0           0
-0 -0  1
1
     1.19992    -0.299994 -3.94578e-06
-0.0165762 -0.0273563    303.441          0          0          0
0 0 1
4
4
   0.500117    0.200046 0.000123077
-0.00201466 0.000383045     149.231    0.185883    -5.96931  0.00075934
-0 -0  1
0
    1.19978    0.150179 2.23093e-05
 0.000609251 -0.000211797      166.012            0            0            0
-0 -0  1
1
     1.19991    -0.299991 -4.58033e-06
 0.000844887 -0.000207083      165.934            0            0            0
0 0 1
5
   0.499992   -0.399993 8.85911e-06
 0.000372936  0.000466221       149.12     0.179769     -5.96481 -0.000804134
0 0 1
3
4
  0.500177   0.200061 0.00012508
-0.0213271  0.0344969    46.0023    -1.8407   -1.83951  0.0793623
-0 -0  1
0
   1.19974   0.150215 2.5182e-05
 0.0265685 -0.0370783    332.822          0          0          0
-0 -0  1
5
   0.499954   -0.399975 2.59112e-05
-0.00583437  0.00326287     251.473    -10.0588    -10.0591  -0.0480885
0 0 1
4
4
   0.500185    0.200067 0.000132028
-0.00283369 0.000502671     145.111     2.40285    -5.80527  0.00188116
-0 -0  1
0
    1.19973    0.150229 2.62968e-05
  0.00128142 -0.000499105      169.455            0            0            0
-0 -0  1
5
   0.499969   -0.399972 3.09945e-05
-5.04899e-05  0.000877449       143.67      2.39211     -5.74679  -0.00143772
0 0 1
1
     1.29999    -0.299993 -4.76089e-06
 0.00151464 -0.00062696     172.061           0           0           0
-0 -0  1
3
4
   0.500189    0.200069 0.000143586
0.0397006  0.110103   281.872  -11.2708    11.279  0.102726
-0 -0  1
0
     1.1997    0.150234 2.88846e-05
0.00463738 -0.0362583     3.3924          0          0          0
-0 -0  1
1
     1.29997    -0.299997 -6.29767e-06
-0.0450035   -0.07401    345.033          0          0          0
-0 -0  1
4
4
   0.500196    0.200067 0.000147539
-0.00702477  0.00602819     116.634    -4.66711    -4.66362   0.0109234
-0 -0  1
0
     1.1997    0.150248 3.83964e-05
 0.00295507 -0.00249023     172.506           0           0           0
-0 -0  1
1
     1.29996    -0.300001 -2.12074e-06
0.00286264 -0.0046301    196.057          0          0          0
-0 -0  1
5
   0.599999   -0.399995 9.57067e-06
 0.00116325  0.00115493     145.101    -5.80411      -5.804 -0.00768101
-0 -0  1
3
4
 0.500202  0.200065 0.0001506
-0.0439868 -0.0317763    212.415    8.49342    -8.4998   -0.04216
-0 -0  1
1
    1.29995   -0.300003 1.34428e-06
0.0253447 0.0171628   358.174         0         0         0
-0 -0  1
5
  0.599998  -0.399991 1.7418e-05
 0.0186626  0.0147263    59.7087    2.38831   -2.38838 0.00463009
-0 -0  1
4
4
   0.500203    0.200064 0.000151065
-0.00781576  0.00791614     111.525    -4.46271    -4.45931   0.0142237
-0 -0  1
1
    1.29995   -0.300003 1.83072e-06
 0.00206843 -0.00464897     196.054           0           0           0
-0 -0  1
5
   0.599998   -0.399989 1.79503e-05
0.000122805  0.00143772     147.721    -5.90896    -5.90874 -0.00811128
-0 -0  1
0
        1.3    0.150001 6.27608e-07
  0.0056321 -0.00470564     174.997           0           0           0
0 0 1
3
4
   0.500212    0.200055 0.000147751
-0.0316505   0.053765   0.595285 -0.0238576 -0.0238147   0.118224
-0 -0  1
5
   0.599996   -0.399986 2.67341e-05
-0.00438533 -0.00156169     301.226    -12.0493    -12.0487  -0.0742072
-0 -0  1
0
    1.29999    0.150022 6.83089e-06
 0.0360187 -0.0522725    328.476          0          0          0
0 0 1
4
4
   0.500228    0.200063 0.000155121
-0.00487061  0.00147843     136.032    -3.96745    -5.43972  0.00248401
-0 -0  1
5
   0.599988   -0.399984 3.87328e-05
-0.000218498  0.000925269      143.121     -3.98338     -5.72478  -0.00163665
-0 -0  1
0
    1.29996     0.15004 9.62093e-06
  0.00244798 -0.000937051      172.315            0            0            0
0 0 1
1
     1.39998    -0.299999 -4.20596e-06
 0.00195454 -0.00124687      178.83           0           0           0
-0 -0  1
3
5
   0.599993   -0.399982 5.01777e-05
 0.00362721 -0.00518151     241.476     9.65916     9.65891 -0.00170107
-0 -0  1
0
    1.29993     0.15006 1.32651e-05
  0.0074272 -0.00239508     346.204           0           0           0
0 0 1
1
    1.39996   -0.299995 -8.5297e-06
-0.0118645 0.00801905     42.618          0          0          0
-0 -0  1
4
5
        0.6   -0.399981 5.12342e-05
 -0.00248698 -0.000672785      127.701      5.10806     -5.10804   0.00204311
-0 -0  1
0
    1.29992    0.150062 1.27675e-05
-0.000135713  0.000180048      181.241            0            0            0
0 0 1
1
     1.39995    -0.299997 -1.02123e-05
 0.00176921 0.000482818     183.603           0           0           0
-0 -0  1
4
       0.65    0.200001 3.67243e-06
0.000701157 3.82368e-05     137.753     5.50991     -5.5103 -0.00175689
-0 -0  1
3
5
  0.600006   -0.39998 5.2135e-05
-0.0171306 -0.0111353    20.8065   0.832262   -0.83226 0.00603742
-0 -0  1
1
     1.39994    -0.299999 -1.16574e-05
0.00731512 0.00327738    331.719          0          0          0
-0 -0  1
4
       0.65    0.200002 6.79024e-06
 0.00973756  0.00794637     277.772     11.1104    -11.1113 -0.00106064
-0 -0  1
4
5
  0.600009  -0.399983 5.8903e-05
-0.00231387 -0.00101013     130.796      5.2319    -5.23179  0.00117303
-0 -0  1
1
     1.39993    -0.300015 -8.05179e-06
 0.00089076 0.000345424     169.602           0           0           0
-0 -0  1
4
       0.65    0.200002 1.16747e-05
 0.000379579  0.000334312      148.666      5.94636     -5.94689 -0.000755761
-0 -0  1
0
     1.39999     0.149996 -6.03343e-08
0.000745473 0.000138892     181.234           0           0           0
0 0 1
3
1
    1.39991   -0.300047 7.14623e-07
 0.0125429 0.00615752    368.953          0          0          0
-0 -0  1
4
   0.649988    0.199989 2.36498e-05
-0.00243856  -0.0125492     234.226     -9.3687     9.36938  -0.0161195
-0 -0  1
0
     1.39998     0.149983 -1.15413e-07
-0.0108962 0.00553089    27.1191          0          0          0
0 0 1
4
1
    1.39991   -0.300054 3.36414e-06
 0.00103234 0.000838475     205.104           0           0           0
-0 -0  1
4
   0.649985    0.199985 2.61107e-05
 -0.00269465 -0.000489587      101.827      -4.0733     -4.07287  -0.00873814
-0 -0  1
0
    1.39998    0.149978 3.12421e-07
 5.2338e-05 0.000766708     194.498           0           0           0
0 0 1
5
       0.75   -0.400002 6.23578e-06
 0.00145891 -0.00130509     128.869    -5.15455    -5.15496  0.00635154
-0 -0  1
3
1
    1.39991   -0.300054 4.39664e-06
-0.00468494 -0.00286305     60.4148           0           0           0
-0 -0  1
0
    1.39997    0.149996 5.23956e-06
0.00565553 -0.0032856    285.202          0          0          0
0 0 1
5
   0.750003   -0.400001 1.22534e-05
-0.00110994  0.00634099     284.681     11.3868     11.3877  0.00514931
-0 -0  1
4
1
    1.39991   -0.300053 1.67477e-05
 5.16635e-05 -9.72519e-06      212.792            0            0            0
-0 -0  1
0
    1.39996    0.150003 2.10482e-05
-0.000553252  0.000266237       183.92            0            0            0
0 0 1
5
   0.749988   -0.399983 3.39488e-05
-0.00111887 0.000549764      135.98      -5.439    -5.43936 9.82367e-06
-0 -0  1
4
    0.75002     0.19999 3.76299e-06
  0.00157262 -0.000757538      97.6067     -3.90432     -3.90421  0.000697535
0 0 1
3
1
    1.39991   -0.300051 2.72041e-05
-0.00470573  -0.0115614     399.068           0           0           0
-0 -0  1
5
  0.749975  -0.399966 5.2309e-05
 -0.0156171 -0.00269464     26.6048     1.06424    -1.06416   0.0743479
-0 -0  1
4
   0.750037    0.199981 6.59909e-06
 0.0203539  0.0143665    204.626    8.18487   -8.18518 -0.0533973
0 0 1
4
1
     1.3999   -0.300072 3.54687e-05
-0.000688489 -6.39173e-05      175.312            0            0            0
-0 -0  1
5
   0.749987   -0.399969 5.80685e-05
 -0.00168126 -0.000211705       139.01     -4.13504     -5.56057   0.00433307
-0 -0  1
4
    0.75001    0.199962 1.56904e-05
 0.000527454 -9.82126e-05      136.536     -4.13189     -5.46136  -0.00288309
0 0 1
0
    1.49999    0.149991 2.01967e-07
   0.0013715 -0.000198528       179.44            0            0            0
-0 -0  1
3
1
    1.39984   -0.300091 3.20273e-05
-0.0160447 -0.0142779    15.1592          0          0          0
-0 -0  1
5
   0.749987   -0.399968 8.03758e-05
0.00396462 0.00495523    269.204    10.7676    10.7687 0.00603036
-0 -0  1
0
     1.49994     0.150007 -8.26301e-06
 0.0101257 0.00951102    345.934          0          0          0
-0 -0  1
4
1
    1.39982   -0.300095 3.23459e-05
-0.000782405 -0.000202158      174.397            0            0            0
-0 -0  1
5
   0.749987   -0.399967 8.47846e-05
-0.00405995  6.8871e-05     130.943     1.87891    -5.23759  0.00487778
-0 -0  1
0
     1.49993     0.150009 -9.54637e-06
  0.00259223 -0.000215975      182.312            0            0            0
-0 -0  1
4
   0.899999         0.2 4.22471e-06
 0.00185416 0.000351356     142.646     1.88424    -5.70584 -0.00186564
0 0 1
3
5
   0.749987   -0.399967 8.84405e-05
-0.0113829  0.0116594    236.409    -9.4557   -9.45702 0.00352008
-0 -0  1
0
     1.49992     0.150011 -1.06237e-05
 0.0102781 0.00319812    353.458          0          0          0
-0 -0  1
4
   0.899999         0.2 7.76766e-06
0.000853794  -0.0149343     40.4307    -1.61725     -1.6172  0.00346142
0 0 1
4
5
   0.749968   -0.399955 0.000103989
-0.00561607 0.000288406     129.385      5.1758    -5.17501  0.00564614
-0 -0  1
0
     1.49989     0.150031 -1.00283e-05
  0.00257629 -0.000397745      180.274            0            0            0
-0 -0  1
4
   0.900019    0.200007 1.60081e-05
 0.00105324 0.000943321     144.115      5.7643    -5.76487 -0.00251957
0 0 1
1
     1.49997    -0.299998 -5.40859e-06
  0.00110526 -0.000436518      176.524            0            0            0
-0 -0  1
3
0
     1.49987     0.150046 -9.64681e-06
-0.00454085 -0.00436065     62.2874           0           0           0
-0 -0  1
4
   0.900036    0.200013 2.25959e-05
0.00583165 0.00901666    269.439   -10.7769    10.7782 0.00508916
0 0 1
1
     1.49995    -0.299997 -9.75785e-06
-0.00206387  -0.0044185     298.571           0           0           0
-0 -0  1
4
0
     1.49987     0.150051 -9.23367e-06
  0.00145727 -0.000273417      192.645            0            0            0
-0 -0  1
4
    0.90004    0.200015 2.41148e-05
 -0.00147531 -0.000136279      145.245      5.80939     -5.81024  -0.00208896
0 0 1
1
     1.49995    -0.299995 -1.08301e-05
 0.000488601 -0.000211183       175.05            0            0            0
-0 -0  1
5
   0.849996   -0.399997 2.01552e-06
-0.00060715 0.000727147     117.357     4.69433    -4.69425  0.00270556
0 0 1
3
0
     1.49986     0.150055 -8.90112e-06
 0.00913268 -0.00605277     376.449           0           0           0
-0 -0  1
4
   0.900043    0.200016 2.53407e-05
-0.0115441 0.00709656     40.878   -1.63524     -1.635 0.00733312
0 0 1
5
   0.849993   -0.399995 3.63119e-06
 0.00238739 -0.00101934     212.971    -8.51877    -8.51891 -0.00451258
0 0 1
4
0
     1.49987     0.150058 -2.09677e-06
  0.00112335 -0.000258374      174.343            0            0            0
-0 -0  1
4
   0.900043    0.200013 3.72422e-05
 -0.00112501  0.000208816      141.679      4.45806     -5.66748 -0.000588171
0 0 1
5
   0.850001   -0.399991 1.11531e-05
-0.000132592  0.000311819      136.096      4.45384      -5.4438   0.00112509
0 0 1
1
   1.59998  -0.300024 7.9574e-06
 3.92301e-05 -0.000413841      178.179            0            0            0
0 0 1
3
4
   0.900059    0.200018 4.94408e-05
-0.00252355  -0.0030617     260.615     10.4235    -10.4257  -0.0248983
0 0 1
5
    0.84999   -0.399981 2.42479e-05
-0.00257867   0.0045762     65.4743     2.61896    -2.61899   0.0275321
0 0 1
1
     1.59996    -0.300009 -3.59626e-08
  0.00442934 -0.000879033      304.208            0            0            0
0 0 1
4
4
   0.900062    0.200019 5.13653e-05
-0.000520172  0.000121692      152.028     0.690229     -6.08121 -9.95058e-05
0 0 1
5
   0.849989   -0.399979 2.63351e-05
-0.000213293  0.000139521       150.73     0.689031     -6.02922  0.000339306
0 0 1
1
     1.59996    -0.300008 -1.08253e-06
  0.00025344 -8.52587e-05      163.614            0            0            0
0 0 1
0
        1.6    0.150007 9.33517e-07
 0.000380787 -8.66607e-05      163.925            0            0            0
-0 -0  1
3
5
   0.850028   -0.399979 2.46963e-05
 0.00153472 0.000704271     261.806     10.4723     10.4721  0.00131001
0 0 1
1
    1.59993   -0.300037 1.56474e-06
-0.00648079   -0.001657      33.006           0           0           0
0 0 1
0
     1.59998     0.149994 -1.81116e-06
 0.00443549 0.000610969     335.486           0           0           0
-0 -0  1
4
5
   0.850029   -0.399979 2.50642e-05
-0.000357793  2.79503e-05      150.832    -0.987785     -6.03328  0.000639356
0 0 1
1
    1.59993   -0.300038 1.50542e-06
 2.30864e-05 -4.26007e-05      163.512            0            0            0
0 0 1
0
     1.59997     0.149993 -1.64886e-06
  0.00012498 -4.57208e-05      163.069            0            0            0
-0 -0  1
4
   0.999996    0.199999 9.92686e-07
 0.000127109  2.64396e-05      152.885    -0.987701     -6.11538 -0.000302068
-0 -0  1
3
1
      1.5999     -0.30003 -5.63697e-06
 0.00250882 -0.00199616     346.101           0           0           0
0 0 1
0
    1.59994    0.150026 2.30071e-06
-0.00487619  0.00405461     3.06368           0           0           0
-0 -0  1
4
    1.00002    0.200003 1.34789e-05
 0.00101032 -0.00162937     281.133     -11.245     11.2456 -0.00533713
-0 -0  1
4
1
     1.59989    -0.300045 -2.24178e-06
 0.000457201 -0.000179153      185.325            0            0            0
0 0 1
0
   1.59992   0.150018 1.1851e-06
 0.000219036 -0.000161625      183.026            0            0            0
-0 -0  1
4
          1    0.199996 1.99293e-05
-0.00115413 0.000148652      129.44    -5.11281     -5.1774 -0.00265496
-0 -0  1
5
    1.00001   -0.400003 5.02917e-06
 3.25523e-05 -0.000150255      132.506      -5.1188     -5.30036   0.00291231
0 0 1
3
1
     1.59985    -0.300033 -8.16202e-06
  0.0068368 -0.00178535     347.958           0           0           0
0 0 1
4
    1.00003    0.199997 3.31198e-05
-0.00197181 0.000490294     209.884     8.39496    -8.39573  -0.0175548
-0 -0  1
5
    1.00001   -0.400002 2.12805e-05
-0.00611595  0.00171163     72.4561     2.89841    -2.89808    0.021561
0 0 1
4
1
     1.59985    -0.300038 -7.51581e-07
  0.0034676 -0.00104855     211.409           0           0           0
0 0 1
4
   1.00005   0.199989 3.4465e-05
 -0.00297189  0.000523903      90.0947     -3.60396     -3.60362 -0.000504263
-0 -0  1
5
    1.00001   -0.399999 3.77301e-05
-0.00093307 0.000249021     141.481    -5.65892     -5.6596 0.000260006
0 0 1
0
    1.69998    0.150018 1.11379e-05
0.000513431 0.000245255     187.313           0           0           0
-0 -0  1
3
4
    1.00004    0.199981 4.88243e-05
 -0.00791939 -0.000260937      53.5324     -2.14138     -2.14122  -0.00657479
-0 -0  1
5
    1.00003   -0.400004 5.53789e-05
 0.00240934 0.000466187     278.732    -11.1484    -11.1501  0.00831751
0 0 1
0
   1.69997   0.150014 1.1935e-05
  0.00530223 -0.000816813      298.034            0            0            0
-0 -0  1
4
0
     1.67984       0.1619 -8.31865e-07
-0.000162038  8.07198e-05      204.607            0            0            0
-0 -0  1
1
     1.69494     -0.30598 -1.84034e-06
-0.000141675    8.982e-05       200.69            0            0            0
0 0 1
4
    0.997946     0.205272 -9.36961e-07
-0.000143765  0.000224215      116.667      4.66667     -4.66665  0.000468826
-0 -0  1
5
    0.993968      -0.4035 -4.34011e-06
 0.00017315 0.000302103     108.333     4.33332    -4.33335 -0.00031142
0 0 1
