    0.392671   -0.0191674      0.95783   -0.0105976   -0.0353956    0.0267116    0.0788019    -0.458175   -0.0334518     0.741072     -0.24991   -0.0829859   -0.0311674    -0.446869   -0.0289934     0.740588     -0.25764    0.0292569   0.00010873  -0.00163887     0.956914   0.00772743   0.00150577     -1.91999 -0.000490356    -0.524224  -0.00193652     0.960553  -0.00986163  6.40194e-05     -1.91815  0.000557603    -0.523711  0.000680927
    0.352359     0.129352     0.907322   -0.0036587     0.448678   -0.0558007   -0.0733737      -1.0735    0.0224348     0.709214   -0.0873483     0.107099    -0.227544    -0.882952   -0.0539912     0.363474    0.0695407     0.210115    -0.319865     0.361782     0.957473   0.00764193   0.00122675     -1.91997 -0.000399492    -0.524108  -0.00157768       1.2017    -0.377948      -1.2967    -0.457239     -1.12092    0.0323332    -0.791049
    0.529161    0.0628507     0.950711    0.0387648    -0.351181    0.0294266   -0.0545998     0.158091  -0.00903076     0.685574    -0.491393    0.0209697    -0.167742     0.171034    0.0306343     0.675928    -0.495898     0.134406     0.017873     0.277891     0.175463     0.188132      1.06373       -2.492    -0.690919      1.33967     0.194379       1.1425 -5.55112e-17     -1.56559     -2.12897     0.269853      1.18831    -0.901289
  0.595859  0.0501437    0.94369  0.0162036   -0.35499 -0.0106078 -0.0259536   0.330045  0.0189187   0.559563   -0.53493 0.00498185  -0.145185    0.32014  0.0601244   0.564546  -0.534488   0.118287   0.103397   0.185315   0.601265  0.0933356    1.40359     -2.492  -0.294063    1.30591   0.403568    1.30861          0    -1.6378   -2.39149    0.09329    1.31656  -0.890159
   0.43749 -0.0173417   0.984303  0.0168971  -0.136062   0.189755  0.0521256 -0.0963442  -0.199852     0.3808  -0.160271  -0.087631  -0.048168 -0.0190062  -0.183652   0.375061  -0.211375  0.0274823  -0.203706   0.218986  0.0494438    0.58187   0.809619   -2.39399   -0.79847    1.45868   0.363984      1.606   -0.35542    -2.0802   -1.52554  -0.495706      1.335  -0.621918
   0.478696   -0.137329    0.946567     5.90824   0.0247694     5.66994    0.688228   0.0976631    0.497215    0.816791   -0.548643   -0.261336    0.467677    0.116471    0.558505    0.273505   -0.132392  -0.0775989   -0.135327    0.648236       1.603 5.78211e-18        2.55      -2.492    -2.51628    -1.35761    -2.00796       1.606    -0.35419    -1.74615    -1.34385     2.09544   -0.944277     2.47845
  0.457671  -0.107749   0.967861   0.101525  -0.527715   0.241284    0.18792   0.405704  -0.302845   0.343425  -0.255292  -0.174079  0.0921147    0.53445  -0.254743   0.269815  -0.281992 -0.0564878   -0.44686  -0.249437   0.575527    2.36089   0.812202  -0.391253 0.00451249    1.29095   0.372686  -0.368455   -1.34803  -0.187068   -0.81982   0.130399    1.42269  -0.628835
  0.463062  -0.107669    0.96715   0.119871  -0.524354   0.269975   0.179981   0.404267  -0.323792   0.346717  -0.259894  -0.173646  0.0887166   0.547071  -0.278072   0.264042  -0.289612 -0.0538217  -0.459071  -0.271422   0.575607     2.3519    0.80977  -0.384123 0.00664917    1.28194   0.369111  -0.385672   -1.34492   -0.17968  -0.828988    0.14357    1.43366  -0.614802
  0.582054  0.0154722   0.895913   -50.0179 -0.0620978   -48.7198   0.200393  -0.718535   0.169362          0  -0.593992  -0.105367   0.109642   0.484789    -1.5708   0.586708  -0.640432   0.235195  -0.429933   -1.54225  -0.454726    2.47518    -1.5361  -0.757264   -1.55333  -0.761079      -2.55   0.906554   -3.23346    2.32517  -0.979077    2.54941   0.910282   0.186509
    0.429137     0.155121     0.982358     -3.06312     -3.55349     -2.12137    -0.167515     -0.81283     0.355058 -3.50414e-16    -0.872665     0.261799    -0.613475    0.0361062     -1.06313     0.372557    -0.267474     0.261799    -0.219269    -0.848291     -2.51006     0.650159   0.00950162      -1.9636     -1.33569       1.4607     -1.11407    -0.954583     -2.81409      1.02238        0.292      1.14267    -0.820085     -2.53325
    0.31676   0.0052737     1.02108    0.275557   -0.398448    0.476337    0.451829 -0.00224013    0.777137           0   -0.872665    0.261799   -0.886739    0.628499    -1.55895           0   -0.872665   0.0284465   -0.245088   -0.459981   -0.026751     1.46181    0.651841   -0.938342   -0.440012     1.43711    0.608684     1.31983    -2.51539       -2.55       0.292    -2.07792    -1.05425     2.10932
