    0.392671   -0.0191674      0.95783   -0.0105976   -0.0353956    0.0267116    0.0788019    -0.458175   -0.0334518     0.741072     -0.24991   -0.0829859   -0.0311674    -0.446869   -0.0289934     0.740588     -0.25764    0.0292569   0.00010873  -0.00163887     0.956914   0.00772743   0.00150577     -1.91999 -0.000490356    -0.524224  -0.00193652     0.960553  -0.00986163  6.40194e-05     -1.91815  0.000557603    -0.523711  0.000680927
    0.462434    0.0402205     0.961811    0.0269842     0.255976   -0.0775192    0.0124033    -0.531862    0.0810826     0.446439    -0.171208   0.00275753    -0.109564    -0.503504    0.0480745     0.347069    -0.106975     0.110212    -0.518186     0.407868     0.957473   0.00764193   0.00122675     -1.91997 -0.000399492    -0.524108  -0.00157768     0.926411    -0.161039     -1.25271    -0.465653     -1.10497     -0.11967    -0.515051
  0.431112     0.1708   0.727946  -0.412256  -0.251863   0.233636  -0.102639  -0.962507  -0.558505    2.03154   -0.84266  0.0472914 -0.0427075  -0.610838  -0.329787    1.62328  -0.771891   0.261799   0.523599   0.190665  -0.835329    0.21567   0.612895     -2.421   -1.13536      1.478  -0.309725      1.606   -0.28315   -2.16212   -1.38318   -0.30096    1.04278    -0.6313
  0.740194   0.145545   0.841834    0.15343  -0.544625 -0.0181853  -0.399221   0.785133   0.226055    0.47256  -0.747182   0.122326  -0.526787   0.616564   0.280092   0.736754  -0.872665   0.261799   0.162475   0.697331  -0.293246   0.188361    1.03583   -2.46744  -0.533002      1.478  -0.516407    1.51227          0      -2.55   -1.77339  -0.394121    1.17056   0.112097
  0.627002 -0.0452616   0.948393   0.191038 -0.0416067   0.545899  0.0656848   0.231333  -0.558505 0.00134888   -0.19096  -0.125262  -0.132128   0.192256  -0.534719   0.524756  -0.580346  0.0207412  -0.523599   0.202451   -0.39819   0.525518   0.845133    -2.4738  -0.460995    1.31212  -0.277178      1.606  -0.137689      -2.55  -0.902799  -0.478012    1.09436    0.19846
  0.627047 -0.0452547   0.948394   0.191077 -0.0417427   0.545785  0.0657089   0.231557  -0.558505 0.00140534   -0.19105  -0.125161  -0.132112    0.19241  -0.534646   0.524858  -0.580416  0.0208253  -0.523599   0.202647  -0.398187   0.525532   0.845125   -2.47388   -0.46092    1.31218  -0.277263      1.606  -0.137658      -2.55  -0.902797  -0.477949    1.09426   0.198458
  0.653108 -0.0277799   0.882745 0.00951485  -0.127674    1.07829    0.78125  -0.679249   0.852676          0  -0.598993  -0.138291    0.17668   0.181613   -1.09396   0.601473  -0.714096  0.0686618  -0.523599  -0.434423  -0.635776   0.593792   0.568868   -2.26519  -0.721137    1.38335  -0.513098      1.606  -0.630522   -2.49537  -0.858141 -0.0862632     1.2015   0.131958
  0.653103 -0.0277779   0.882749 0.00950108  -0.127659    1.07831   0.781229  -0.679274   0.852646          0  -0.598979   -0.13827   0.176669   0.181597   -1.09396   0.601475  -0.714084   0.068634  -0.523599  -0.434436  -0.635748   0.593779   0.568839   -2.26521  -0.721242    1.38332  -0.513095      1.606  -0.630477   -2.49537  -0.858189 -0.0863464    1.20157   0.132077
    0.318745  -0.00618526      1.02196    -0.260412    -0.383833    -0.465451     0.872501     0.610125       1.5708            0    -0.872665   -0.0251561    -0.457807   -0.0173949     -0.79024 -2.60209e-18    -0.872665    -0.261799    -0.113173     0.873015     -0.28151     0.369909     0.295044     -1.89161     -1.44616      1.27873       0.5884      1.20053     -1.10936     -1.69533    -0.105549   -0.0752276     0.605679    -0.710417
  0.408771 -0.0114028   0.974905  -0.723583  -0.102598   -0.76481    1.65806   0.962348     1.5708   0.153068  -0.829693  -0.261799  0.0220169  0.0225251  -0.687736          0  -0.872665  -0.158349   0.523599   0.627975  -0.468813          0     1.3024   -2.41834   -1.07068   0.608936  -0.228691  -0.954705   -1.30289   -1.59997   -0.65851    1.71107   0.713158  -0.219772
    0.31676   0.0052737     1.02108    0.275557   -0.398448    0.476337    0.451829 -0.00224013    0.777137           0   -0.872665    0.261799   -0.886739    0.628499    -1.55895           0   -0.872665   0.0284465   -0.245088   -0.459981   -0.026751     1.46181    0.651841   -0.938342   -0.440012     1.43711    0.608684     1.31983    -2.51539       -2.55       0.292    -2.07792    -1.05425     2.10932
