    0.392671   -0.0191674      0.95783   -0.0105976   -0.0353956    0.0267116    0.0788019    -0.458175   -0.0334518     0.741072     -0.24991   -0.0829859   -0.0311674    -0.446869   -0.0289934     0.740588     -0.25764    0.0292569   0.00010873  -0.00163887     0.956914   0.00772743   0.00150577     -1.91999 -0.000490356    -0.524224  -0.00193652     0.960553  -0.00986163  6.40194e-05     -1.91815  0.000557603    -0.523711  0.000680927
    0.342374        0.112     0.949912   -0.0843697     0.187623     0.307625     -0.16038      -0.6296    -0.368804      0.43375    0.0229315    0.0226534    -0.248163    -0.501131    -0.365726     0.420291   -0.0569321     0.148334     0.105184     0.408098    -0.228631    0.0118829      0.48891     -2.34146     -1.06785      1.19218     0.678672      1.57861 -0.000308014    -0.122646    -0.938551     -2.41238     -0.50685    -0.292338
   0.421615  0.00574539    0.973444  -0.0738825    0.057394    0.475745 0.000666098   -0.399541   -0.498604    0.347184  -0.0506324   -0.114104  -0.0687206   -0.220242   -0.485817    0.350336    -0.18071   0.0327357   -0.445107    0.161385   -0.578309    0.346865    0.133833    -2.37744    -1.25411     1.28687   0.0557633       1.606   -0.442712   -0.398208   -0.384855    -2.14163    0.242494   -0.300683
   0.421625  0.00575731     0.97345  -0.0739271   0.0573884    0.475722 0.000726815   -0.399526    -0.49859     0.34719  -0.0506024   -0.114051  -0.0686738   -0.220239   -0.485821    0.350361   -0.180689   0.0327655   -0.445012    0.161449   -0.578223    0.346875    0.133863    -2.37752    -1.25412     1.28686   0.0557982       1.606   -0.442626   -0.398194   -0.384773    -2.14161    0.242402   -0.300747
  0.239328  0.0325828   0.920004  -0.227946   0.207966    0.31745  0.0132679  -0.912183  -0.390614   0.492386   0.159219 -0.0979439 -0.0233568   -0.62804  -0.342888   0.206011   0.189316  0.0476527  -0.233961  -0.436258   0.262429    3.16833    1.25807  -0.178852  -0.369486    1.47376   0.274876  0.0425264   -1.60053    0.34009      0.292   -1.76686     0.5921  -0.324278
  0.203028  0.0421957   0.916925   -0.23522   0.127039   0.366231 -0.0188914  -0.853183  -0.472781   0.454634   0.212845 -0.0997564 -0.0425935  -0.579077  -0.407025     0.2197   0.206855  0.0554833  -0.141717  -0.382534   0.378277     3.0171    1.28282  -0.159201  -0.293834    1.45388   0.428831  0.0935431   -1.69027   0.373942      0.292   -1.64682   0.648518  -0.436365
   0.565628   -0.096818    0.933668     15.4386    -3.16308     15.9407     1.13596   -0.127427      1.5708 6.93889e-18   -0.696638   -0.121339     0.33863  -0.0902014   -0.212193    0.300706   -0.309426  -0.0804584  -0.0944744    0.572831   -0.239763     3.18104   -0.222225   -0.802854      -1.377    -1.01194       -2.55    -1.33934       -3.43     1.54301       0.292    0.927106   -0.832029    -2.13369
  0.435117 -0.0614226   0.939754    15.1041   -2.92208    15.0733    1.48174   0.851803     1.5708  0.0173949  -0.710847  -0.261799   0.498264   0.375758   0.420795   0.273968  -0.126511 -0.0172346   0.378676  -0.179184   -2.25065    1.32893    0.02444   -1.26469     1.5325  -0.769192       2.55    1.23212   -2.75511  0.0652951  -0.470144   -1.84079    0.94713   -1.06359
   0.38751 -0.0170132    1.00215   0.528908  -0.449211    0.69494   0.369193   0.170658   0.708503          0  -0.872665   0.119218   -1.19506   0.965764    -1.5708  0.0351679  -0.872665   0.261799  -0.523599  -0.618206    1.33322    1.86949    0.74197  -0.270783   0.654497    1.09112   0.800289   -1.06799   -1.12894   0.863123  -0.686204   0.224571      1.508  -0.825639
  0.355273  0.0245617   0.974474   -52.6691   -3.04081   -52.6526 -0.0865277 -0.0100324   0.620997          0  -0.872665   0.261799   -1.65806   0.867644   -1.50837   0.124693  -0.811809   0.155414  -0.523599   -1.01271    1.15219    1.41472   -2.31272  -0.156525   0.864551     -0.688      -2.55   -1.77873  -0.648932   0.984079  -0.576988   -2.52064     -1.542       2.55
    0.31676   0.0052737     1.02108    0.275557   -0.398448    0.476337    0.451829 -0.00224013    0.777137           0   -0.872665    0.261799   -0.886739    0.628499    -1.55895           0   -0.872665   0.0284465   -0.245088   -0.459981   -0.026751     1.46181    0.651841   -0.938342   -0.440012     1.43711    0.608684     1.31983    -2.51539       -2.55       0.292    -2.07792    -1.05425     2.10932
