    0.392671   -0.0191674      0.95783   -0.0105976   -0.0353956    0.0267116    0.0788019    -0.458175   -0.0334518     0.741072     -0.24991   -0.0829859   -0.0311674    -0.446869   -0.0289934     0.740588     -0.25764    0.0292569   0.00010873  -0.00163887     0.956914   0.00772743   0.00150577     -1.91999 -0.000490356    -0.524224  -0.00193652     0.960553  -0.00986163  6.40194e-05     -1.91815  0.000557603    -0.523711  0.000680927
   0.448006   -0.160257    0.918897  -0.0291568    0.413767   0.0958737    0.273269   -0.758702   0.0254351    0.419386  -0.0842511   -0.250672    0.130627   -0.902728  -0.0390554    0.713933   -0.234299    -0.14706    0.266992   -0.147502    0.995027    0.347448     1.38909   -0.634882     1.11419   -0.103664    0.472503    0.960449 -0.00942875 5.33428e-05    -1.91844  0.00046461   -0.523692 0.000567368
  0.535598  -0.176635   0.954547  -0.114156  0.0653871  -0.247543   0.404304 -0.0622556   0.254295   0.450079  -0.353687  -0.261799   0.280866 -0.0795576   0.256558   0.298709  -0.216739  -0.137868  -0.239342   0.223455    1.12035          0    2.23016   -2.17457   0.311785   0.856845   0.826864    1.33064          0  -0.702858     -2.488   0.431959    1.38152   -1.83238
   0.535588   -0.176582    0.954567   -0.114304   0.0654698   -0.247598    0.404396  -0.0622764    0.254373    0.450037   -0.353635   -0.261799    0.280943  -0.0796266    0.256609    0.298688   -0.216679   -0.137863   -0.239041    0.223552     1.11994 4.33681e-19     2.23003    -2.17463    0.311545    0.856746    0.826753     1.33064           0   -0.703011      -2.488     0.43191     1.38154    -1.83234
    0.450942    -0.108538     0.969774   -0.0138085     0.269279     -1.02193     0.462926   -0.0334506      1.04281     0.525604     -0.37908    -0.194372   -0.0860644    -0.835153    -0.476914            0    -0.811177     -0.21596    -0.150158      1.19248     0.595095 -2.08167e-17      1.90517     -2.24599     0.111075     0.770958     0.868273     0.185538            0        -2.55       -2.488    -0.374342      1.15952    -0.315297
   0.450981   -0.108516    0.969775  -0.0138269    0.269238    -1.02192    0.462835   -0.033413     1.04278     0.52559   -0.379123   -0.194359  -0.0861742   -0.835106   -0.477028 8.67362e-19   -0.811188   -0.215902   -0.149995     1.19255    0.594898           0     1.90497    -2.24602    0.110853    0.770834    0.868102    0.185545           0       -2.55      -2.488   -0.374257     1.15946   -0.315151
    0.318748   0.00617903      1.02192     0.260954    -0.383935     0.465888     0.457399   -0.0172138      0.78989 -6.93889e-16    -0.872665     0.261799    -0.873098     0.610629      -1.5708 -3.98986e-17    -0.872665    0.0253642    -0.362221     0.372629     -0.77678     0.053454     0.913779    -0.754455     0.756681    -0.885628     -1.76557     0.619383    -0.732224     -2.06229        0.292    -0.995642    -0.893152     0.885713
    0.31874 -0.00614938     1.02192   -0.260936   -0.384122    -0.46598    0.872972    0.610841      1.5708 4.33681e-19   -0.872665  -0.0254397   -0.457553  -0.0171339   -0.789747           0   -0.872665   -0.261799    0.143504      1.1422   -0.703883           0    0.669779   -0.944071     1.03993   -0.901358    -1.89904    0.741152   -0.699716    -2.03533       0.292    -1.08078   -0.782343    0.787692
   0.31874 -0.0061494    1.02192  -0.260936  -0.384122   -0.46598   0.872972    0.61084     1.5708          0  -0.872665 -0.0254395  -0.457553 -0.0171341  -0.789747          0  -0.872665  -0.261799  0.0900201   0.363064   0.224588   0.181334    1.02996   -1.94054   -1.25311    1.13054   0.777761      1.606    -1.7062   -1.51518  -0.783476   -0.36743    1.28455    -1.0257
    0.31874 -0.00614943     1.02192   -0.260935   -0.384121    -0.46598    0.872972     0.61084      1.5708           0   -0.872665  -0.0254392   -0.457553  -0.0171344   -0.789748           0   -0.872665   -0.261799   0.0900338    0.363062    0.224665    0.181397     1.02988    -1.94047    -1.25315      1.1307     0.77778       1.606     -1.7062    -1.51522   -0.783491   -0.367413      1.2846    -1.02568
    0.31676   0.0052737     1.02108    0.275557   -0.398448    0.476337    0.451829 -0.00224013    0.777137           0   -0.872665    0.261799   -0.886739    0.628499    -1.55895           0   -0.872665   0.0284465   -0.245088   -0.459981   -0.026751     1.46181    0.651841   -0.938342   -0.440012     1.43711    0.608684     1.31983    -2.51539       -2.55       0.292    -2.07792    -1.05425     2.10932
