    0.392671   -0.0191674      0.95783   -0.0105976   -0.0353956    0.0267116    0.0788019    -0.458175   -0.0334518     0.741072     -0.24991   -0.0829859   -0.0311674    -0.446869   -0.0289934     0.740588     -0.25764    0.0292569   0.00010873  -0.00163887     0.956914   0.00772743   0.00150577     -1.91999 -0.000490356    -0.524224  -0.00193652     0.960553  -0.00986163  6.40194e-05     -1.91815  0.000557603    -0.523711  0.000680927
    0.407258     0.199079      0.91091   -0.0862897     0.412797       0.1219    -0.259618    -0.940766    -0.249803     0.706577    -0.156101     0.147224    -0.328055    -0.704201    -0.251021     0.385162   -0.0524552     0.261799   -0.0858088     0.200967     0.957473   0.00764193   0.00122675     -1.91997 -0.000399492    -0.524108  -0.00157768      1.33607    -0.373719     -1.36253    -0.511221     -1.11704   0.00443027    -0.754842
   0.352016    0.190109     0.94603 -0.00497804   0.0294945    0.206016    -0.25387   -0.492547   -0.236727    0.616389    -0.11253    0.142356   -0.331715   -0.319133   -0.217893    0.455237   -0.104299    0.261799    0.223846    0.343114   -0.333173           0    0.637459    -2.41499    -1.02558     1.38605    0.359358     1.47139           0    -1.89191    -1.67068  0.00430023    0.940775    -1.20076
   0.352009    0.190108    0.946028 -0.00498945   0.0295053    0.206023   -0.253866   -0.492589   -0.236735    0.616422   -0.112532    0.142358   -0.331709   -0.319162   -0.217903    0.455254   -0.104295    0.261799     0.22382    0.343112   -0.333198           0    0.637384    -2.41503     -1.0257       1.386    0.359347     1.47135           0    -1.89187    -1.67064  0.00436322    0.940745    -1.20079
   0.405862   0.0673056     1.00149    0.278837    0.111853    0.699947    0.139025   -0.469752    0.690349 1.38778e-17   -0.872665    0.261799   -0.504044   0.0769932   -0.671014    0.401247   -0.248319    0.157754   -0.310727   -0.398849  -0.0272939    0.192522     1.11689    -2.38769   -0.724929     1.20869    0.323662    0.700212           0    -1.74564    -2.13682    0.439404     1.06167   -0.842395
  0.405853  0.0672945    1.00149   0.278783   0.111774   0.700013   0.139111  -0.469795   0.690302          0  -0.872665   0.261799  -0.503953  0.0770071  -0.671074   0.401275  -0.248376    0.15774  -0.310734  -0.398894 -0.0274852   0.192553    1.11682   -2.38768   -0.72511     1.2086   0.323542   0.700228          0   -1.74543   -2.13669   0.439582     1.0617  -0.842613
  0.382845  0.0177549   0.949468   -3.08707     -2.841   -2.02013   0.587458  -0.982688   0.358908   0.495318  -0.871582   0.235869   0.175177   0.292499   -1.11736   0.221361  -0.205466   0.133917 -0.0997227   -1.00292   -2.60721    2.79399   -2.15689   -1.99822       2.55     -1.562   -2.42837      1.606   -2.57365    2.30898   -1.35819    1.59494   0.886274   0.301316
  0.415482 -0.0123514     0.9938   -2.85274   -2.95588   -2.46566   0.447003  -0.287065   0.763825    0.12617  -0.872665   0.166728  -0.196073   0.360673  -0.603137    0.22886  -0.217976  0.0827123  -0.463051  -0.655105   -2.33077     2.9681   -1.95545   -2.15276       2.55     -1.562   -2.44094    1.53782   -2.87241    1.84014   -1.33396    2.03718   0.575433  0.0407725
   0.36407 -0.0196163   0.967722  -0.666738 -0.0469885  -0.820428    1.65806   0.973339     1.5708   0.256914  -0.872665  -0.192339  0.0608099  -0.121216  -0.544636          0  -0.838809  -0.261799   0.523599   0.650723 -0.0292557   0.642578   0.881219    -2.2665   -1.08826      1.478  0.0368109   0.275985   -1.71335  -0.287215  -0.371945  -0.447605    1.00346  -0.792171
    0.407793  -0.00959893     0.971951    -0.753972    -0.108465    -0.772943      1.65806     0.964973       1.5708    0.0845579    -0.792365    -0.261799     0.038394     0.048803    -0.685245 -4.30732e-15    -0.872665    -0.156111     0.523599     0.638024       -3.352       2.8579     -2.46321     -2.32975      -1.1759        1.478    -0.140464     -1.70884     -1.65869        -2.55    -0.145183        -2.55     0.766349    -0.662679
    0.31676   0.0052737     1.02108    0.275557   -0.398448    0.476337    0.451829 -0.00224013    0.777137           0   -0.872665    0.261799   -0.886739    0.628499    -1.55895           0   -0.872665   0.0284465   -0.245088   -0.459981   -0.026751     1.46181    0.651841   -0.938342   -0.440012     1.43711    0.608684     1.31983    -2.51539       -2.55       0.292    -2.07792    -1.05425     2.10932
