    0.392671   -0.0191674      0.95783   -0.0105976   -0.0353956    0.0267116    0.0788019    -0.458175   -0.0334518     0.741072     -0.24991   -0.0829859   -0.0311674    -0.446869   -0.0289934     0.740588     -0.25764    0.0292569   0.00010873  -0.00163887     0.956914   0.00772743   0.00150577     -1.91999 -0.000490356    -0.524224  -0.00193652     0.960553  -0.00986163  6.40194e-05     -1.91815  0.000557603    -0.523711  0.000680927
    0.431892     0.181614     0.912687    -0.025031     0.425566   -0.0154913    -0.174028    -0.951991   -0.0668197     0.741681    -0.212767     0.156387    -0.290994    -0.740045    -0.111024     0.382745   -0.0579383     0.261799    -0.181396     0.231556     0.957473   0.00764193   0.00122675     -1.91997 -0.000399492    -0.524108  -0.00157768      1.25083    -0.376367     -1.35185     -0.55964     -1.11272   -0.0133439    -0.720394
   0.455474   0.0223579    0.959378  -0.0382068    0.292408    0.119475   0.0174178   -0.587586   -0.114141    0.397142   -0.107566    -0.04571   -0.100662   -0.539837   -0.147901    0.394833   -0.139529   0.0634744   0.0898094   -0.151506    0.956157           0     1.82385     -2.4508   0.0872551     1.29543     1.14206    0.807365 3.46945e-16    -1.85161      -2.488  -0.0259887     1.16465    -1.02815
    0.45548   0.0223703    0.959389   -0.038171    0.292381    0.119472   0.0173985   -0.587548   -0.114135    0.397152   -0.107577  -0.0456417   -0.100668   -0.539791   -0.147879    0.394831   -0.139535   0.0635539   0.0897825   -0.151523    0.956056           0     1.82382    -2.45087   0.0871672     1.29544     1.14198    0.807268 3.46945e-16    -1.85157      -2.488   -0.025895     1.16457    -1.02807
    0.466492   -0.0227465     0.988069   -0.0833083     0.246729    -0.413605     0.296299    -0.295097     0.465285     0.345783    -0.201653   -0.0572026    -0.482178     -0.52453     -1.21422  3.46945e-18    -0.872665    -0.157621    0.0917413      0.32117     0.863888  3.46945e-18        1.848     -2.41543   -0.0285261      1.25364     0.999186     0.554124 -8.67362e-19     -1.64302       -2.488      0.21255      1.11256    -0.855736
   0.466516  -0.0227539    0.988096  -0.0833921    0.246629   -0.413578    0.296353   -0.294917    0.465245    0.345771   -0.201727  -0.0571672   -0.482044   -0.524375    -1.21423 3.46945e-18   -0.872665   -0.157475   0.0918172    0.321105    0.863625           0     1.84796    -2.41539  -0.0288304     1.25356    0.999014    0.553953 1.12757e-17    -1.64283      -2.488    0.212754     1.11249   -0.855617
  0.453786 -0.0201658   0.933561   0.113183   0.642854  -0.392332   0.213112  -0.674574   0.440592          0  0.0548658 -0.0263538  -0.771019  -0.886507    -1.5708          0  -0.872665  -0.261799   0.317968   0.894825   -1.59503    2.17956  -0.998437      0.298   -1.21965  -0.758776    2.49127  -0.136593   -3.26032      -2.55   -2.21866   -2.17152     -1.542    -1.1687
 0.230003 0.0344551  0.937298   15.1826   -2.8039  -28.0119  0.316167 -0.707548 -0.558505   1.05169 -0.167038 -0.151161 -0.157539  0.201213   -1.5708 0.0496078 -0.872665 -0.261799  0.523599  -0.20106  -1.99672  0.790062  0.598466  -0.38744    1.0997  -1.12112     -2.55  0.660309 -0.739116   -1.0932  -1.62874  0.575016     1.508  -1.14681
  0.318722 0.00618007    1.02198   0.260134   -0.38389   0.465197   0.458066 -0.0173865   0.790404          0  -0.872665   0.261799  -0.872137   0.609804    -1.5708          0  -0.872665  0.0251388  0.0587057  -0.408376    1.10046    1.64502   0.746743  -0.548761   0.669284   0.993184    1.07717   0.045913  -0.452438  -0.815458   -2.02425    1.29985    1.32614  -0.520407
    0.40765  0.00924159     0.97135    0.759776   -0.109459    0.774143  -0.0415532   0.0537732    0.685241 1.26218e-29   -0.872665      0.1556    -1.65806    0.965084     -1.5708   0.0717726   -0.785198    0.261799   -0.523599   -0.779123    -1.76334     1.97974       -2.55  -0.0550336     1.35445     0.72669    0.562035   -0.186402   -0.612448    -0.41616    -2.07025     1.25301       1.508    -0.23812
    0.31676   0.0052737     1.02108    0.275557   -0.398448    0.476337    0.451829 -0.00224013    0.777137           0   -0.872665    0.261799   -0.886739    0.628499    -1.55895           0   -0.872665   0.0284465   -0.245088   -0.459981   -0.026751     1.46181    0.651841   -0.938342   -0.440012     1.43711    0.608684     1.31983    -2.51539       -2.55       0.292    -2.07792    -1.05425     2.10932
