    0.392671   -0.0191674      0.95783   -0.0105976   -0.0353956    0.0267116    0.0788019    -0.458175   -0.0334518     0.741072     -0.24991   -0.0829859   -0.0311674    -0.446869   -0.0289934     0.740588     -0.25764    0.0292569   0.00010873  -0.00163887     0.956914   0.00772743   0.00150577     -1.91999 -0.000490356    -0.524224  -0.00193652     0.960553  -0.00986163  6.40194e-05     -1.91815  0.000557603    -0.523711  0.000680927
   0.44255 0.00634106    0.90752  0.0183684   0.623182  -0.171227   0.316345   -1.12464   0.370005   0.745439   -0.22058  0.0063829  0.0517797  -0.940396   0.177762   0.302589 0.00949003  0.0949185  -0.523599    0.17846    1.03231 0.00121176   0.728023   -1.55135    0.77532  -0.295007     0.4433     1.1065  -0.118201  -0.951591  -0.878045    -1.4457  -0.126879  -0.718926
  0.540648  -0.102638    0.96341 -0.0325804   0.189042 -0.0691785     0.2223  -0.207079    0.10781     0.2401  -0.203356  -0.170013    0.11089  -0.224919  0.0883697    0.21887  -0.175047 -0.0598763  -0.371081   0.196455    0.57744          0    2.14609     -2.492   0.166694   0.769969   0.652835      1.606          0  -0.441608   -1.92673      -2.55  -0.918922   0.547231
    0.540576    -0.102669     0.963386   -0.0327009     0.189356   -0.0680379     0.222383    -0.208136     0.106788     0.240391    -0.203121    -0.170186     0.110937    -0.225539    0.0872907     0.219169    -0.175138   -0.0600775    -0.371002     0.195281     0.578314  3.46945e-18      2.14543       -2.492     0.165909     0.770122     0.653974        1.606 -2.77556e-17    -0.441573     -1.92705        -2.55    -0.919089     0.547536
  0.381559 -0.0505206    1.00136  -0.449287 -0.0199534  -0.753045   0.569917   0.299114   0.608425   0.426634  -0.272379  -0.175254  -0.067047  -0.265426  -0.602439          0  -0.872665  -0.261799    0.15114   0.649482  -0.110469          0    1.81603     -2.492  -0.549307   0.579184   0.120515   0.565982  -0.358956  -0.833889   -1.58713      -2.55   -1.16931    1.73088
  0.230108 0.00919364   0.924449  -0.764287  -0.515601  0.0595655    0.58975  -0.592362  -0.558505    1.23395  -0.305022  -0.205531   0.108407   0.340949   -1.47486          0  -0.872665  -0.261799   0.523599  -0.259622  -0.156905   0.326846   0.884545   -1.40323   -1.58012    1.05318    1.03559  0.0298206   -0.81313  -0.676504  -0.632378   -2.27862   -1.12256    1.73421
  0.33239 0.0174676  0.907666  -0.79658  0.187656  0.211391  0.950712  -1.25604 0.0570783   1.22132 -0.245924 -0.122333 0.0412314 -0.370641   -1.5708         0 -0.872665 -0.261799  0.523599 -0.924996   1.19656   1.00167   -1.9671  -2.24132  0.340687     1.478  -1.24259  0.708942  -2.34929 -0.313089 -0.246293  -1.82966  0.772662 -0.680644
  0.326778 -0.0551664   0.947498    40.5699    -3.0061    39.3627  0.0788959   0.522066    1.38237   0.369805   -0.23097  -0.261799  0.0528024  -0.622286    0.19666  0.0392103  -0.692686  -0.261799   0.423388    1.74533    1.44816    2.73897  -0.165146   -1.62151    1.10031      1.478       2.55   -1.51662   -1.78147      -2.55  -0.072487      -2.55   0.898049  -0.689654
   0.412638   0.0442989    0.934819    -27.5962    -2.99689    -27.5032   -0.523599    0.427793   -0.558505    0.170626  -0.0372021 -0.00826644    -1.59667    0.974388     -1.5708   0.0484966   -0.724726    0.261799   -0.523599   -0.562558    -1.06328     1.28073    0.939604    -0.55756    -1.36049    0.989984    0.310896     -1.9534    -1.03838    0.611398   -0.544898     1.04985     1.36326   -0.230606
  0.442099  -0.124242    0.97906    3.00207   -3.43579    2.02347   0.510019   0.201743    1.10956   0.412243  -0.332276  -0.261799   0.121613   -0.71556  -0.304216          0  -0.832446  -0.203976 -0.0955685    1.04455  -0.688614    3.21941  -0.152992      0.298   -1.77047  -0.985363       2.55      1.606          0   -2.25194   -1.60556    1.83741   -1.05764       2.55
    0.31676   0.0052737     1.02108    0.275557   -0.398448    0.476337    0.451829 -0.00224013    0.777137           0   -0.872665    0.261799   -0.886739    0.628499    -1.55895           0   -0.872665   0.0284465   -0.245088   -0.459981   -0.026751     1.46181    0.651841   -0.938342   -0.440012     1.43711    0.608684     1.31983    -2.51539       -2.55       0.292    -2.07792    -1.05425     2.10932
