    0.392671   -0.0191674      0.95783   -0.0105976   -0.0353956    0.0267116    0.0788019    -0.458175   -0.0334518     0.741072     -0.24991   -0.0829859   -0.0311674    -0.446869   -0.0289934     0.740588     -0.25764    0.0292569   0.00010873  -0.00163887     0.956914   0.00772743   0.00150577     -1.91999 -0.000490356    -0.524224  -0.00193652     0.960553  -0.00986163  6.40194e-05     -1.91815  0.000557603    -0.523711  0.000680927
     0.38335     0.103321     0.916778   0.00268868     0.461102   -0.0634091   -0.0277871     -1.02618    0.0523643     0.680223     -0.11779    0.0784487    -0.185806    -0.861057   -0.0287479     0.368153    0.0283639     0.180685    -0.379566     0.324331     0.957473   0.00764193   0.00122675     -1.91997 -0.000399492    -0.524108  -0.00157768      1.11281    -0.301011     -1.29363    -0.524869     -1.11972   0.00111417    -0.736485
   0.535397    0.028532    0.950849    0.038111   -0.384605   0.0601896 -0.00425206    0.210526  -0.0551047    0.674058   -0.499366  -0.0210951   -0.118184    0.244137  -0.0113329    0.650892   -0.506103   0.0923896  -0.0728429    0.223211    0.255512    0.144978     1.13514      -2.492   -0.690368     1.21739     0.22683     1.10911 4.51028e-16    -1.39274    -2.10979    0.341008     1.21362   -0.971219
    0.601169    0.0195506     0.945426    0.0229925    -0.373758    0.0307432    0.0213851     0.380297   -0.0364862      0.51451    -0.521504   -0.0314338    -0.100253       0.4032   0.00799271     0.492054    -0.520341     0.081314   0.00227641     0.114209     0.743447 -4.77049e-18      1.41671       -2.492    -0.329085      1.18151     0.537774      1.23639            0     -1.46999     -2.37572     0.188948      1.30922    -0.925117
  0.279836  -0.113364    0.92436  -0.041626   -0.12711 -0.0105628   0.925402  -0.122799     1.3121  0.0859231  -0.739492   0.261799   0.121956  -0.587109 -0.0067975    0.88844  -0.173874 -0.0851671  -0.233156   0.349708  -0.194539      1.004   0.538573   -1.79585  -0.823886    1.45604   0.682805   0.586229  -0.214918   -1.28037   -1.93412   0.575433    1.46172   -1.06193
   0.279837   -0.113364    0.924364  -0.0416406    -0.12709  -0.0105796    0.925418   -0.122797     1.31213   0.0859212   -0.739499    0.261799    0.121955   -0.587129 -0.00680824     0.88844   -0.173872  -0.0851898   -0.233136    0.349712    -0.19451     1.00403    0.538534    -1.79583   -0.823949     1.45615    0.682803    0.586227    -0.21491    -1.28036    -1.93415     0.57548     1.46173    -1.06192
  0.459755 -0.0837578   0.928714    27.6722   -3.05442    27.7012    1.65806   0.790454     1.5708   0.240169  -0.783554  -0.261799   0.523599   0.410718   0.438155          0 -0.0173717 -0.0436597   0.523599   0.683097    1.00891    2.87326   -2.36012  -0.642533   -2.23974   0.909019   0.146612      1.606   -2.31079   0.799886   -2.23235  -0.591993   0.970666       2.55
  0.432089 -0.0959335   0.937136    18.3372 -0.0701482    18.3585    1.60503   0.651696     1.5708   0.375761  -0.864788  -0.184217   0.523599   0.212315    0.38355   0.144053 -0.0399965 -0.0501794   0.175355   0.817814   0.605139    3.18245   -2.49442  -0.238446   -2.36962    1.18393   0.276818   0.559566   -1.61455    1.72884   -1.90341  -0.342804    1.02787     2.5004
  0.408227  0.0105628    0.97353   0.738333  -0.105412   0.769192 -0.0301414  0.0352038   0.686017          0  -0.872665   0.157403   -1.65806    0.96409    -1.5708   0.119797  -0.811571   0.261799  -0.523599  -0.593142  -0.673142    1.62293  -0.105224  0.0463889 -0.0419996   0.728212   0.659434  0.0966376  -0.580701  -0.755963   -2.23964    1.16453      1.508  -0.214488
  0.408227  0.0105625    0.97353    0.73834  -0.105413   0.769194 -0.0301453  0.0352097   0.686016          0  -0.872665   0.157402   -1.65806   0.964091    -1.5708   0.119782  -0.811562   0.261799  -0.523599  -0.593119  -0.673159    1.62292  -0.105162  0.0463892 -0.0419046   0.728211   0.659208  0.0966532  -0.580699   -0.75599   -2.23966    1.16454      1.508  -0.214472
    0.31676   0.0052737     1.02108    0.275557   -0.398448    0.476337    0.451829 -0.00224013    0.777137           0   -0.872665    0.261799   -0.886739    0.628499    -1.55895           0   -0.872665   0.0284465   -0.245088   -0.459981   -0.026751     1.46181    0.651841   -0.938342   -0.440012     1.43711    0.608684     1.31983    -2.51539       -2.55       0.292    -2.07792    -1.05425     2.10932
