    0.392671   -0.0191674      0.95783   -0.0105976   -0.0353956    0.0267116    0.0788019    -0.458175   -0.0334518     0.741072     -0.24991   -0.0829859   -0.0311674    -0.446869   -0.0289934     0.740588     -0.25764    0.0292569   0.00010873  -0.00163887     0.956914   0.00772743   0.00150577     -1.91999 -0.000490356    -0.524224  -0.00193652     0.960553  -0.00986163  6.40194e-05     -1.91815  0.000557603    -0.523711  0.000680927
   0.410025   -0.156151    0.955989   -0.147008   -0.403495    0.042602    0.378539  -0.0175967   -0.196302    0.724139   -0.348934   -0.261799    0.291346    0.184352   -0.153657    0.418077    -0.22671   -0.136101   -0.523599     1.09429     1.04174 0.000422558    0.822926    -1.50331    0.876388   -0.265209    0.501087    0.904551           0   -0.645443   -0.204113   -0.137697    0.270921    -1.86232
  0.592036  -0.144648   0.930556   -0.22454  -0.163171   0.021588   0.471475  -0.107301 -0.0956743   0.847986   -0.60572  -0.261799   0.361146    0.16492 -0.0773817   0.382853  -0.402348  -0.127627  -0.523599   0.775968    1.31666   0.539199    1.44967   -1.05021   0.896314  -0.821138   0.439179    0.87526          0   -1.07271   0.256032 -0.0740991  -0.462289   -1.52792
  0.592036  -0.144623   0.930542  -0.224718  -0.163087  0.0215685    0.47163  -0.107569 -0.0956487   0.848295  -0.605846  -0.261799   0.361292    0.16483   -0.07736   0.382821  -0.402313  -0.127604  -0.523599   0.775654    1.31696    0.53867    1.44983   -1.05034   0.896465  -0.821338   0.439345   0.875151          0   -1.07199   0.255537 -0.0742069  -0.462001   -1.52841
  0.597373  -0.167916   0.849571  -0.147662  -0.334617   0.261955    1.29558  0.0402203     1.2737   0.110292  -0.613578  -0.210146   0.318193 -0.0355964  -0.355153    1.05554   -0.78456  -0.181163  -0.523599   0.357205      1.603   0.190369    1.79669   -1.41463   0.690557  -0.391328   0.504946      1.606          0   -0.46932   -1.60353 -0.0815968   0.827855   -1.77483
  0.56157 -0.209519   0.79389 -0.179681 -0.296881  0.132964   1.34837  0.103736   1.32649 0.0597678 -0.518024 -0.175945  0.356227 -0.303196 -0.258254     1.395 -0.868614 -0.261799 -0.523599  0.454904     1.603   0.18132   1.90635  -1.48944  0.770611 -0.264659  0.508461  0.300469         0  -2.52085  -1.69812 0.0489972   1.08087  0.148865
  0.562962  0.0712464   0.977228   0.493353   0.268704   0.918811 -0.0665842  -0.308592   0.703127          0  -0.872665 -0.0406562   -0.56603   0.523999  -0.920729   0.301737  -0.433046   0.261799  -0.454974  -0.664794      1.603          0   0.828601   -2.03426       2.55  -0.643843    -1.1262   0.681979          0      -2.55     -2.488  -0.343505    1.18031  -0.189521
   0.273034   -0.185852     0.81275     9.04033    -3.05326     9.43717     1.49274   -0.244187     1.36831     0.12699   -0.554967    0.261799    0.523599   -0.886387  -0.0949456     1.23315    -0.27853   -0.214112   -0.523599 -0.00448006    -2.08229    0.320467   -0.386715    -1.34269     1.67545    -1.09878        2.55   -0.218976   -0.916819   -0.992046    0.224026    0.788395    0.440643    -1.57151
  0.320157 -0.0553291   0.847161    -5.8855  -0.845337   -4.51286   0.541727  -0.892984  -0.364992  0.0820327  -0.475107   0.096639   0.523599   0.386959    -1.5708   0.775799  -0.419796   0.117435   0.351196   -1.06723  -0.966895   0.976955  0.0740939      0.298    1.75297  -0.518073   -1.51205   0.569762   -2.50273   -2.37246      0.292   -1.35388   -1.42775       2.55
 0.384738 -0.119897  0.797467   18.2763 -0.713973  -12.0242   1.65051 -0.775529  0.837652 0.0341875 -0.405471  0.148887  0.523599 -0.268534 -0.902242   1.15052 -0.591324 -0.132433  0.523599   0.21676  -1.70381  0.486893     -2.55  0.288398  -1.64674 -0.683422     -2.55 -0.942028  -2.66024 -0.546773 -0.173165   1.07031   1.01803 -0.130344
  0.417599 -0.0500757   0.926512    52.6927   -3.01396    52.6446    1.65806   0.959786    1.54443   0.025209  -0.697859  -0.261799   0.523599   0.524397   0.558505          0  0.0327796 -0.0051819   0.523599   0.540964    1.04023     2.8199      -2.55  -0.366716   -2.42423    1.15263   0.309297    1.31621   -1.96316   -1.24213  0.0412352   -0.67637   0.883514  -0.527473
   0.416812  -0.0492218    0.926364     77.8218    -3.01066     77.7743     1.65806    0.962065     1.54178   0.0182647   -0.695224   -0.261799    0.523599    0.529218    0.558505           0   0.0331519 -0.00451758    0.523599     0.53958    -2.34527    0.638856     1.72404   -0.194383        2.55     1.22484    0.438949    -2.03493    -1.45306       -2.55  -0.0705598     -2.2779    0.955174   -0.575914
    0.31676   0.0052737     1.02108    0.275557   -0.398448    0.476337    0.451829 -0.00224013    0.777137           0   -0.872665    0.261799   -0.886739    0.628499    -1.55895           0   -0.872665   0.0284465   -0.245088   -0.459981   -0.026751     1.46181    0.651841   -0.938342   -0.440012     1.43711    0.608684     1.31983    -2.51539       -2.55       0.292    -2.07792    -1.05425     2.10932
