    0.392671   -0.0191674      0.95783   -0.0105976   -0.0353956    0.0267116    0.0788019    -0.458175   -0.0334518     0.741072     -0.24991   -0.0829859   -0.0311674    -0.446869   -0.0289934     0.740588     -0.25764    0.0292569   0.00010873  -0.00163887     0.956914   0.00772743   0.00150577     -1.91999 -0.000490356    -0.524224  -0.00193652     0.960553  -0.00986163  6.40194e-05     -1.91815  0.000557603    -0.523711  0.000680927
   0.431867  -0.0218569    0.899676  -0.0273644    0.680115   -0.103881    0.402254    -1.19067    0.382963     0.71991   -0.178751  -0.0289014    0.109539   -0.982785    0.156704    0.268252   0.0381057   0.0546244   -0.523599    0.146234     1.03506 0.000981529    0.755709    -1.53734    0.804805   -0.286314    0.460158     1.13257  -0.0482233   -0.934842   -0.940896    -1.45875   -0.112204   -0.740836
  0.221363 -0.0890663    0.95358 -0.0491468  -0.206957  -0.117857   0.227089  -0.309126   0.076558   0.526595 0.00984711  -0.158531   0.121026  -0.299265   0.102975   0.435444  0.0820813 -0.0429193  -0.289964   -0.22702   0.441375  0.0926617    2.04925   -2.28577  -0.494108   0.837122   0.412791  -0.722755  -0.370467  -0.991477  -0.564763   -1.41135  -0.962098    1.66375
  0.221335 -0.0892079   0.953554  -0.049158  -0.206884  -0.118084   0.227323  -0.309139  0.0767677   0.526583 0.00986381  -0.158685   0.121263  -0.299417   0.103187   0.435518  0.0821294 -0.0430653  -0.289761   -0.22735   0.441809  0.0925513    2.05015   -2.28476  -0.493748   0.836597   0.413152  -0.723649  -0.369462  -0.992337  -0.565515   -1.40987  -0.962082    1.66434
   0.431026   0.0394956    0.980372   0.0311874     0.33879    0.425454    0.496343   -0.677505     1.18059           0   -0.872665    0.261799   -0.318072   -0.414913   -0.501429    0.278291   -0.108617   0.0646882  -0.0505382   -0.449642       1.603 6.97888e-17    0.315922    -1.86275     2.07683    -1.25623   -0.149711    0.603351           0     -1.8388     -2.3375   0.0619814     1.03074   -0.910953
  0.431006  0.0394902   0.980375  0.0312488   0.338806    0.42535   0.496315   -0.67747    1.18063          0  -0.872665   0.261799  -0.318112  -0.414965  -0.501366    0.27828   -0.10856  0.0646913 -0.0506146  -0.449491      1.603          0   0.316001   -1.86286     2.0767   -1.25624  -0.149853   0.603328          0    -1.8388   -2.33752  0.0620749    1.03078  -0.910931
  0.369264 -0.0834032   0.920473    9.08374   -3.40022     9.6441    1.21982  -0.495029     1.5708          0  -0.705437   0.261799   0.326619  -0.624249   -0.12326   0.300051 0.00488974  -0.070105   0.523599   0.660227   0.413329    1.88173    1.27568  -0.520654   0.635392   0.875298   0.571377  -0.275001   -2.82501   -2.52597     -2.488      -2.55     -1.542   -1.01836
   0.420474  -0.0529652    0.938386     11.9524   -0.109044     11.8328     1.65806    0.947272     1.54303    0.261889   -0.832005   -0.261799    0.523599    0.319211    0.558505    0.248388  -0.0737304  0.00582572    0.315724   0.0402955    -2.23563    0.954028 -0.00548133     -1.2879     1.33631   -0.825531        2.55     -0.2075   -0.561175   -0.281447    -1.11065    0.750309     1.14899    -1.14274
    0.306915  0.000103632      1.01458     -0.37409    -0.474493     -0.55059     0.984314     0.733632      1.48544            0    -0.872665   -0.0496458    -0.414413    0.0840519    -0.701408 -3.81639e-17    -0.872665    -0.261799     0.295004     0.229166     -1.28482     0.918865      1.16554    -0.640298     0.836178    -0.961222        -2.55    -0.304552    -0.569194     -0.81367    -0.495611     -1.52164     -1.04067      1.69905
  0.318747 0.00620563    1.02196   0.260418   -0.38361   0.465325   0.457664 -0.0175231   0.790397          0  -0.872665   0.261799   -0.87262   0.609831    -1.5708          0  -0.872665  0.0250906  0.0408594  -0.478614    1.01742    1.43265    1.07492  -0.703109    0.28511    1.10899   0.979593   -1.10517          0   -1.69379   -1.93868   0.158638  -0.220668    1.37206
    0.31676   0.0052737     1.02108    0.275557   -0.398448    0.476337    0.451829 -0.00224013    0.777137           0   -0.872665    0.261799   -0.886739    0.628499    -1.55895           0   -0.872665   0.0284465   -0.245088   -0.459981   -0.026751     1.46181    0.651841   -0.938342   -0.440012     1.43711    0.608684     1.31983    -2.51539       -2.55       0.292    -2.07792    -1.05425     2.10932
