2
4
   0.399993    0.150011 2.72273e-05
-9.28992e-07  1.14818e-05      314.463     -4.57036      8.47096            0
0 0 1
5
   0.399991   -0.149991 2.19901e-05
-8.73023e-07  -1.2454e-05      315.834     -4.57036      8.47096            0
0 0 1
3
4
   0.399966    0.149988 6.26797e-05
 -2.9549  23.6137   285.69 -22.8535  14.0324        0
0 0 1
5
   0.399964   -0.150011 7.10664e-05
 7.46837  23.6143  306.825 -24.5444  14.0328        0
0 0 1
0
0.499984 0.699922  1.24998
-4.51524 -47.2285  37.7828        0        0        0
-1.16726e-05           -1 -4.20227e-05
4
4
   0.399945    0.150001 6.10519e-05
-3.68982  10.5017  229.788  14.0105  4.99907        0
0 0 1
5
   0.399942   -0.150003 8.37609e-05
-3.43389  10.5014  225.585  14.0105  4.99907        0
0 0 1
0
0.499966 0.699925  1.24998
 2.08968 -119.829  95.8632        0        0        0
-1.16726e-05           -1 -4.20227e-05
1
 0.499984 -0.700002   1.60001
5.03324 98.8259 79.0608       0       0       0
-1.49012e-05            1 -9.12076e-05
3
4
   0.399924    0.150013 5.94264e-05
 1.70908 -5.15404  326.258  26.1011  2.73896        0
0 0 1
5
    0.39992   -0.149994 9.64569e-05
-0.766753  -5.15733    295.79   23.6637    2.7423         0
0 0 1
1
 0.499967 -0.700005   1.60002
-0.943111   10.3115   8.24921         0         0         0
-1.49012e-05            1 -9.12076e-05
4
4
   0.399919     0.15002 7.61604e-05
-13.4677  4.59232  227.873   5.5761  15.9636        0
0 0 1
5
   0.399916   -0.149984 0.000110725
-12.8707  4.59213    226.2   5.5761  15.9636        0
0 0 1
1
 0.499961 -0.699991   1.59999
13.7627 105.548 84.4383       0       0       0
-1.49012e-05            1 -9.12076e-05
0
 0.49998 0.699992  1.69999
 12.5753 -114.732  91.7859        0        0        0
-2.08602e-05           -1 -7.81734e-05
3
5
   0.399919   -0.149989 0.000114324
-45.8574   24.471  354.459  20.7204  28.3523        0
0 0 1
1
 0.499962 -0.699983       1.6
29.5904 160.164 128.131       0       0       0
-1.49012e-05            1 -9.12076e-05
0
0.499958 0.700016  1.69996
  16.267 -184.634  147.708        0        0        0
-2.08602e-05           -1 -7.81734e-05
4
5
   0.399918   -0.149987 0.000114799
 7.28885  73.8141  319.881  24.4571 -8.24116        0
0 0 1
1
 0.499968 -0.699983       1.6
-6.13982  171.003  136.802        0        0        0
-1.49012e-05            1 -9.12076e-05
0
0.499955 0.700018  1.69996
 -6.3431 -146.951   117.56        0        0        0
-2.08602e-05           -1 -7.81734e-05
4
0.400001 0.699999      0.3
 5.19411 -97.8664  56.0536  7.82941 -8.24066        0
-6.85448e-06           -1 -4.68276e-06
3
1
  0.49995 -0.699988       1.6
-0.634538   395.197   316.157         0         0         0
-1.49012e-05            1 -9.12076e-05
0
0.499948 0.700021  1.69995
 5.71906 -386.319  309.055        0        0        0
-2.08602e-05           -1 -7.81734e-05
4
0.400001 0.699998 0.300002
 -5.0847  -8.8776   5.0847 0.712195   64.506        0
-6.85448e-06           -1 -4.68276e-06
4
1
 0.499935 -0.700006   1.59999
15.5307  245.73 196.584       0       0       0
-1.49012e-05            1 -9.12076e-05
0
0.499944 0.700025  1.69995
 17.4748 -235.586  188.469        0        0        0
-2.08602e-05           -1 -7.81734e-05
4
0.400001 0.699998 0.300002
-16.7527 -219.163  125.527 -9.95169  24.4492        0
-6.85448e-06           -1 -4.68276e-06
5
 0.4 -0.7  0.3
-16.2529   209.02  119.717 -9.95169  24.4492        0
-6.85448e-06            1 -4.68276e-06
3
0
0.499944 0.700024  1.69995
10.9625 -40.365  32.292       0       0       0
-2.08602e-05           -1 -7.81734e-05
4
0.400001 0.699998 0.300002
-13.8447 -501.859  287.443 -40.1501  17.7062        0
-6.85448e-06           -1 -4.68276e-06
5
 0.4 -0.7  0.3
 2.88223  542.224  310.562 -43.3779  17.7199        0
-6.85448e-06            1 -4.68276e-06
4
0
0.499994 0.699989  1.70002
   19.34 -240.818  192.655        0        0        0
-2.08602e-05           -1 -7.81734e-05
1
0.499998     -0.7      1.7
19.3543 240.611 192.489       0       0       0
-2.08602e-05            1 -7.81734e-05
4
0.400001      0.7 0.300003
-19.3549 -213.908  122.517 0.198065  27.6389        0
-6.85448e-06           -1 -4.68276e-06
5
0.399999     -0.7 0.300003
-19.3402  214.116  122.636 0.198065  27.6389        0
-6.85448e-06            1 -4.68276e-06
