2
4
   0.399993    0.150011 2.72273e-05
-9.28992e-07  1.14818e-05      314.463     -4.57036      8.47096            0
0 0 1
5
   0.399991   -0.149991 2.19901e-05
-8.73023e-07  -1.2454e-05      315.834     -4.57036      8.47096            0
0 0 1
3
4
   0.399992    0.150017 3.54596e-05
-0.000530991  -0.00194745      394.653      31.5723      1.09748            0
0 0 1
5
    0.39999   -0.149986 2.90391e-05
0.000627531  0.00233905     235.645     18.8517     1.10298           0
0 0 1
1
 0.550014 -0.699985   1.30001
 1.42109e-14 -7.10543e-15 -1.77636e-15            0            0            0
-1.90035e-05            1 -7.01418e-05
4
4
   0.399997    0.150023 6.11692e-05
 2.06453  3.08643  227.266  4.09133 -2.10438        0
0 0 1
5
   0.399999   -0.149974 5.11776e-05
0.671209  3.08646  226.039  4.09133 -2.10438        0
0 0 1
1
  0.55001 -0.699974   1.29996
-4.61878  107.534  86.0268        0        0        0
-1.90035e-05            1 -7.01418e-05
0
0.500001 0.699982  1.30001
 1.88324 -113.706   90.965        0        0        0
-2.0862e-05          -1 -6.5151e-05
3
4
   0.399997    0.150017 6.81023e-05
 6.76366  16.6465  288.214 -23.0581 -20.2423        0
0 0 1
5
        0.4    -0.14998 6.61654e-05
-0.460759   16.6464    315.45  -25.2374  -20.2434         0
0 0 1
0
 0.49996 0.699973  1.30006
-6.30298 -33.2931  26.6345        0        0        0
-2.0862e-05          -1 -6.5151e-05
4
4
   0.400004    0.150031 7.23052e-05
-3.71216  7.31335  228.889  9.37625  4.93468        0
0 0 1
5
  0.400005  -0.149968 6.6199e-05
-3.68953  7.31341  226.076  9.37625  4.93468        0
0 0 1
0
0.499967 0.699965  1.30008
 2.66143 -116.896   93.517        0        0        0
-2.0862e-05          -1 -6.5151e-05
1
0.499995     -0.7  1.69999
4.74058  102.27 81.8158       0       0       0
-2.08602e-05            1 -7.81734e-05
3
4
   0.400003     0.15004 9.10219e-05
-0.439481  -13.1094   316.986   25.3565  -12.4834         0
0 0 1
5
   0.400007   -0.149963 7.00096e-05
  5.4453 -13.1075  292.339   23.386 -12.4892        0
0 0 1
1
 0.499993 -0.700002   1.69998
-5.00567   26.217  20.9736        0        0        0
-2.08602e-05            1 -7.81734e-05
4
4
   0.400003     0.15004 9.13629e-05
-5.74685 -2.27266  226.477 -2.67467  6.83972        0
0 0 1
5
   0.400008   -0.149964 7.34503e-05
-5.88007 -2.27271  227.279 -2.67467  6.83972        0
0 0 1
1
 0.500001 -0.699974   1.70001
5.50299 112.611 90.0892       0       0       0
-2.08602e-05            1 -7.81734e-05
0
0.500002 0.699999      1.7
 6.12402 -108.066  86.4526        0        0        0
-2.08602e-05           -1 -7.81734e-05
3
5
   0.400008   -0.149964 7.52031e-05
-16.0808  11.9396  353.996  9.77813  14.5141        0
0 0 1
1
 0.500007 -0.699948   1.70003
10.6159 166.719 133.375       0       0       0
-2.08602e-05            1 -7.81734e-05
0
0.500005 0.699999  1.69999
 5.46495 -178.658  142.926        0        0        0
-2.08602e-05           -1 -7.81734e-05
4
5
   0.400007   -0.149969 8.90847e-05
 4.20062  76.7004  320.774  25.6606 -4.68722        0
0 0 1
1
 0.500006 -0.699918   1.70005
-4.02548  168.928  135.142        0        0        0
-2.08602e-05            1 -7.81734e-05
0
0.500011 0.700025  1.69996
-3.36853 -148.286  118.629        0        0        0
-2.08602e-05           -1 -7.81734e-05
4
 0.39999 0.699997  0.30001
 3.19349 -97.3411  55.7527   7.7874 -4.68806        0
-6.85448e-06           -1 -4.68276e-06
3
1
 0.500005 -0.699916   1.70005
0.00151983     463.87    259.202          0          0          0
-2.08602e-05            1 -7.81734e-05
0
0.500011 0.700035  1.69994
0.00156518   -463.865    371.092          0          0          0
-2.08602e-05           -1 -7.81734e-05
4
 0.39999 0.699997  0.30001
 -0.00309211  -0.00539865   0.00309211 -0.000420835      20.5335            0
-6.85448e-06           -1 -4.68276e-06
4
0
0.499994 0.699989  1.70002
 19.3403 -240.819  192.655        0        0        0
-2.08602e-05           -1 -7.81734e-05
1
0.499998     -0.7      1.7
19.3541 240.611 192.489       0       0       0
-2.08602e-05            1 -7.81734e-05
4
0.400001      0.7 0.300003
-19.3546 -213.908  122.517 0.198156  27.6389        0
-6.85448e-06           -1 -4.68276e-06
5
0.399999     -0.7 0.300003
-19.3404  214.115  122.636 0.198156  27.6389        0
-6.85448e-06            1 -4.68276e-06
