2
4
   0.399993    0.150011 2.72273e-05
-9.28992e-07  1.14818e-05      314.463     -4.57036      8.47096            0
0 0 1
5
   0.399991   -0.149991 2.19901e-05
-8.73023e-07  -1.2454e-05      315.834     -4.57036      8.47096            0
0 0 1
3
4
   0.399992    0.150018 3.75414e-05
-0.000532879   -0.0013397       371.25      29.6995     -6.17378            0
0 0 1
5
    0.39999   -0.149985 3.08548e-05
0.000688961  0.00175268     259.048     20.7232     -6.1706           0
0 0 1
1
 0.550019 -0.699981   1.30001
-1.42109e-14 -8.88178e-15  1.06581e-14            0            0            0
-1.90035e-05            1 -7.01418e-05
4
4
   0.399993    0.150013 4.82023e-05
 1.97561  2.84313  227.259  3.79674 -2.00871        0
0 0 1
5
   0.399993   -0.149986 4.16095e-05
0.585452  2.84316   226.12  3.79674 -2.00871        0
0 0 1
1
 0.550019 -0.699972   1.29998
-4.57433  107.731  86.1848        0        0        0
-1.90035e-05            1 -7.01418e-05
0
0.500002 0.699988  1.25002
 2.01333 -113.417  90.7339        0        0        0
-1.16726e-05           -1 -4.20227e-05
3
5
   0.399998       -0.15 7.37322e-05
 6.27505   23.396  352.456  22.8487 -8.15351        0
0 0 1
1
 0.550018 -0.699971   1.29997
-7.92631  161.953  129.562        0        0        0
-1.90035e-05            1 -7.01418e-05
0
 0.49999 0.699986  1.25003
 1.65144 -185.349   148.28        0        0        0
-1.16726e-05           -1 -4.20227e-05
4
5
   0.399995   -0.150012 7.90871e-05
-24.6108  78.8871  322.328  25.7892  25.7835        0
0 0 1
1
0.550016 -0.69997  1.29998
7.46293 167.232 133.785       0       0       0
-1.90035e-05            1 -7.01418e-05
0
0.499986 0.699978  1.25003
  22.694 -146.178  116.943        0        0        0
-1.16726e-05           -1 -4.20227e-05
4
     0.4      0.7 0.300004
-5.54592  -99.941  57.2418  7.99524  29.7257        0
-6.85448e-06           -1 -4.68276e-06
3
5
   0.399992   -0.150024 8.44442e-05
-18.6039  147.601  450.748  36.0646  29.5086        0
0 0 1
1
 0.550013 -0.699969   1.29998
3.88046 69.2107 55.3686       0       0       0
-1.90035e-05            1 -7.01418e-05
4
     0.4      0.7 0.300007
 14.7236 -216.812  124.181  17.3448  29.4838        0
-6.85448e-06           -1 -4.68276e-06
4
5
   0.399992   -0.150024 8.44444e-05
-7.70219  56.8746  320.325  9.42618  6.09598        0
0 0 1
1
 0.550013 -0.699968   1.29998
-4.89143  179.639  143.711        0        0        0
-1.90035e-05            1 -7.01418e-05
4
     0.4      0.7 0.300007
 2.02965 -100.988  57.8418    8.079  6.09598        0
-6.85448e-06           -1 -4.68276e-06
0
0.500003 0.699992  1.70001
  10.564 -135.525   108.42        0        0        0
-2.08602e-05           -1 -7.81734e-05
3
1
 0.550022 -0.699944   1.30001
-21.1535  407.059  325.647        0        0        0
-1.90035e-05            1 -7.01418e-05
4
0.400004 0.699955 0.299989
-14.0282 -92.3984  52.9218  7.39022  35.1409        0
-6.85448e-06           -1 -4.68276e-06
0
0.499958 0.700022  1.69997
35.1808 -314.66 251.728       0       0       0
-2.08602e-05           -1 -7.81734e-05
4
1
 0.550022 -0.699943   1.30001
3.17953 267.095 213.676       0       0       0
-1.90035e-05            1 -7.01418e-05
4
0.400004 0.699955 0.299989
-7.24524 -251.417  144.001 -20.1152  20.3338        0
-6.85448e-06           -1 -4.68276e-06
0
0.499965 0.700025  1.69995
 21.2179 -205.135  164.108        0        0        0
-2.08602e-05           -1 -7.81734e-05
5
 0.4 -0.7  0.3
-17.1523  189.458  108.513 -15.1566  20.3312        0
-6.85448e-06            1 -4.68276e-06
3
4
0.400004 0.699955 0.299989
 -8.3856 -505.031   289.26 -40.4044  10.0824        0
-6.85448e-06           -1 -4.68276e-06
0
0.499972 0.700029  1.69993
 5.69041 -37.7179  30.1743        0        0        0
-2.08602e-05           -1 -7.81734e-05
5
 0.4 -0.7  0.3
 2.69513  542.749  310.863 -43.4199  10.0567        0
-6.85448e-06            1 -4.68276e-06
4
0
0.499994 0.699989  1.70002
 19.3404 -240.819  192.655        0        0        0
-2.08602e-05           -1 -7.81734e-05
1
0.499998     -0.7      1.7
19.3544 240.611 192.489       0       0       0
-2.08602e-05            1 -7.81734e-05
4
0.400001      0.7 0.300003
-19.3547 -213.908  122.517 0.198039   27.639        0
-6.85448e-06           -1 -4.68276e-06
5
0.399999     -0.7 0.300003
-19.3402  214.116  122.636 0.198039   27.639        0
-6.85448e-06            1 -4.68276e-06
