2
4
   0.399993    0.150011 2.72273e-05
-9.28992e-07  1.14818e-05      314.463     -4.57036      8.47096            0
0 0 1
5
   0.399991   -0.149991 2.19901e-05
-8.73023e-07  -1.2454e-05      315.834     -4.57036      8.47096            0
0 0 1
3
4
   0.399994    0.150024 3.65271e-05
-0.000264493  -0.00496645      441.104      35.2876     -11.1428            0
0 0 1
5
   0.399991   -0.149979 2.57156e-05
0.000572272  0.00554966     189.193     15.1345     -11.128           0
0 0 1
1
 0.550012 -0.699987   1.30001
-3.73035e-14  4.61853e-14 -1.77636e-14            0            0            0
-1.90035e-05            1 -7.01418e-05
4
4
   0.399993    0.150027 3.75346e-05
-6.12663  7.23731  228.451   9.8133  9.98859        0
0 0 1
5
    0.39999   -0.149977 2.60645e-05
-7.10812  7.23743  225.507   9.8133  9.98859        0
0 0 1
1
 0.550005 -0.699982   1.30002
4.07776 102.975 82.3798       0       0       0
-1.90035e-05            1 -7.01418e-05
0
0.499994 0.699994  1.35002
 9.15684 -117.449  93.9595        0        0        0
-1.49022e-05           -1 -8.46941e-05
3
5
  0.399989  -0.149975 2.6413e-05
-20.2865  36.5415  352.719  28.2192   22.936        0
0 0 1
1
 0.549997 -0.699978   1.30002
9.38223 155.216 124.173       0       0       0
-1.90035e-05            1 -7.01418e-05
0
0.499989 0.699988  1.35004
 10.9041 -191.757  153.406        0        0        0
-1.49022e-05           -1 -8.46941e-05
4
5
   0.400013   -0.149967 2.70745e-05
-11.2291  88.3382  320.469  25.6382  12.1739        0
0 0 1
1
 0.549985 -0.699984       1.3
0.286223  163.401  130.721        0        0        0
-1.90035e-05            1 -7.01418e-05
0
0.499974 0.699977  1.35007
 11.8621 -153.678  122.942        0        0        0
-1.49022e-05           -1 -8.46941e-05
4
0.400017 0.700015 0.300015
-0.919274  -98.0612   56.1652   7.84471   12.1726         0
-6.85448e-06           -1 -4.68276e-06
3
5
   0.400036   -0.149958 2.77347e-05
 7.34817  139.317  536.298 -42.9022  7.69669        0
0 0 1
0
 0.49996 0.699967   1.3501
0.369981 -62.5089  50.0071        0        0        0
-1.49022e-05           -1 -8.46941e-05
4
0.400034  0.70003 0.300031
 -7.7182 -76.8082  43.9924 -6.14422   7.7005        0
-6.85448e-06           -1 -4.68276e-06
4
5
   0.400032   -0.149964 2.90962e-05
-12.6346  110.599  327.062  26.1658  13.8126        0
0 0 1
0
0.499958 0.699968   1.3501
 9.16947 -163.524  130.819        0        0        0
-1.49022e-05           -1 -8.46941e-05
4
0.400028 0.700027 0.300029
-5.33124 -94.7556  54.2719  7.57996  13.8093        0
-6.85448e-06           -1 -4.68276e-06
1
0.500003 -0.69999  1.70001
8.79633 147.681 118.145       0       0       0
-2.08602e-05            1 -7.81734e-05
3
0
0.499958 0.699967   1.3501
0.0934138  -618.231   494.585         0         0         0
-1.49022e-05           -1 -8.46941e-05
4
0.400028 0.700027  0.30003
-0.0660885  -0.115387  0.0660885 0.00824817    90.0433          0
-6.85448e-06           -1 -4.68276e-06
1
 0.500001 -0.699986   1.70001
-0.0272852    618.346    135.646          0          0          0
-2.08602e-05            1 -7.81734e-05
4
0
0.499957 0.699967   1.3501
 10.2611 -262.515  210.012        0        0        0
-1.49022e-05           -1 -8.46941e-05
4
0.400028 0.700027  0.30003
-13.8038  -193.43  110.788  15.4732  22.9171        0
-6.85448e-06           -1 -4.68276e-06
1
 0.500038 -0.699971       1.7
17.8138 212.775  170.22       0       0       0
-2.08602e-05            1 -7.81734e-05
5
 0.4 -0.7  0.3
-14.2707   243.17  139.277  19.4536  22.9175        0
-6.85448e-06            1 -4.68276e-06
3
4
0.400028 0.700027  0.30003
 2.64707 -542.852  310.922  43.4255  9.63856        0
-6.85448e-06           -1 -4.68276e-06
1
 0.500038 -0.699971       1.7
  5.427 37.1988 29.7591       0       0       0
-2.08602e-05            1 -7.81734e-05
5
 0.4 -0.7  0.3
-8.07408  505.653  289.616  40.4523  9.64463        0
-6.85448e-06            1 -4.68276e-06
4
0
0.499994 0.699989  1.70002
 19.3404 -240.819  192.655        0        0        0
-2.08602e-05           -1 -7.81734e-05
1
0.499998     -0.7      1.7
19.3544 240.611 192.489       0       0       0
-2.08602e-05            1 -7.81734e-05
4
0.400001      0.7 0.300003
-19.3547 -213.908  122.517 0.198008   27.639        0
-6.85448e-06           -1 -4.68276e-06
5
0.399999     -0.7 0.300003
-19.3402  214.116  122.636 0.198008   27.639        0
-6.85448e-06            1 -4.68276e-06
