2
4
   0.399993    0.150011 2.72273e-05
-9.28992e-07  1.14818e-05      314.463     -4.57036      8.47096            0
0 0 1
5
   0.399991   -0.149991 2.19901e-05
-8.73023e-07  -1.2454e-05      315.834     -4.57036      8.47096            0
0 0 1
3
4
   0.399989    0.150013 4.35073e-05
-3.40545 -1.76177  333.355  26.6659 -21.2692        0
0 0 1
5
   0.399992   -0.149984 3.57474e-05
 6.22391 -1.76063  294.124  23.5278 -21.2707        0
0 0 1
1
 0.550035 -0.699972       1.3
-2.81817  3.52271  2.81817        0        0        0
-1.90035e-05            1 -7.01418e-05
4
4
    0.39999    0.150007 4.29964e-05
 7.16595  1.37729  226.676  1.87852 -10.7249        0
0 0 1
5
   0.399993   -0.149989 3.62028e-05
 5.97171  1.37729  226.112  1.87852 -10.7249        0
0 0 1
1
 0.550035 -0.699973       1.3
-10.1599  109.566  87.6529        0        0        0
-1.90035e-05            1 -7.01418e-05
0
0.500002      0.7     1.15
-2.97769 -112.321  89.8567        0        0        0
-1.19208e-05           -1 -1.30295e-05
3
4
   0.399991    0.150002 4.24879e-05
 10.2641 -12.2073  352.096   -12.85  -11.636        0
0 0 1
1
 0.550036 -0.699973       1.3
-11.3366  179.979  143.983        0        0        0
-1.90035e-05            1 -7.01418e-05
0
0.500003 0.699999     1.15
 1.07256 -167.772  134.218        0        0        0
-1.19208e-05           -1 -1.30295e-05
4
4
   0.399989    0.150013 5.11453e-05
 -9.5168 -69.1623  319.684 -24.3434  14.7187        0
0 0 1
1
 0.550025 -0.699975   1.30002
7.83766 141.892 113.514       0       0       0
-1.90035e-05            1 -7.01418e-05
0
0.500001 0.699997     1.15
 8.56042 -173.925   139.14        0        0        0
-1.19208e-05           -1 -1.30295e-05
5
 0.399998 -0.700001  0.300002
-6.8814 101.195 57.9601 -8.0956 14.7188       0
-6.85448e-06            1 -4.68276e-06
3
4
   0.399992    0.150012 5.24235e-05
-24.1779 -154.968   447.14 -35.7701  35.7716        0
0 0 1
0
 0.49999 0.700001     1.15
 9.76911 -68.7653  55.0123        0        0        0
-1.19208e-05           -1 -1.30295e-05
5
      0.4 -0.700001  0.300002
 14.4088  223.734  128.145 -17.8959  43.8226        0
-6.85448e-06            1 -4.68276e-06
4
4
   0.399994     0.15001 5.30486e-05
-5.89667 -48.0488  320.856 -1.34821  6.33629        0
0 0 1
0
0.500012 0.700003     1.15
-0.345564  -184.005   147.204         0         0         0
-1.19208e-05           -1 -1.30295e-05
5
      0.4 -0.700001  0.300002
-1.31424  102.996  58.9919 -1.34821  6.33629        0
-6.85448e-06            1 -4.68276e-06
1
 0.500004 -0.699994   1.70001
 7.5566 129.057 103.246       0       0       0
-2.08602e-05            1 -7.81734e-05
3
4
   0.399994     0.15001 5.31615e-05
 4.85651 -127.111  548.115  43.8495  22.3085        0
0 0 1
5
     0.4     -0.7 0.300002
-18.0434  85.8378  49.1642  6.86789  22.3122        0
-6.85448e-06            1 -4.68276e-06
1
 0.500004 -0.699994   1.70001
13.1869 41.2728 33.0182       0       0       0
-2.08602e-05            1 -7.81734e-05
4
4
   0.399994     0.15001 5.31648e-05
-11.0634 -87.7115  321.805 -25.7437  11.0674        0
0 0 1
5
     0.4     -0.7 0.300002
-5.30106  95.3669   54.622 -7.62828  11.0656        0
-6.85448e-06            1 -4.68276e-06
1
 0.500002 -0.699997   1.70001
10.1936 154.841 123.873       0       0       0
-2.08602e-05            1 -7.81734e-05
0
     0.5 0.699998      1.7
 6.17082 -162.497  129.997        0        0        0
-2.08602e-05           -1 -7.81734e-05
3
5
 0.399982 -0.699998  0.300003
-0.00557173  0.00972792  0.00557173  0.00106787     13.5486           0
-6.85448e-06            1 -4.68276e-06
1
 0.499997 -0.700003   1.69999
0.0115457   436.301   349.041         0         0         0
-2.08602e-05            1 -7.81734e-05
0
0.500015 0.699985  1.70001
-0.00605758    -436.311     281.251           0           0           0
-2.08602e-05           -1 -7.81734e-05
4
0
0.499994 0.699989  1.70002
 19.3404 -240.819  192.655        0        0        0
-2.08602e-05           -1 -7.81734e-05
1
0.499998     -0.7      1.7
19.3544 240.611 192.489       0       0       0
-2.08602e-05            1 -7.81734e-05
4
0.400001      0.7 0.300003
-19.3547 -213.908  122.517  0.19804   27.639        0
-6.85448e-06           -1 -4.68276e-06
5
0.399999     -0.7 0.300003
-19.3402  214.116  122.636  0.19804   27.639        0
-6.85448e-06            1 -4.68276e-06
