2
4
   0.399993    0.150011 2.72273e-05
-9.28992e-07  1.14818e-05      314.463     -4.57036      8.47096            0
0 0 1
5
   0.399991   -0.149991 2.19901e-05
-8.73023e-07  -1.2454e-05      315.834     -4.57036      8.47096            0
0 0 1
3
4
   0.399992    0.150026 3.71197e-05
-0.000470154  -0.00434401      438.705      35.0951     -20.2132            0
0 0 1
5
   0.399989    -0.14998 2.84293e-05
0.000679446  0.00494736     191.592      15.326    -15.3287           0
0 0 1
1
 0.550014 -0.699982   1.30002
-3.19744e-14  2.84217e-14 -4.26326e-14            0            0            0
-1.90035e-05            1 -7.01418e-05
4
4
   0.399992    0.150056 4.89754e-05
0.0859088 -0.528005   226.629 -0.273533  -1.30046         0
0 0 1
5
   0.399987   -0.149943 3.19116e-05
  1.63709 -0.528035   226.711 -0.273533  -1.30046         0
0 0 1
1
  0.55002 -0.699972   1.30001
2.79046 111.127 88.9016       0       0       0
-1.90035e-05            1 -7.01418e-05
0
0.600022 0.699993     1.35
-4.51312  -110.07  88.0562        0        0        0
-2.56672e-05           -1 -7.66033e-05
3
4
  0.399992   0.150086 6.0831e-05
-5.16445 -20.7552  353.455  -19.564  5.33458        0
0 0 1
1
 0.550027 -0.699962   1.30001
5.61523 183.405 146.724       0       0       0
-1.90035e-05            1 -7.01418e-05
0
0.600044 0.699986     1.35
-0.450449  -162.649   130.119         0         0         0
-2.56672e-05           -1 -7.66033e-05
4
4
   0.400008    0.150118 7.83109e-05
-4.74821 -89.6374   321.18 -25.6966  3.62503        0
0 0 1
1
 0.550045 -0.699956   1.30002
6.09752 153.836 123.069       0       0       0
-1.90035e-05            1 -7.01418e-05
0
0.600038 0.699985  1.34999
-3.82027 -162.314  129.851        0        0        0
-2.56672e-05           -1 -7.66033e-05
5
 0.400029 -0.699971  0.299976
 2.47145   98.116  56.1966 -7.84981  3.62765        0
-6.85448e-06            1 -4.68276e-06
3
4
   0.400025     0.15015 9.58237e-05
 10.1806 -133.947  540.473   43.242 -7.43694        0
0 0 1
1
 0.550063 -0.699949   1.30002
-8.80991  57.6657  46.1326        0        0        0
-1.90035e-05            1 -7.01418e-05
5
 0.400057 -0.699941  0.299951
-1.37025  76.2825  43.6913   6.1039 -7.44924        0
-6.85448e-06            1 -4.68276e-06
4
4
   0.400025     0.15015 9.58243e-05
 10.6882 -130.483  329.092 -26.3324 -8.76665        0
0 0 1
1
 0.550063 -0.699949   1.30002
-10.9288   173.76  139.008        0        0        0
-1.90035e-05            1 -7.01418e-05
5
 0.400057 -0.699941  0.299951
-2.16556  92.9341  53.2286 -7.43465 -8.75664        0
-6.85448e-06            1 -4.68276e-06
0
0.500011      0.7      1.7
 2.40618 -136.211  108.969        0        0        0
-2.08602e-05           -1 -7.81734e-05
3
1
 0.550067 -0.699945   1.30003
-23.2285   655.27  524.216        0        0        0
-1.90035e-05            1 -7.01418e-05
5
 0.400058 -0.699941  0.299951
 -0.178824   0.312216   0.178824 -0.0387076    153.007          0
-6.85448e-06            1 -4.68276e-06
0
 0.50001 0.699999      1.7
 23.4074 -655.581  105.903        0        0        0
-2.08602e-05           -1 -7.81734e-05
4
1
  0.55006 -0.699948   1.30004
7.91029  266.81 213.448       0       0       0
-1.90035e-05            1 -7.01418e-05
5
 0.400058 -0.699941  0.299951
-21.8757  189.822  108.722   -15.19  29.7877        0
-6.85448e-06            1 -4.68276e-06
0
0.499983 0.699996  1.70003
 27.8311 -205.017  164.014        0        0        0
-2.08602e-05           -1 -7.81734e-05
4
0.4 0.7 0.3
 -13.866 -251.615  144.114 -20.1292  29.7829        0
-6.85448e-06           -1 -4.68276e-06
3
5
 0.400058 -0.699941  0.299951
 2.60058  542.944  310.974 -43.4404  9.77336        0
-6.85448e-06            1 -4.68276e-06
0
 0.49996 0.699989  1.70005
5.51047 -36.738 29.3904       0       0       0
-2.08602e-05           -1 -7.81734e-05
4
0.4 0.7 0.3
-8.11129 -506.206  289.933 -40.4965  9.72938        0
-6.85448e-06           -1 -4.68276e-06
4
0
0.499994 0.699989  1.70002
 19.3404 -240.819  192.655        0        0        0
-2.08602e-05           -1 -7.81734e-05
1
0.499998     -0.7      1.7
19.3544 240.611 192.489       0       0       0
-2.08602e-05            1 -7.81734e-05
4
0.400001      0.7 0.300003
-19.3547 -213.908  122.517 0.198041   27.639        0
-6.85448e-06           -1 -4.68276e-06
5
0.399999     -0.7 0.300003
-19.3402  214.116  122.636 0.198041   27.639        0
-6.85448e-06            1 -4.68276e-06
