2
4
   0.399993    0.150011 2.72273e-05
-9.28992e-07  1.14818e-05      314.463     -4.57036      8.47096            0
0 0 1
5
   0.399991   -0.149991 2.19901e-05
-8.73023e-07  -1.2454e-05      315.834     -4.57036      8.47096            0
0 0 1
3
4
   0.399997    0.150004 3.74378e-05
 0.00131474 6.39947e-05     207.399    -16.5935    -16.5904           0
0 0 1
5
   0.399995   -0.150005 3.35793e-05
-0.000809271 -0.000626029      422.898     -33.8346     -25.2017            0
0 0 1
0
 0.50004 0.699977  1.25001
-1.59872e-14 -2.84217e-14 -1.42109e-14            0            0            0
-1.16726e-05           -1 -4.20227e-05
4
4
  0.399991   0.149985 2.3591e-05
 6.78673 -4.85236  225.329 -7.78802 -7.83115        0
0 0 1
5
   0.399993   -0.150038 6.07744e-05
 3.19755 -4.85209  227.666 -7.78802 -7.83115        0
0 0 1
0
0.500025 0.699979  1.25001
 3.57696 -105.962  84.7695        0        0        0
-1.16726e-05           -1 -4.20227e-05
1
 0.600006 -0.700008   1.29999
-13.5612  115.666  92.5325        0        0        0
-2.53833e-05            1 -7.01297e-05
3
4
   0.399985    0.149965 9.76821e-06
 5.95321 -30.0843  351.906 -28.1526  -4.4998        0
0 0 1
0
 0.50001 0.699981  1.25002
 12.0378 -158.953  127.162        0        0        0
-1.16726e-05           -1 -4.20227e-05
1
 0.600012 -0.700016   1.29998
-17.9909  189.036  151.229        0        0        0
-2.53833e-05            1 -7.01297e-05
4
4
   0.399985    0.149961 1.15243e-05
 6.54454 -91.7685  319.277 -25.5417 -4.74726        0
0 0 1
0
0.500032 0.699973  1.25003
 6.66527 -162.499  129.999        0        0        0
-1.16726e-05           -1 -4.20227e-05
1
 0.600017 -0.700015   1.29998
-8.9775 155.726 124.581       0       0       0
-2.53833e-05            1 -7.01297e-05
5
 0.399997 -0.700005  0.300008
-4.23227  98.5406  56.4398 -7.88318 -4.74581        0
-6.85448e-06            1 -4.68276e-06
3
0
0.500054 0.699966  1.25003
  29.986 -420.001  294.304        0        0        0
-1.16726e-05           -1 -4.20227e-05
1
 0.600021 -0.700014   1.29997
-29.9676  419.968  335.975        0        0        0
-2.53833e-05            1 -7.01297e-05
5
0.399994 -0.70001 0.300016
 -0.0184359   0.0321879   0.0184359 -0.00123702     46.1039           0
-6.85448e-06            1 -4.68276e-06
4
0
0.500057  0.69996  1.25004
 27.9512 -242.952  194.361        0        0        0
-1.16726e-05           -1 -4.20227e-05
1
 0.600019 -0.700015   1.29997
 12.517 236.815 189.452       0       0       0
-2.53833e-05            1 -7.01297e-05
5
0.399994 -0.70001 0.300016
-28.9873  218.242      125  4.91257  41.5061        0
-6.85448e-06            1 -4.68276e-06
4
0.4 0.7 0.3
 -11.481 -212.105  121.485  4.91257  41.5061        0
-6.85448e-06           -1 -4.68276e-06
3
0
0.500062 0.699947  1.25006
 10.3653 -78.5645  62.8516        0        0        0
-1.16726e-05           -1 -4.20227e-05
5
0.399994 -0.70001 0.300016
 5.61696  534.646  306.222 -42.7695  27.7156        0
-6.85448e-06            1 -4.68276e-06
4
0.4 0.7 0.3
-15.9824 -456.082  261.224 -36.4865  27.7319        0
-6.85448e-06           -1 -4.68276e-06
4
0
0.500046 0.699951  1.25005
 12.2684 -266.534  213.227        0        0        0
-1.16726e-05           -1 -4.20227e-05
5
0.399994 -0.70001 0.300016
-19.1253  251.946  144.304  20.1559  30.4812        0
-6.85448e-06            1 -4.68276e-06
4
0.4 0.7 0.3
 -16.689 -190.199  108.937  15.2159  30.4798        0
-6.85448e-06           -1 -4.68276e-06
1
0.499996     -0.7      1.7
23.5458 204.787 163.829       0       0       0
-2.08602e-05            1 -7.81734e-05
3
5
0.399994 -0.70001 0.300016
-18.9629  495.486  283.793  39.6383  24.7756        0
-6.85448e-06            1 -4.68276e-06
4
0.4 0.7 0.3
 3.26059 -541.169  309.958  43.2935  24.7619        0
-6.85448e-06           -1 -4.68276e-06
1
0.499992     -0.7  1.69999
15.7022 45.6829 36.5463       0       0       0
-2.08602e-05            1 -7.81734e-05
4
0
0.499994 0.699989  1.70002
 19.3402 -240.819  192.655        0        0        0
-2.08602e-05           -1 -7.81734e-05
1
0.499998     -0.7      1.7
19.3543 240.611 192.489       0       0       0
-2.08602e-05            1 -7.81734e-05
4
0.400001      0.7 0.300003
-19.3547 -213.908  122.517  0.19809  27.6389        0
-6.85448e-06           -1 -4.68276e-06
5
0.399999     -0.7 0.300003
-19.3402  214.116  122.636  0.19809  27.6389        0
-6.85448e-06            1 -4.68276e-06
