2
4
   0.399993    0.150011 2.72273e-05
-9.28992e-07  1.14818e-05      314.463     -4.57036      8.47096            0
0 0 1
5
   0.399991   -0.149991 2.19901e-05
-8.73023e-07  -1.2454e-05      315.834     -4.57036      8.47096            0
0 0 1
3
4
   0.399995    0.150008 2.19607e-05
-2.09916 -2.33471  332.438  26.5935 -14.6575        0
0 0 1
5
   0.399992   -0.149991 3.36085e-05
 4.51815 -2.33613  294.123  23.5282  -14.657        0
0 0 1
1
 0.550011 -0.699985   1.30002
-2.41888  4.67098  3.73678        0        0        0
-1.90035e-05            1 -7.01418e-05
4
4
   0.400018    0.150003 5.82488e-05
 1.80922  8.19681  228.483  11.5885 -2.05397        0
0 0 1
5
    0.40001    -0.14998 5.80635e-05
0.809187  8.19684  225.007  11.5885 -2.05397        0
0 0 1
1
 0.550015 -0.699977       1.3
-3.69435  102.308  81.8465        0        0        0
-1.90035e-05            1 -7.01418e-05
0
0.499903 0.699994  1.25001
 1.07531 -118.702  94.9614        0        0        0
-1.16726e-05           -1 -4.20227e-05
3
4
   0.400044    0.149997 6.52663e-05
 118.251  30.5707  244.564 -19.5647 -19.5654        0
0 0 1
5
   0.400038   -0.149957 5.98668e-05
 -69.338  30.5699  354.941 -28.3959 -28.3945        0
0 0 1
0
0.499844 0.699975  1.25001
-48.9128  -61.141  30.7927        0        0        0
-1.16726e-05           -1 -4.20227e-05
4
4
   0.400037    0.150002 7.04722e-05
8.30386 7.01402 228.482 9.35162 -12.304       0
0 0 1
5
   0.400026   -0.149936 8.89074e-05
9.84337 7.01379 225.677 9.35162 -12.304       0
0 0 1
0
 0.49984 0.699972     1.25
-9.89861   -117.1  93.6804        0        0        0
-1.16726e-05           -1 -4.20227e-05
1
 0.499986 -0.699981   1.70001
-8.24886  103.073  82.4586        0        0        0
-2.08602e-05            1 -7.81734e-05
3
5
   0.400014   -0.149914 0.000117909
17.1733 49.1988 356.384 28.5076 -16.678       0
0 0 1
0
0.499835 0.699968  1.24999
-10.2415 -195.795  156.636        0        0        0
-1.16726e-05           -1 -4.20227e-05
1
 0.499972 -0.699962   1.70002
-6.93202  146.597  117.277        0        0        0
-2.08602e-05            1 -7.81734e-05
4
5
  0.400011  -0.149927 0.00012229
 10.8512  115.633  328.009  26.2376 -11.2915        0
0 0 1
0
0.499815 0.699963  1.24999
-8.21622 -165.048  132.039        0        0        0
-1.16726e-05           -1 -4.20227e-05
1
  0.49998 -0.699952   1.70001
-5.1507 144.638  115.71       0       0       0
-2.08602e-05            1 -7.81734e-05
4
0.399996 0.699991 0.299996
 2.51557 -95.2229  54.5395  7.61803 -11.2973        0
-6.85448e-06           -1 -4.68276e-06
3
0
0.499794 0.699958  1.24999
0.0955969  -693.285   554.628         0         0         0
-1.16726e-05           -1 -4.20227e-05
1
 0.499988 -0.699941   1.70001
-0.0967606    693.286    75.6678          0          0          0
-2.08602e-05            1 -7.81734e-05
4
0.399992 0.699981 0.299993
0.000968067 -0.00169019 0.000968067 0.000176734    -2.64951           0
-6.85448e-06           -1 -4.68276e-06
4
0
0.499789 0.699958  1.24999
10.2716 -271.93 217.544       0       0       0
-1.16726e-05           -1 -4.20227e-05
1
 0.499962 -0.699943   1.70002
21.6947 197.205 157.764       0       0       0
-2.08602e-05            1 -7.81734e-05
4
0.399992 0.699981 0.299993
-15.5733 -185.236  106.095  14.8189  27.2042        0
-6.85448e-06           -1 -4.68276e-06
5
 0.4 -0.7  0.3
-16.3933  259.961  148.894  20.7968  27.2052        0
-6.85448e-06            1 -4.68276e-06
3
1
0.499923 -0.69991   1.7001
5.06206 41.8458 33.4766       0       0       0
-2.08602e-05            1 -7.81734e-05
4
0.399992 0.699981 0.299993
 2.98952 -541.931  310.394  43.3556  9.35828        0
-6.85448e-06           -1 -4.68276e-06
5
 0.4 -0.7  0.3
-8.05232  500.085  286.427  40.0068  9.36539        0
-6.85448e-06            1 -4.68276e-06
4
0
0.499994 0.699989  1.70002
 19.3404 -240.819  192.655        0        0        0
-2.08602e-05           -1 -7.81734e-05
1
0.499998     -0.7      1.7
19.3544 240.611 192.489       0       0       0
-2.08602e-05            1 -7.81734e-05
4
0.400001      0.7 0.300003
-19.3547 -213.908  122.517 0.198041   27.639        0
-6.85448e-06           -1 -4.68276e-06
5
0.399999     -0.7 0.300003
-19.3402  214.116  122.636 0.198041   27.639        0
-6.85448e-06            1 -4.68276e-06
