2
4
   0.399993    0.150011 2.72273e-05
-9.28992e-07  1.14818e-05      314.463     -4.57036      8.47096            0
0 0 1
5
   0.399991   -0.149991 2.19901e-05
-8.73023e-07  -1.2454e-05      315.834     -4.57036      8.47096            0
0 0 1
3
4
   0.399987    0.150014 4.53318e-05
-1.99077 -4.40617  330.051  26.4021 -17.4255        0
0 0 1
5
   0.399991   -0.149978 3.63941e-05
 5.48043 -4.40502  293.197  23.4542 -17.4273        0
0 0 1
1
 0.550034 -0.699973       1.3
-3.48937  8.81147  7.04917        0        0        0
-1.90035e-05            1 -7.01418e-05
4
4
   0.399987    0.150014 4.55275e-05
 -22.181  2.11872    228.8 0.523814  18.3038        0
0 0 1
5
    0.39999   -0.149978 3.64773e-05
-29.7474  2.11863  228.643 0.524328  18.2913        0
0 0 1
1
 0.550029 -0.699973   1.29999
11.4895 105.916 84.7326       0       0       0
-1.90035e-05            1 -7.01418e-05
0
0.349994 0.699995  1.14999
 40.4389 -110.153  88.1225        0        0        0
 -3.2019e-06           -1 -6.38543e-06
3
5
   0.39999  -0.149978 3.6561e-05
-61.2595  26.9855  358.206  23.4376  28.6541        0
0 0 1
1
 0.550022 -0.699974   1.29997
13.8581 156.565 125.252       0       0       0
-1.90035e-05            1 -7.01418e-05
0
0.349988  0.69999  1.14999
47.4013 -183.55  146.84       0       0       0
 -3.2019e-06           -1 -6.38543e-06
4
5
   0.399987   -0.149974 3.70304e-05
-6.98034   103.84  323.216  25.8568 0.914718        0
0 0 1
1
 0.550031 -0.699964   1.29998
-17.9527  154.017  123.213        0        0        0
-1.90035e-05            1 -7.01418e-05
0
0.349998  0.69999  1.15001
 12.8537 -159.206  127.365        0        0        0
 -3.2019e-06           -1 -6.38543e-06
4
0.400005 0.699999 0.300001
 12.0795 -98.6508  56.5029  7.89212 0.912513        0
-6.85448e-06           -1 -4.68276e-06
3
5
   0.399983   -0.149969 3.74986e-05
-0.00859783     168.623     458.118     36.6483    -1.35003           0
0 0 1
1
  0.55004 -0.699955   1.29999
-5.8934 55.0709 44.0568       0       0       0
-1.90035e-05            1 -7.01418e-05
4
0.400009 0.699998 0.300002
 5.90222 -223.694  128.122  17.8957 -1.36354        0
-6.85448e-06           -1 -4.68276e-06
4
5
   0.399982   -0.149968 3.98531e-05
-6.67156  48.1952  321.147  0.99439  4.52332        0
0 0 1
1
 0.550039 -0.699955   1.29999
-6.41588  183.722  146.978        0        0        0
-1.90035e-05            1 -7.01418e-05
4
0.400009 0.699998 0.300002
 3.37739 -102.802  58.8805  0.99439  4.52332        0
-6.85448e-06           -1 -4.68276e-06
0
0.499997 0.700005  1.69999
 9.71005 -129.116  103.292        0        0        0
-2.08602e-05           -1 -7.81734e-05
3
1
 0.549975 -0.699979   1.29998
-20.5144  405.914  324.731        0        0        0
-1.90035e-05            1 -7.01418e-05
4
0.400009 0.699998 0.300003
 -20.071 -84.3356  48.3037  6.74947  43.3348        0
-6.85448e-06           -1 -4.68276e-06
0
0.499997 0.700004  1.69999
  40.585 -321.578  257.263        0        0        0
-2.08602e-05           -1 -7.81734e-05
4
1
 0.549943 -0.699995   1.29997
11.2341 257.541 206.033       0       0       0
-1.90035e-05            1 -7.01418e-05
4
0.400009 0.699998 0.300003
-18.1356  -238.35  136.517 -19.0664  34.5046        0
-6.85448e-06           -1 -4.68276e-06
0
0.500005 0.700003  1.69998
30.1721 -217.62 174.096       0       0       0
-2.08602e-05           -1 -7.81734e-05
5
 0.4 -0.7  0.3
-23.2707  198.429  113.652 -15.8743   34.506        0
-6.85448e-06            1 -4.68276e-06
3
4
0.400009 0.699998 0.300003
-15.9099 -498.486  285.511 -39.8783  20.4947        0
-6.85448e-06           -1 -4.68276e-06
0
0.499997 0.699996  1.69999
 12.8225 -43.1795  34.5436        0        0        0
-2.08602e-05           -1 -7.81734e-05
5
 0.4 -0.7  0.3
 3.08727  541.666  310.243 -43.3333  20.5217        0
-6.85448e-06            1 -4.68276e-06
4
0
0.499994 0.699989  1.70002
 19.3404 -240.819  192.655        0        0        0
-2.08602e-05           -1 -7.81734e-05
1
0.499998     -0.7      1.7
19.3544 240.611 192.489       0       0       0
-2.08602e-05            1 -7.81734e-05
4
0.400001      0.7 0.300003
-19.3547 -213.908  122.517 0.198041   27.639        0
-6.85448e-06           -1 -4.68276e-06
5
0.399999     -0.7 0.300003
-19.3402  214.116  122.636 0.198041   27.639        0
-6.85448e-06            1 -4.68276e-06
