2
4
   0.399993    0.150011 2.72273e-05
-9.28992e-07  1.14818e-05      314.463     -4.57036      8.47096            0
0 0 1
5
   0.399991   -0.149991 2.19901e-05
-8.73023e-07  -1.2454e-05      315.834     -4.57036      8.47096            0
0 0 1
3
4
   0.400023    0.149997 0.000116654
 33.9281 -24.2211   301.48  24.1179   24.119        0
0 0 1
5
   0.400011   -0.149974 7.38489e-05
 -39.223 -24.2165  290.069  23.2048  23.2066        0
0 0 1
1
 0.550015 -0.699913   1.29999
5.29586 48.4374 38.7499       0       0       0
-1.90035e-05            1 -7.01418e-05
4
4
   0.400025    0.149996 0.000117835
 14.4373  6.65105  235.045  15.8415 -14.6883        0
0 0 1
5
   0.400013   -0.149974 7.39318e-05
 0.61481  6.65233  230.293  15.8415 -14.6883        0
0 0 1
1
 0.550018 -0.699909   1.29996
-43.8203  96.4482  77.1585        0        0        0
-1.90035e-05            1 -7.01418e-05
0
0.0500053  0.700008  0.750017
 28.7683 -109.751  87.8012        0        0        0
-1.31315e-06           -1 -2.91816e-05
3
5
   0.400014   -0.149973 7.40141e-05
 19.3237  69.7043  376.134  30.0912 -30.0895        0
0 0 1
1
 0.550021 -0.699904   1.29994
-73.4489      124  99.1998        0        0        0
-1.90035e-05            1 -7.01418e-05
0
0.0500107  0.700017  0.750033
 54.1253 -193.704  154.963        0        0        0
-1.31315e-06           -1 -2.91816e-05
4
5
   0.400021   -0.149974 7.36408e-05
-10.3108  124.364  336.354   26.908 -6.88287        0
0 0 1
1
 0.550005 -0.699894   1.29996
-46.7087  136.877  109.501        0        0        0
-1.90035e-05            1 -7.01418e-05
0
0.0500273  0.700011  0.750038
 26.9617 -153.204  122.563        0        0        0
-1.31315e-06           -1 -2.91816e-05
4
0.400006      0.7 0.300001
  30.058 -108.036  61.8784  8.64279 -6.88075        0
-6.85448e-06           -1 -4.68276e-06
3
5
  0.400026  -0.149972 7.3606e-05
-0.302278   137.761   445.513   35.6405  -1.44728         0
0 0 1
1
 0.549998 -0.699885   1.29996
-8.08108  77.1296  61.7037        0        0        0
-1.90035e-05            1 -7.01418e-05
4
0.400016      0.7 0.300001
 8.38361 -214.891   123.08  17.1912 -1.44182        0
-6.85448e-06           -1 -4.68276e-06
4
5
  0.400026  -0.149972 7.3633e-05
-0.716118   84.7335   321.039   25.6829   -7.6457         0
0 0 1
1
 0.549998 -0.699885   1.29996
-22.6243      165      132        0        0        0
-1.90035e-05            1 -7.01418e-05
4
0.400016      0.7 0.300001
 15.4928 -99.1396  56.7829   7.9308 -7.64513        0
-6.85448e-06           -1 -4.68276e-06
0
0.35  0.7  1.3
 7.84759 -150.594  120.475        0        0        0
 -3.3257e-06           -1 -7.01846e-05
3
5
   0.400021   -0.149945 8.17212e-05
 -3.0928  129.067   544.43 -43.5532  19.6328        0
0 0 1
4
0.400051 0.699989 0.300015
-8.27031 -76.5047  43.8185 -6.11803  19.6211        0
-6.85448e-06           -1 -4.68276e-06
0
0.349969 0.699976  1.30001
 11.3633 -52.5626  42.0501        0        0        0
 -3.3257e-06           -1 -7.01846e-05
4
5
   0.400021   -0.149948 9.64741e-05
-22.4861  87.7023  325.682  26.0544  19.0189        0
0 0 1
4
 0.40008 0.699984 0.300038
 3.31646 -98.0897  56.1815  7.85043  19.0246        0
-6.85448e-06           -1 -4.68276e-06
0
0.349984 0.699995  1.29996
 22.3342 -150.076  120.061        0        0        0
 -3.3257e-06           -1 -7.01846e-05
1
0.499966     -0.7  1.69999
-3.16401  160.465  128.372        0        0        0
-2.08602e-05            1 -7.81734e-05
3
5
   0.400021   -0.149948 9.88422e-05
-12.0705  136.756  458.576  36.6852  15.0882        0
0 0 1
4
0.400078 0.699983 0.300038
 9.59154 -204.789  117.294  16.3848  15.1171        0
-6.85448e-06           -1 -4.68276e-06
1
0.499975 -0.70001  1.69996
2.47905 68.0332 54.4265       0       0       0
-2.08602e-05            1 -7.81734e-05
4
5
   0.400021   -0.149948 9.88414e-05
-11.4537  87.6246  321.819   25.745  11.4643        0
0 0 1
4
0.400078 0.699983 0.300038
-5.50118 -95.3869  54.6335  7.63277  11.4697        0
-6.85448e-06           -1 -4.68276e-06
1
0.499972 -0.70001  1.69997
6.40634 162.534 130.027       0       0       0
-2.08602e-05            1 -7.81734e-05
0
0.5 0.7 1.7
 10.5485 -154.772  123.818        0        0        0
-2.08602e-05           -1 -7.81734e-05
3
4
0.400078 0.699983 0.300038
-0.0741604   -0.12948  0.0741604  0.0270577    87.0752          0
-6.85448e-06           -1 -4.68276e-06
1
0.499972 -0.70001  1.69997
-0.000843127      424.684      290.579            0            0            0
-2.08602e-05            1 -7.81734e-05
0
0.5 0.7 1.7
0.0750186  -424.555   339.644         0         0         0
-2.08602e-05           -1 -7.81734e-05
4
0
0.499994 0.699989  1.70002
 19.3404 -240.818  192.655        0        0        0
-2.08602e-05           -1 -7.81734e-05
1
0.499998     -0.7      1.7
19.3544 240.611 192.489       0       0       0
-2.08602e-05            1 -7.81734e-05
4
0.400001      0.7 0.300003
-19.3547 -213.908  122.517 0.197992   27.639        0
-6.85448e-06           -1 -4.68276e-06
5
0.399999     -0.7 0.300003
-19.3402  214.116  122.636 0.197992   27.639        0
-6.85448e-06            1 -4.68276e-06
