    0.392671   -0.0191674      0.95783   -0.0105976   -0.0353956    0.0267116    0.0788019    -0.458175   -0.0334518     0.741072     -0.24991   -0.0829859   -0.0311674    -0.446869   -0.0289934     0.740588     -0.25764    0.0292569   0.00010873  -0.00163887     0.956914   0.00772743   0.00150577     -1.91999 -0.000490356    -0.524224  -0.00193652     0.960553  -0.00986163  6.40194e-05     -1.91815  0.000557603    -0.523711  0.000680927
    0.385282   -0.0632395      0.92781     -0.17228     0.342165     0.110919     0.302624    -0.964877  0.000470843     0.751115     -0.14523    -0.149128     0.156154     -0.78271   -0.0559383     0.502471   -0.0758702   -0.0353285    -0.523599     0.530475      1.04381  0.000845528     0.773059     -1.52896     0.841202    -0.288361     0.471195      1.01917 -2.77556e-17     -1.03933    -0.451325     -1.19344  -0.00991819    -0.796673
  0.456473 0.00979606   0.923367  -0.046818   0.593158  0.0612061  0.0705353   -0.94439 -0.0120758   0.421433    -0.0729 -0.0500365 -0.0846538  -0.894084  -0.102817    0.36997 -0.0661689   0.052138  -0.317733   0.466369      1.603          0   0.639664   -1.89632    1.57122   -1.09268   0.347028    1.54781          0  -0.168071  -0.739338   -1.82589  -0.513072   -1.21806
   0.454287  0.00703401    0.922394  -0.0471337    0.599306   0.0602251   0.0768672   -0.951949 -0.00683435    0.417337  -0.0673298  -0.0527076  -0.0800542   -0.903677  -0.0996203    0.368227  -0.0613316   0.0492131   -0.321378    0.467896       1.603           0    0.649504    -1.90166     1.57606      -1.087    0.348018     1.55202           0     -0.1572   -0.746836    -1.83247   -0.516972    -1.22494
    0.43542    -0.03443    0.970362     -0.0251    0.405787   -0.395054    0.378187   -0.589021    0.515745    0.450666   -0.172465  -0.0474265   -0.524805   -0.717166    -1.25837           0   -0.872665   -0.261799   -0.467142    0.942804       1.603 8.67362e-19    0.718977    -2.04182     1.65745    -1.11832    0.206238     1.41978           0   -0.222911   -0.776674    -1.94943   -0.484268    -1.01698
     0.52718   -0.0411435     0.953972    -0.035484     0.429496    -0.588286     0.509116    -0.507529     0.730455     0.730753    -0.462904   -0.0524976    -0.424959    -0.733423     -1.19748            0    -0.853767    -0.106588    -0.523599     0.789749      1.47402 -1.80985e-17     0.386742    -0.871304      1.67321     -1.41927      1.20891     0.854561      -0.2018     0.321446      0.15438     -1.57566    -0.654377     -2.01026
    0.31874 -0.00617947     1.02193   -0.260637   -0.383889   -0.465645    0.872749     0.61034      1.5708           0   -0.872665   -0.025259   -0.457637  -0.0173491    -0.79009           0   -0.872665   -0.261799   0.0985851     1.25917     0.48185    0.964651    0.133946    -2.21857     2.34381      -1.562      -2.016    0.796653   -0.520121    -1.03424       0.292    -1.99526   -0.450753    0.595601
    0.31874 -0.00617947     1.02193   -0.260637   -0.383889   -0.465645    0.872749     0.61034      1.5708           0   -0.872665   -0.025259   -0.457637  -0.0173491    -0.79009           0   -0.872665   -0.261799   0.0980858     1.25835    0.483761    0.963608    0.136156    -2.22008     2.34317      -1.562     -2.0168    0.795676   -0.520588    -1.03081       0.292    -1.99861   -0.450183    0.596162
   0.318733 -0.00619244     1.02195   -0.260426    -0.38376   -0.465433     0.87257    0.610025      1.5708 1.49627e-17   -0.872665  -0.0251121   -0.457738  -0.0174802   -0.790288 -5.0307e-17   -0.872665   -0.261799    0.343731     0.20373       1.603    0.410873   0.0786897    -1.81502     2.53693    -1.48613   -0.812243     1.05012    -2.58707    0.237687   -0.418637    -1.52643     1.19214   -0.996205
    0.318733  -0.00619244      1.02195    -0.260426     -0.38376    -0.465433      0.87257     0.610025       1.5708 -2.26011e-16    -0.872665   -0.0251121    -0.457738   -0.0174802    -0.790288  -5.0307e-17    -0.872665    -0.261799     0.523599     0.294572      1.13192            0     0.597714     -1.49622      2.20684    -0.914537     -1.33123      1.02952     -2.80962     0.726509    -0.513111     -1.86453       1.2249    -0.950107
  0.318753 0.00618219    1.02194   -2.88094   -2.75773   -2.67601   0.457618 -0.0172902   0.790173          0  -0.872665   0.261799  -0.872794   0.610248    -1.5708          0  -0.872665  0.0252994  0.0279177  -0.674798     -3.352    1.43664    1.12504    -0.8358    1.73104   0.568335     1.4083     1.0457   -3.02485    -1.9258      0.292      -2.55   -1.17035     2.3235
