2
4
   0.399993    0.150011 2.72273e-05
2.07919e-05 1.14816e-05     314.463
0 0 1
5
   0.399991   -0.149991 2.19901e-05
-2.25939e-05 -1.24539e-05      315.834
0 0 1
3
4
   0.399987    0.150012 3.72373e-05
 30.7094 -7.80968  411.655
0 0 1
5
   0.399986   -0.149989 3.08444e-05
-43.2017 -7.80546  231.135
0 0 1
1
     0.55 -0.699973   1.30002
 12.4922  15.6153 -12.4922
-1.90035e-05            1 -7.01418e-05
4
4
  0.400004   0.149973 5.2441e-05
24.4644 13.0551 232.916
0 0 1
5
   0.399999   -0.150019 4.96953e-05
14.2888 13.0553 226.236
0 0 1
1
 0.549973 -0.699954   1.30002
-45.4928  93.9099  75.1279
-1.90035e-05            1 -7.01418e-05
0
0.200018 0.699991  1.14998
 6.73979 -120.021  96.0168
-1.02818e-05           -1 -1.24875e-05
3
4
   0.400018    0.149942 6.45499e-05
35.9948 1.23454 359.819
0 0 1
1
  0.54995 -0.699938   1.30002
-56.4193  168.431  134.745
-1.90035e-05            1 -7.01418e-05
0
0.200033 0.699984  1.14997
 20.4246 -169.666  135.733
-1.02818e-05           -1 -1.24875e-05
4
4
   0.400025    0.149944 6.70642e-05
 38.9351 -72.3886  304.695
0 0 1
1
0.549954 -0.69994  1.30001
-46.5235  124.846  99.8771
-1.90035e-05            1 -7.01418e-05
0
0.200046 0.699982  1.14999
 13.6317 -167.307  133.846
-1.02818e-05           -1 -1.24875e-05
5
 0.400004 -0.700005  0.300007
-6.04276  114.849  91.8792
-6.85448e-06            1 -4.68276e-06
3
1
 0.549978 -0.699939   1.30001
-187.455  320.232  256.186
-1.90035e-05            1 -7.01418e-05
0
0.200146 0.700013     1.15
 96.2962 -434.182  282.952
-1.02818e-05           -1 -1.24875e-05
5
  0.40002 -0.700001  0.300001
91.1599  113.95 91.1599
-6.85448e-06            1 -4.68276e-06
4
1
 0.549979 -0.699939   1.30001
17.1043 168.599 134.879
-1.90035e-05            1 -7.01418e-05
0
0.200144 0.700013     1.15
 60.1118 -218.598  174.879
-1.02818e-05           -1 -1.24875e-05
5
  0.40002 -0.700001  0.300001
-66.3736  225.337  180.269
-6.85448e-06            1 -4.68276e-06
4
0.4 0.7 0.3
-10.8426 -175.338   140.27
-6.85448e-06           -1 -4.68276e-06
3
0
0.200143 0.700014     1.15
 78.9701 -98.7126  78.9701
-1.02818e-05           -1 -1.24875e-05
5
  0.40002 -0.700001  0.300001
-14.0973  453.445  362.756
-6.85448e-06            1 -4.68276e-06
4
0.4 0.7 0.3
-64.8729 -354.732  188.571
-6.85448e-06           -1 -4.68276e-06
4
0
0.200128 0.700017  1.15002
 47.2473 -229.491  183.593
-1.02818e-05           -1 -1.24875e-05
5
  0.40002 -0.700001  0.300001
-63.9531  252.704  202.163
-6.85448e-06            1 -4.68276e-06
4
0.4 0.7 0.3
-4.39321 -164.445  131.556
-6.85448e-06           -1 -4.68276e-06
1
 0.499997 -0.700002       1.7
21.0989 141.232 112.986
-2.08602e-05            1 -7.81734e-05
3
5
  0.40002 -0.700001  0.300001
-81.8271  399.925   169.76
-6.85448e-06            1 -4.68276e-06
4
0.4 0.7 0.3
6.71136 -493.82 395.056
-6.85448e-06           -1 -4.68276e-06
1
 0.499976 -0.700013   1.69999
75.1155 93.8943 65.4811
-2.08602e-05            1 -7.81734e-05
4
5
  0.40002 -0.700001  0.300001
-33.163 189.201 151.361
-6.85448e-06            1 -4.68276e-06
4
0.4 0.7 0.3
-31.8926 -207.001  165.601
-6.85448e-06           -1 -4.68276e-06
1
 0.499976 -0.700013   1.69999
31.8923 204.735 163.788
-2.08602e-05            1 -7.81734e-05
0
0.500001 0.699999      1.7
 33.1633 -186.935  149.548
-2.08602e-05           -1 -7.81734e-05
