    0.31676   0.0052737     1.02108    0.275557   -0.398448    0.476337    0.451829 -0.00224013    0.777137           0   -0.872665    0.261799   -0.886739    0.628499    -1.55895           0   -0.872665   0.0284465   -0.245088   -0.459981   -0.026751     1.46181    0.651841   -0.938342   -0.440012     1.43711    0.608684     1.31983    -2.51539       -2.55       0.292    -2.07792    -1.05425     2.10932
    0.31676   0.0052737     1.02108    0.275557   -0.398448    0.476337    0.451829 -0.00224013    0.777137           0   -0.872665    0.261799   -0.886739    0.628499    -1.55895           0   -0.872665   0.0284465   -0.245088   -0.459981   -0.026751     1.46181    0.651841   -0.938342   -0.440012     1.43711    0.608684     1.31983    -2.51539       -2.55       0.292    -2.07792    -1.05425     2.10932
  0.381439  0.0819219     1.0364   0.293981  -0.151361   0.969582   0.202986   -0.32706   0.373801          0  -0.872665   0.257767   -1.49462    1.22149    -1.5708   0.524483  -0.872665   0.261799   0.195085  -0.302268  -0.418705     1.1718     0.4263   -1.24624 -0.0215062    1.33682   0.750983   0.385346   -2.73033      -2.55   -1.51263   -1.78168  -0.945422   -2.03562
  0.381351   0.081834     1.0365   0.293902  -0.152553    0.96964   0.203992  -0.326461   0.373667          0  -0.872665   0.257698   -1.49337    1.22161    -1.5708   0.523842  -0.872665   0.261799   0.196021  -0.300664  -0.428925    1.16608   0.423402   -1.24191 -0.0282879    1.33443   0.746533   0.385907   -2.73011      -2.55   -1.51329   -1.78135  -0.944229   -2.03465
  0.366182  0.0323792    1.17721   0.670253 -0.0322997   0.717835 -0.0809153  -0.108524   0.645023          0  -0.872665   0.261799   -1.65806   0.842677    -1.5708   0.262599  -0.872665     0.1568 -0.0510185  -0.272797  -0.151453   0.903536   0.629132  -0.470727  -0.280063   0.633659    1.07432    1.13768   -2.49436      -2.55   -2.08891    -1.8355   -1.46406   -2.11248
  0.366182  0.0323792    1.17721   0.670253 -0.0322997   0.717835 -0.0809153  -0.108524   0.645023          0  -0.872665   0.261799   -1.65806   0.842677    -1.5708   0.262599  -0.872665     0.1568  -0.051679  -0.271727  -0.154475   0.901873   0.633245  -0.471782  -0.285877   0.634594    1.07213     1.1374   -2.49158      -2.55   -2.09015   -1.83687    -1.4648   -2.11201
   0.336304   0.0120973     1.20369    -5.78164   -0.301824    -5.61907    0.220332 -0.00652951    0.663024 -1.9302e-15   -0.872665    0.261799    -1.23022    0.802135     -1.5708    0.100391   -0.872665    0.120115   -0.523599   -0.465091     1.19204     2.08909    0.757573   -0.412944    0.612069     1.23966    0.905544    -3.09062     -2.5727     2.47406    -1.46424    -2.36163      -1.542        2.55
   0.336298   0.0120945      1.2037    -5.78168   -0.301866     -5.6191    0.220389  -0.0065181    0.663037 -1.9302e-15   -0.872665    0.261799    -1.23014    0.802113     -1.5708    0.100363   -0.872665    0.120101   -0.523599   -0.464568     1.20087     2.08885    0.776253   -0.409929    0.602469     1.23954    0.903057    -3.08956    -2.57285     2.47305    -1.46458    -2.36181      -1.542        2.55
  0.31272 -0.051918   1.27045  -25.3152  -0.67839   -26.014  0.874729   1.18851    1.5708  0.261263 -0.872665 -0.168674 -0.671941 -0.100709  -0.30712         0 -0.872665 -0.261799 -0.523599  0.493999  -1.65938  0.749131  0.290871  -1.71848   1.38719 -0.798285      2.55 -0.721813 -0.662275  -1.48896 -0.139991  -0.98407 -0.688893   1.63561
  0.312706 -0.0519142    1.27046   -25.3151  -0.678484    -26.014   0.874596    1.18848     1.5708   0.261221  -0.872665  -0.168644  -0.672042  -0.100677  -0.307119          0  -0.872665  -0.261799  -0.523599   0.493822   -1.65915   0.749379   0.291122   -1.71856    1.38729  -0.798211       2.55  -0.718948  -0.660027   -1.46934  -0.144975   -1.00803  -0.687901    1.63957
  0.324874 -0.0557933    1.26666   -25.3547  -0.594018   -26.0526   0.987437    1.20443     1.5708   0.299979  -0.872665  -0.193124  -0.586566  -0.131794  -0.311191          0  -0.872665  -0.261799  -0.523599    0.63039   -1.84122   0.546803   0.118347   -1.63766    1.30546  -0.853575       2.55  -0.878366   -1.13723    -1.5497 -0.0738986   -1.35785  -0.676469    2.17445
  0.324858 -0.0557875    1.26666   -25.3546  -0.594135   -26.0525   0.987288    1.20441     1.5708   0.299924  -0.872665  -0.193094  -0.586679  -0.131748  -0.311182          0  -0.872665  -0.261799  -0.523599   0.630214     -1.841   0.547035   0.118561   -1.63779    1.30552  -0.853466       2.55  -0.877137   -1.13575   -1.54102  -0.076559   -1.36902  -0.676166     2.1765
   0.318724 -0.00617815     1.42194    -25.3933   -0.383901    -25.5983    0.872653    0.610229      1.5708           0   -0.872665  -0.0252488   -0.457728  -0.0173319   -0.790156           0   -0.872665   -0.261799   -0.258091    0.209637    -1.41008    0.174623    0.816774    -2.23993     1.39884   -0.340813        2.55   -0.484108   -0.892553    -1.40341   -0.130212    -1.39547   -0.625698     1.74214
    0.318724  -0.00617816      1.42194     -25.3933    -0.383901     -25.5983     0.872653     0.610228       1.5708 -2.47203e-13    -0.872665   -0.0252487    -0.457728    -0.017332    -0.790156 -5.55358e-28    -0.872665    -0.261799    -0.147834     0.213445     -1.57147     0.159676      1.17963     -2.21587      1.46796    -0.067225         2.55    -0.221978     -0.70951    -0.972503    -0.848515     -2.24368    -0.902035      2.22997
    0.318724  -0.00617816      1.42194     -25.3933    -0.383901     -25.5983     0.872653     0.610228       1.5708            0    -0.872665   -0.0252487    -0.457728    -0.017332    -0.790156 -1.08141e-14    -0.872665    -0.261799  -0.00715906    0.0746766     -2.39704     0.379588      1.48865     -1.54852      2.00957     0.639307      1.35658    -0.438282    -0.681517    -0.709187    -0.942356     -2.13451     -1.04388       2.3039
    0.318724  -0.00617821      1.42194     -25.3933    -0.383901     -25.5983     0.872652     0.610227       1.5708            0    -0.872665   -0.0252482    -0.457728   -0.0173325    -0.790157 -1.08141e-14    -0.872665    -0.261799     0.202835    -0.162045     -2.43768      1.02924      1.24113     -1.43083      1.93793     0.382314      1.60676     -1.38359    -0.689376     -0.70697        0.292     -0.99544     -1.17773      1.69842
  0.275398 -0.0609082    1.48863   -5.84427  -0.787795   -6.58805   0.273312   0.818459     1.5708   0.147086  -0.872665  0.0189366   -1.13448 -0.0880487  -0.531974          0  -0.872665  -0.261799  -0.523599   0.742598      1.603    2.50702       2.55  0.0194124  -0.934797    1.12609   0.994097    -1.3188  -0.849308      -2.55   -1.36976   -1.78795    0.57553   -2.39125
  0.275853 -0.0615994    1.48904   -5.83012  -0.778547   -6.57616   0.264254   0.803784     1.5708   0.146505  -0.872665  0.0226825   -1.14237  -0.091256  -0.543525 1.6263e-17  -0.872665  -0.261799  -0.518931   0.654661    1.48192    2.46794    2.46105   0.293439   -1.00837    1.00958    1.14289   -1.41032  -0.785714      -2.55   -1.34769   -1.79366   0.650749   -2.31881
  0.275956 -0.0520724    1.48258     -6.079  -0.864232   -6.79686   0.428589   0.999712     1.5708   0.161669  -0.872665 -0.0397296   -1.00907  -0.055685  -0.397891          0  -0.872665  -0.261799  -0.523599    0.90403    1.47446    2.69124    2.47112  -0.106818   -1.01953    1.29601   0.830059     -3.359   -2.00821   -2.12236  -0.261959  -0.923188   0.937431   -1.15816
  0.275962 -0.0520672    1.48257   -6.07919  -0.864246   -6.79704   0.428722   0.999825     1.5708   0.161685  -0.872665 -0.0397763   -1.00897 -0.0556723  -0.397815          0  -0.872665  -0.261799  -0.523599   0.904371    1.47573    2.69089      2.473   -0.10982   -1.02032    1.29697   0.828551     -3.359   -2.00773   -2.11882  -0.262262  -0.926613   0.937073   -1.15855
   0.332187 -0.00724157     1.57366    -7.09027   -0.272029     -7.0997     1.63713    0.912753     1.35474           0   -0.788498   -0.148644    0.010195    0.161231   -0.580168 -5.0779e-27   -0.872665   -0.261799    0.523599    0.837563     1.49089     3.09531     2.24225       0.298   -0.860768     1.22129     1.06527    -2.74712     -2.3085    -1.84935  -0.0755478     -1.6777    0.692452    -1.21486
    0.332029  -0.00712887      1.57383      -7.0891    -0.273674     -7.09956      1.63472     0.912952      1.35483 -1.73472e-18    -0.789019     -0.14855   0.00819901     0.161541    -0.579997  5.55112e-17    -0.872665    -0.261799     0.523599     0.835335      1.49292      3.09149      2.25881        0.298    -0.876467      1.22306        1.069     -2.75416     -2.30963     -1.84568   -0.0694959      -1.6766     0.695087      -1.2102
 0.346006 -0.016838   1.57726    -7.017  -0.17689  -7.03977   1.54344  0.868233   1.51516         0 -0.765526 -0.148577 0.0312765 0.0425774  -0.62145         0 -0.872665 -0.261799  0.275037  0.506438   0.86363   3.01605   2.17418  0.138689  -1.18968   1.38544  0.535508    -3.359  -2.33322  -1.73263 0.0201014  -1.48781  0.598722   -1.1344
    0.346073   -0.0168921      1.57715     -7.01784     -0.17607     -7.03994      1.54502     0.868275       1.5149  -5.9474e-15    -0.765241    -0.148628    0.0324421    0.0425509    -0.621427 -2.21262e-32    -0.872665    -0.261799     0.275972     0.506413     0.863679      3.01565      2.17893     0.136845      -1.1944       1.3864     0.534412       -3.359     -2.33331     -1.73342    0.0206148     -1.48798     0.598553     -1.13346
     0.35699   -0.0254746      1.57301     -7.02043   -0.0832969     -7.02356       1.5956     0.852259       1.5708      0.03287    -0.757402    -0.151211    0.0976028   -0.0246069    -0.633825 -2.21262e-32    -0.872665    -0.261799     0.492922     0.646323     0.892194      2.91069      2.29161     0.216907     -1.12831      1.27006     0.681623       -3.359     -1.74645     -1.85106    -0.125929     -1.59579     0.811197    -0.729455
     0.35731   -0.0257886      1.57232     -7.02496   -0.0785735     -7.02347      1.60237     0.851685       1.5708    0.0304155    -0.754434    -0.151047     0.104106   -0.0250961    -0.634243 -2.21262e-32    -0.872665    -0.261799     0.498186     0.645548     0.889443      2.91053      2.29209     0.214173     -1.13004      1.27088     0.678093       -3.359     -1.74581     -1.85426     -0.12409     -1.59647     0.811328    -0.725956
    0.264169    0.0647285      1.68964     -7.06488    -0.452047     -6.37288      1.40168   -0.0150666     0.931717            0    -0.872665     0.261799  -0.00172801     0.301831      -1.3302 -2.21262e-32    -0.802398    -0.218399     0.523599    0.0648325      1.33498      2.98457      2.36459        0.298    -0.907484      1.24637      1.10763     -2.73802     -1.92523     -1.83524   -0.0911643     -1.88394     0.754911     -1.05574
   0.264197   0.0647481     1.68966     -7.0644   -0.453772    -6.37191     1.40107  -0.0155356    0.929933           0   -0.872665    0.261799 -0.00211018    0.304072    -1.33156 1.73472e-18   -0.802497   -0.217605    0.523599   0.0619316     1.33616     2.98207      2.3714       0.298   -0.913939     1.24677     1.10895    -2.74997    -1.92503    -1.82989  -0.0893351    -1.87728    0.756646    -1.05456
  0.316245  0.0544671    1.68774    -7.1305 -0.0780517   -6.47598    1.53024  0.0878269    1.37113          0  -0.872665   0.167851  0.0467199   -0.10891   -1.20178   0.127994  -0.859471  -0.261799   0.457899 -0.0782028    0.58941     2.9924     2.0549 -0.0611323   -1.15249    1.45894   0.330135     -3.359    -1.8579   -2.08664  -0.390789   -1.16581   0.646066   -1.26254
  0.316645  0.0542639     1.6877    -7.1317 -0.0774346   -6.48085    1.53189  0.0945655    1.37408          0  -0.872665     0.1647  0.0497494  -0.108596   -1.19684   0.124925    -0.8577  -0.261799   0.460154 -0.0738436   0.591906    2.99147    2.07303 -0.0595203   -1.16935    1.45849   0.331791     -3.359   -1.85575   -2.08562  -0.395215   -1.16283   0.648104   -1.26553
    0.345368   -0.0163187       1.7784     -7.00847    -0.184726     -7.03799      1.52763     0.867758      1.51812            0    -0.768287    -0.148053    0.0198147     0.042451    -0.621698 -3.60822e-16    -0.872665    -0.261799     0.266063     0.506501     0.862955      3.02135      2.08338      0.16023     -1.09956      1.36892     0.544987       -3.359     -2.33526      -1.7428    0.0221973     -1.47368     0.598588     -1.13684
     0.34549   -0.0164143      1.77819     -7.00997    -0.183264     -7.03832      1.53042      0.86786      1.51769            0     -0.76778     -0.14816    0.0218845    0.0423937    -0.621643 -3.60822e-16    -0.872665    -0.261799     0.267566     0.506429     0.862565      3.02075      2.09685     0.157184     -1.11327      1.37148     0.543564       -3.359     -2.33505     -1.74234    0.0221291     -1.47522     0.598364     -1.13608
  0.397793 -0.0102303    1.77565   -7.01447  -0.130192   -7.05559    1.63719   0.955927    1.55265   0.115599  -0.817236  -0.247088  0.0154325   0.041846  -0.670602          0  -0.872665   -0.17291   0.523599   0.743195    1.03789    2.91382    2.42404  0.0590158   -1.10347    1.32237   0.605483   -2.55671   -1.56978   -1.52384  -0.524034      -2.55   0.576454  -0.826798
