4
0
0.499994 0.699989  1.70002
 36.4992 -195.953  156.762
-2.08602e-05           -1 -7.81734e-05
1
0.499998     -0.7      1.7
36.5349 195.439 156.351
-2.08602e-05            1 -7.81734e-05
4
0.400001      0.7 0.300003
-36.5353 -197.983  158.387
-6.85448e-06           -1 -4.68276e-06
5
0.399999     -0.7 0.300003
-36.4988  198.497  158.798
-6.85448e-06            1 -4.68276e-06
3
0
0.499994 0.699989  1.70002
 97.2851 -422.486  337.989
-2.08602e-05           -1 -7.81734e-05
1
0.499998     -0.7      1.7
-7.97566  534.122  202.999
-2.08602e-05            1 -7.81734e-05
4
0.400001      0.7 0.300003
-89.3093 -111.637  89.3093
-6.85448e-06           -1 -4.68276e-06
4
0
0.500021 0.699972  1.70003
 10.8473 -209.216  167.373
-2.08602e-05           -1 -7.81734e-05
1
 0.499998 -0.699999       1.7
10.8594 185.713 148.571
-2.08602e-05            1 -7.81734e-05
4
     0.4      0.7 0.300003
-12.5291  -184.72  147.776
-6.85448e-06           -1 -4.68276e-06
5
 0.4 -0.7  0.5
-9.17726  208.223  166.578
-7.00358e-06            1 -1.16726e-05
3
0
0.500045 0.699956  1.70003
-4.13732 -463.624  259.398
-2.08602e-05           -1 -7.81734e-05
1
 0.499997 -0.699999       1.7
50.3007  405.92 324.736
-2.08602e-05            1 -7.81734e-05
5
0.400001     -0.7      0.5
-46.1631  57.7038  46.1631
-7.00358e-06            1 -1.16726e-05
4
0
0.500039 0.699956  1.70004
 18.4535 -178.599  142.879
-2.08602e-05           -1 -7.81734e-05
1
 0.499997 -0.699998       1.7
15.9337 213.939 171.151
-2.08602e-05            1 -7.81734e-05
5
0.400001     -0.7      0.5
-18.4531  179.997  143.998
-7.00358e-06            1 -1.16726e-05
4
0.4 0.7 0.5
-15.9341 -215.337   172.27
-7.00358e-06           -1 -1.16726e-05
3
1
 0.499997 -0.699998       1.7
10.5936 35.3149 28.2519
-2.08602e-05            1 -7.81734e-05
5
0.400001     -0.7      0.5
-13.1161  358.621  286.897
-7.00358e-06            1 -1.16726e-05
4
0.4 0.7 0.5
 2.52253 -393.936  315.149
-7.00358e-06           -1 -1.16726e-05
4
1
 0.499997 -0.699998       1.7
33.5961 209.903 167.923
-2.08602e-05            1 -7.81734e-05
5
0.400001     -0.7      0.5
-35.8166  184.033  147.226
-7.00358e-06            1 -1.16726e-05
4
0.4 0.7 0.5
-39.3799 -215.103  172.082
-7.00358e-06           -1 -1.16726e-05
0
0.499982  0.70002  1.89998
 41.6003 -178.833  143.066
-1.52125e-05           -1 -7.30142e-05
3
1
 0.499996 -0.699998       1.7
110.832 519.912 415.929
-2.08602e-05            1 -7.81734e-05
5
0.400001     -0.7      0.5
-101.759  127.198  101.759
-7.00358e-06            1 -1.16726e-05
0
 0.49997 0.700035  1.89996
-9.07309  -647.11  112.609
-1.52125e-05           -1 -7.30142e-05
4
1
 0.500048 -0.699975   1.70002
26.4807  217.87 174.296
-2.08602e-05            1 -7.81734e-05
5
0.400001     -0.7      0.5
-29.6394  176.066  140.853
-7.00358e-06            1 -1.16726e-05
0
 0.49997 0.700035  1.89996
 29.6383 -173.785  139.028
-1.52125e-05           -1 -7.30142e-05
4
0.4 0.7 0.7
-26.4793 -220.151  176.121
 -7.0034e-06           -1 -2.33451e-05
3
5
0.400001     -0.7      0.5
3.02359  506.65  405.32
-7.00358e-06            1 -1.16726e-05
0
 0.49997 0.700035  1.89996
 33.8653 -42.3316  33.8653
-1.52125e-05           -1 -7.30142e-05
4
0.4 0.7 0.7
-36.8888 -464.318  191.112
 -7.0034e-06           -1 -2.33451e-05
4
5
0.400001     -0.7      0.5
-23.5432   192.44  153.952
-7.00358e-06            1 -1.16726e-05
0
 0.49997 0.700035  1.89996
 20.2302 -191.578  153.263
-1.52125e-05           -1 -7.30142e-05
4
0.4 0.7 0.7
-19.5169 -202.357  161.886
 -7.0034e-06           -1 -2.33451e-05
1
 0.500009 -0.699996       1.9
  22.83 201.496 161.197
-1.52125e-05            1 -7.30142e-05
3
0
 0.49997 0.700035  1.89996
 73.7273 -423.721  338.977
-1.52125e-05           -1 -7.30142e-05
4
0.4 0.7 0.7
-67.6713 -84.5892  67.6713
 -7.0034e-06           -1 -2.33451e-05
1
 0.500018 -0.699992   1.90001
-6.05579   508.31  223.649
-1.52125e-05            1 -7.30142e-05
4
0
0.499972 0.700033  1.89996
31.0028 -209.34 167.472
-1.52125e-05           -1 -7.30142e-05
4
0.4 0.7 0.7
-32.9503 -184.596  147.677
 -7.0034e-06           -1 -2.33451e-05
1
 0.500019 -0.699992   1.90001
32.9515 181.996 145.597
-1.52125e-05            1 -7.30142e-05
5
 0.4 -0.7  0.7
-31.0041   211.94  169.552
 -7.0034e-06            1 -2.33451e-05
3
4
0.4 0.7 0.7
 4.15732 -477.788   382.23
 -7.0034e-06           -1 -2.33451e-05
1
 0.500053 -0.699974   1.89999
46.5471 58.1839 46.5471
-1.52125e-05            1 -7.30142e-05
5
 0.4 -0.7  0.7
-50.7044  419.604   201.52
 -7.0034e-06            1 -2.33451e-05
4
4
0.4 0.7 0.7
-37.2345 -208.008  166.407
 -7.0034e-06           -1 -2.33451e-05
1
 0.500075 -0.699954   1.90001
31.8229 203.992 163.193
-1.52125e-05            1 -7.30142e-05
5
 0.4 -0.7  0.7
-33.1225  189.945  151.956
 -7.0034e-06            1 -2.33451e-05
0
0.500004 0.699996  2.09999
 38.5341 -185.928  148.742
-2.08616e-05           -1 -1.30297e-05
3
1
 0.500074 -0.699954   1.90001
109.494 518.612 414.889
-1.52125e-05            1 -7.30142e-05
5
 0.4 -0.7  0.7
-100.54 125.674  100.54
 -7.0034e-06            1 -2.33451e-05
0
0.500004 0.699996  2.09999
-8.95451 -644.286  114.868
-2.08616e-05           -1 -1.30297e-05
4
1
  0.50008 -0.699954   1.90001
44.0309 227.374 181.899
-1.52125e-05            1 -7.30142e-05
5
0.400003     -0.7      0.7
-48.6558  166.562   133.25
 -7.0034e-06            1 -2.33451e-05
0
     0.5 0.699996  2.09999
 48.6553 -162.793  130.234
-2.08616e-05           -1 -1.30297e-05
4
0.4 0.7 0.9
-44.0304 -231.143  184.914
-1.02818e-05           -1 -6.24357e-06
3
5
 0.400003 -0.699999       0.7
6.16566 593.307 474.646
 -7.0034e-06            1 -2.33451e-05
0
0.499992 0.699999  2.09998
 69.0737 -86.3421 0.174956
-2.08616e-05           -1 -1.30297e-05
4
0.4 0.7 0.9
-75.2397 -506.965  155.477
-1.02818e-05           -1 -6.24357e-06
4
5
0.400003     -0.7      0.7
-46.6312  188.157  150.526
 -7.0034e-06            1 -2.33451e-05
0
0.499989 0.700001  2.09998
 40.0677 -186.427  149.142
-2.08616e-05           -1 -1.30297e-05
4
0.4 0.7 0.9
-38.6839 -207.509  166.007
-1.02818e-05           -1 -6.24357e-06
1
 0.499998 -0.700001       2.1
45.2474 205.779 164.623
-2.08616e-05            1 -1.30297e-05
3
0
0.499988 0.700001  2.09998
 120.111 -416.668  333.335
-2.08616e-05           -1 -1.30297e-05
4
0.4 0.7 0.9
-110.264  -137.83  110.264
-1.02818e-05           -1 -6.24357e-06
1
 0.499997 -0.700001       2.1
-9.84718  554.497  186.699
-2.08616e-05            1 -1.30297e-05
4
0
0.499987 0.699997  2.09999
 41.1784 -205.171  164.137
-2.08616e-05           -1 -1.30297e-05
4
0.400001      0.7 0.900001
-42.5928 -188.765  151.012
-1.02818e-05           -1 -6.24357e-06
1
 0.499992 -0.699996       2.1
42.5934  185.36 148.288
-2.08616e-05            1 -1.30297e-05
5
 0.4 -0.7  0.9
-41.179 208.576 166.861
-1.02818e-05            1 -6.24357e-06
3
4
0.400002 0.699999 0.900001
 5.63443 -499.638  399.711
-1.02818e-05           -1 -6.24357e-06
1
 0.499988 -0.699992   2.10001
63.1249 78.9062 63.1249
-2.08616e-05            1 -1.30297e-05
5
 0.4 -0.7  0.9
-68.7595  420.732  167.462
-1.02818e-05            1 -6.24357e-06
4
4
0.400002 0.699999 0.900001
-31.7649 -199.353  159.483
-1.02818e-05           -1 -6.24357e-06
1
 0.499987 -0.699992   2.10001
27.2153 196.965 157.572
-2.08616e-05            1 -1.30297e-05
5
 0.4 -0.7  0.9
-27.3836  196.971  157.576
-1.02818e-05            1 -6.24357e-06
0
0.499998 0.700002      2.3
 31.9332 -194.583  155.666
-2.04272e-05           -1 -4.20239e-05
3
4
0.400003 0.699999 0.900001
-38.5469 -372.803  261.282
-1.02818e-05           -1 -6.24357e-06
5
0.400001     -0.7      0.9
3.16003 417.036 333.629
-1.02818e-05            1 -6.24357e-06
0
0.499996 0.700004      2.3
 35.3868 -44.2334  35.3868
-2.04272e-05           -1 -4.20239e-05
4
4
0.400014 0.699997 0.900006
-28.5175 -190.687  152.549
-1.02818e-05           -1 -6.24357e-06
5
 0.400001 -0.699997       0.9
-27.4784    205.2   164.16
-1.02818e-05            1 -6.24357e-06
0
0.499994 0.700005  2.29999
 27.4781 -203.249  162.599
-2.04272e-05           -1 -4.20239e-05
1
 0.499987 -0.700002       2.3
28.5177 188.736 150.989
-2.04272e-05            1 -4.20239e-05
3
4
0.400024 0.699996  0.90001
 -73.242 -91.5525   73.242
-1.02818e-05           -1 -6.24357e-06
0
0.499993 0.700005  2.29999
  79.772 -434.888  347.911
-2.04272e-05           -1 -4.20239e-05
1
 0.499975 -0.700004       2.3
-6.52992  526.441  209.145
-2.04272e-05            1 -4.20239e-05
4
4
0.400026 0.699995  0.90001
-50.9486 -168.468  134.775
-1.02818e-05           -1 -6.24357e-06
0
0.499993 0.700004  2.29999
  46.935 -225.468  180.374
-2.04272e-05           -1 -4.20239e-05
1
 0.499966 -0.700002   2.30001
43.9576 169.364 135.491
-2.04272e-05            1 -4.20239e-05
5
      0.4 -0.700001       1.1
-39.944 224.572 179.657
-6.85459e-06            1 -1.87318e-05
3
4
0.400027 0.699995  0.90001
 6.44238 -633.964  507.171
-1.02818e-05           -1 -6.24357e-06
1
 0.499959 -0.700001   2.30002
 72.3208   90.401 -22.3158
-2.04272e-05            1 -4.20239e-05
5
      0.4 -0.700001       1.1
-78.7635  543.563  145.442
-6.85459e-06            1 -1.87318e-05
4
4
0.400027 0.699992 0.900014
-33.8949  -177.76  142.208
-1.02818e-05           -1 -6.24357e-06
1
 0.499956 -0.699994   2.30003
25.7383 180.835 144.668
-2.04272e-05            1 -4.20239e-05
5
 0.400016 -0.699999   1.10001
-23.2065  213.101  170.481
-6.85459e-06            1 -1.87318e-05
0
0.500001 0.700002      2.5
 31.3631 -216.176  172.941
-1.16726e-05           -1  -8.4043e-05
3
1
 0.499953 -0.699989   2.30003
95.8535 458.673 366.939
-2.04272e-05            1 -4.20239e-05
5
 0.400028 -0.699997   1.10001
-87.9835  109.979  87.9835
-6.85459e-06            1 -1.87318e-05
0
0.500001 0.700006      2.5
-7.86987 -568.652  175.375
-1.16726e-05           -1  -8.4043e-05
4
1
 0.499952 -0.699989   2.30003
27.3458 196.976  157.58
-2.04272e-05            1 -4.20239e-05
5
 0.400029 -0.699997   1.10001
-27.5164   196.96  157.568
-6.85459e-06            1 -1.87318e-05
0
0.499989 0.700015  2.49999
32.0873 -194.56 155.648
-1.16726e-05           -1  -8.4043e-05
4
0.400001      0.7      1.1
-31.9168 -199.376  159.501
-6.85459e-06           -1 -1.87318e-05
3
5
 0.400029 -0.699997   1.10001
3.17536 417.485 333.988
-6.85459e-06            1 -1.87318e-05
0
0.499979 0.700024  2.49999
 35.6558 -44.5697  35.6558
-1.16726e-05           -1  -8.4043e-05
4
0.400002 0.699999      1.1
-38.8313 -372.915  260.654
-6.85459e-06           -1 -1.87318e-05
4
5
 0.400029 -0.699997   1.10001
-22.8798  206.777  165.421
-6.85459e-06            1 -1.87318e-05
0
0.499982 0.700022  2.49999
   22.88 -205.138  164.111
-1.16726e-05           -1  -8.4043e-05
4
0.400002 0.699999      1.1
-24.1569 -188.797  151.038
-6.85459e-06           -1 -1.87318e-05
1
 0.500007 -0.700002   2.49999
24.1569 187.159 149.727
-1.16726e-05            1  -8.4043e-05
