    1.33827 -0.00217744    0.705991     2.59735     1.95099    -2.44997    0.182659    -1.73621  -0.0713825     1.16209   -0.707202   -0.196242     -1.0651    -1.11442    -1.21558    0.961322   -0.811172    0.261799    0.307117   -0.176011   -0.901178    0.485413    0.240006   -0.226283    0.734657   -0.072093   -0.440681    -0.70564   -0.605065    -0.34431   -0.717141   -0.192935    0.314359   0.0750764
   1.37283  -0.164556   0.710628    2.67143    1.67606   -2.60347   0.855071   -1.30393   0.801524   0.368726  -0.464712  -0.261799   -1.14283   -1.47281    -1.1903    0.78807  -0.733766  0.0209599  0.0475384   0.129675  -0.773544    0.61234  0.0910074  -0.712736   0.796061   0.150171  -0.394578   -0.53688  -0.218195  -0.701716   -1.50013   0.220776   0.568939 -0.0309318
   1.24135 -0.0571199   0.760894    2.70781    1.62943   -2.67374    1.06795   -1.69076    1.05007          0   0.112478  0.0694008   -1.10603    -1.3402   -1.13182   0.243747  -0.289728   0.173912   0.185764    0.14282   -1.21618   0.587539   0.104005  -0.328161   0.775676   0.144804  -0.412598    -0.8747  -0.656523  -0.456429   -1.28536  0.0783653   0.836313   0.037868
   1.21446 -0.0261655   0.757029    2.69595    1.65018   -2.66527     1.2713   -1.73789    1.25031  2.498e-16   0.124446   0.126971   -1.28604   -1.32818   -1.31307   0.326788  -0.317339   0.203066   0.254063  0.0800877   -1.06121   0.606534   0.250225  -0.628035   0.357798   0.319142 0.00839223   -1.16861  -0.470642  -0.633326    -1.0922   0.244713   0.775628   0.354979
   1.14769 -0.0698219   0.771366    2.69154    1.80322   -2.70415    1.32714   -1.63583      1.241          0   0.231678  0.0649712   -1.24614   -1.43291   -1.31972   0.476428  -0.298788   0.138623   0.100284  -0.252949  -0.973578    0.99196   0.217429  -0.524744   0.325842    0.44919  0.0256462   -1.35569  -0.720196  -0.273944    -1.6754  -0.340232   0.228201  0.0321013
   1.14748 -0.0705976   0.771484    2.69171     1.8039    -2.7046    1.32851   -1.63453    1.24192          0   0.231851  0.0639677   -1.24504   -1.43415   -1.31897   0.477195  -0.298706   0.137604  0.0965217  -0.254998  -0.973493   0.994333   0.215162  -0.525571   0.322876   0.451414  0.0275557   -1.35001  -0.721991  -0.276556    -1.6733  -0.334025    0.22263  0.0204012
   1.08236 -0.0220098   0.766512    2.65386    2.02004    -2.6478    1.30868   -1.73592    1.15207   0.183355   0.281387   0.112409   -1.27512   -1.34048   -1.40825   0.713521  -0.348165   0.195408   0.241213  0.0635885    -1.4539   0.585759   0.257246   -1.25722   0.419175  0.0462544  -0.411426   -1.23401   -1.32887   -0.16573   -1.29726  -0.410699  0.0731353  -0.162434
   1.13687 -0.0105524   0.782239    2.78612    2.07122   -2.76196    1.31599   -1.76537    1.21416   0.459281  0.0796978   0.132473   -1.02324   -1.26996   -1.10478   0.726545   -0.38464   0.228911     0.4244  0.0835299  -0.991453   0.678448    0.47425   -1.33719   0.608365  -0.160278  -0.241799   -1.31597   -1.09005 -0.0268428   -1.39515   -0.41788   0.192966   0.168186
   1.10257 -0.0853772    0.79346    2.76238    2.14101   -2.76649    1.30926    -1.6478    1.11994   0.404664     0.1566  0.0218229  -0.918138   -1.38469   -1.06114    0.80986  -0.367463   0.129605   0.144074  -0.261373   -1.02436    1.03551   0.372028    -1.2816   0.528744  0.0141065  -0.306069   -1.38946  -0.875016  -0.215139   -1.52619  -0.284975   0.456931  -0.140895
   1.35077  -0.244869   0.807431     2.8682    2.24677   -2.78898   0.822204   -1.41147   0.501816   0.794094  -0.304379  -0.261799  -0.124464   -1.09258  -0.321764   0.872875  -0.694507  0.0134048  -0.523599  -0.456853  -0.362165    1.04041   0.482231   -1.84634   0.411999   0.368638  -0.360774  -0.239024   -0.11134  -0.787896   -1.83952   -0.30418 -0.0972291  -0.452493
   1.41138 -0.0793685   0.829753    2.83716    2.16224   -2.88916   0.614298   -1.46515   0.422431   0.917159  -0.442663  -0.048195  -0.172644   -1.29649  -0.298149   0.696071  -0.386481  0.0978527  -0.327985   -0.32266  -0.260988   0.480431   0.498923   -2.20609    0.15051   0.216987   -0.47218  0.0955656  -0.283857  -0.858261   -1.83192  -0.387974  -0.435506  -0.638691
   1.31494  -0.125589   0.821311    2.95127    2.24497   -2.98608   0.882427   -1.50407   0.725746   0.980986  -0.365587 -0.0639299  -0.291712   -1.50284  -0.395107   0.974377  -0.372261  0.0255278  -0.365035  -0.291664  -0.469745   0.734129   0.456672   -1.81872   0.191007   0.191333  -0.335031  -0.207733  -0.426584    -0.8033   -1.74679  -0.308354  -0.146573  -0.546965
   1.39716  -0.247673   0.789961    2.91073    2.40639   -2.80883   0.971251   -1.54984   0.612918   0.904665   -0.14488  -0.261799  -0.115744   -1.40428  -0.403223     1.2998  -0.674238  -0.153582  -0.523599  -0.305078  -0.308937   0.956482   0.319493   -1.71051   0.278877   0.207036  -0.197078 -0.0710928 -0.0362215  -0.839062   -1.85394  -0.271809  -0.126677  -0.473515
     1.3924   -0.163149    0.831431     2.94304     2.37659    -2.93517    0.778042    -1.50252    0.534056    0.856304   -0.130557   -0.144162  -0.0880641    -1.29751   -0.242285     1.05943   -0.539074 -0.00346074   -0.383767   -0.226186   -0.234507    0.710456    0.440216    -1.70861    0.422831  -0.0142085   -0.461639  -0.0346488   -0.195597   -0.781851     -1.7869   -0.333889   -0.257193    -0.42509
    1.48561   0.0481479    0.812649     3.04288      2.4378    -3.15294    0.245119    -1.55764    0.254551     1.32595    -0.47174    0.111069   -0.500369    -1.31934   -0.386749    0.979878   -0.341288    0.261799 -0.00569801   -0.223692   0.0748017    0.112847    0.517396    -1.72329    0.472199   -0.602876   -0.548562    0.190036   -0.629292   -0.661754    -1.84624    -0.42007    -0.28435   -0.419629
   1.29907  -0.290205   0.778929    3.26405    2.45513    -3.1907    0.94734   -1.38756   0.847066   0.828836 -0.0564965  -0.261799  -0.525032   -1.77231  -0.617158     1.1849  -0.128665  -0.228497  -0.448898  -0.123518   -0.30814    1.15054   0.375952   -1.15555   0.302157  -0.272322    0.21705  -0.647072  -0.074655   -0.71569   -1.98933  -0.161998   0.344296  0.0720848
   1.36834  -0.238635   0.922901    3.04406     2.7704   -3.18706   0.506817  -0.769317    0.23885   0.493044 -0.0435055  -0.261799   0.226323  -0.823372   0.137732   0.494012 -0.0284012 -0.0360324  -0.172791   0.199084  -0.391515   0.835353   0.163622   -1.11938   0.371722  -0.214946  0.0516254  -0.294513  -0.249415  -0.590065   -1.13524  -0.386735  -0.453527  0.0862283
