4
0
     1.67984       0.1619 -8.31865e-07
-2.17267 -16.5184   242.34
-0 -0  1
1
     1.69494     -0.30598 -1.84034e-06
  32.2225 -0.190439   176.713
0 0 1
4
    0.997946     0.205272 -9.36961e-07
-21.6806  44.8218  100.256
-0 -0  1
5
    0.993968      -0.4035 -4.34011e-06
-8.36919 -28.1129  110.989
0 0 1
3
0
     1.67984       0.1619 -8.31865e-07
 0.00149488 -0.00153973     268.445
-0 -0  1
1
     1.69494     -0.30598 -1.84034e-06
-0.000885608   0.00118552      165.307
0 0 1
5
    0.993968      -0.4035 -4.34011e-06
-0.000201663  0.000467999      196.546
0 0 1
4
0
     1.67984       0.1619 -8.31865e-07
-8.6345e-05 0.000211516     167.481
-0 -0  1
1
     1.69494     -0.30598 -1.84034e-06
-7.33933e-05 -0.000223711      149.876
0 0 1
5
    0.993968      -0.4035 -4.34011e-06
-8.40283e-05  6.51128e-05      147.146
0 0 1
4
1.2 0.1   0
 -7.6755e-05 -6.54703e-05      165.795
0 0 1
3
0
     1.67984       0.1619 -8.31865e-07
-0.00329635    0.012978     355.283
-0 -0  1
5
    0.993968      -0.4035 -4.34011e-06
 0.0204562 -0.0175322    270.777
0 0 1
4
1.2 0.1   0
-0.0181424 0.00384159    4.23848
0 0 1
4
0
     1.67984       0.1619 -8.31865e-07
 15.3916 -3.51281   186.77
-0 -0  1
5
    0.993968      -0.4035 -4.34011e-06
 19.1728 -8.09979   218.88
0 0 1
4
1.2 0.1   0
 15.8056 -6.72178  199.462
0 0 1
1
 2.1 -0.4 0.65
-50.3702  18.3343  25.1851
          -1 -4.80007e-05  7.49512e-05
3
5
    0.993968      -0.4035 -4.34011e-06
84.3583 -39.434 168.717
0 0 1
4
1.2 0.1   0
37.9784 27.6917 400.413
0 0 1
1
 2.1 -0.4 0.65
-122.337  11.7423  61.1684
          -1 -4.80007e-05  7.49512e-05
4
5
    0.993968      -0.4035 -4.34011e-06
75.5266 10.4945 250.449
0 0 1
4
1.2 0.1   0
46.8141 22.2418 318.679
0 0 1
1
 2.1 -0.4 0.65
-31.0617 -15.5309  15.5309
          -1 -4.80007e-05  7.49512e-05
0
 2.1  0.2 0.65
-91.2788 -17.2052  45.6394
         -1 1.28488e-10 7.49511e-05
3
5
    0.993968      -0.4035 -4.34011e-06
41.9437  29.081 291.208
0 0 1
4
1.2 0.1   0
103.501  3.8908 266.367
0 0 1
0
 2.1  0.2 0.65
-145.445 -32.9714  72.7225
         -1 1.28488e-10 7.49511e-05
4
5
    0.993968      -0.4035 -4.34011e-06
67.3977 7.13186 269.377
0 0 1
4
1.2 0.1   0
51.4779 13.6461 301.483
0 0 1
0
 2.1  0.2 0.65
-76.1237 -1.92255  38.0618
         -1 1.28488e-10 7.49511e-05
1
 2.1 -0.4  0.9
-42.7527 -18.8557  21.3764
          -1 -6.17129e-05  0.000112424
3
4
1.2 0.1   0
0 0 0
0 0 1
0
 2.1  0.2 0.65
0 0 0
         -1 1.28488e-10 7.49511e-05
1
 2.1 -0.4  0.9
0 0 0
          -1 -6.17129e-05  0.000112424
4
4
1.2 0.1   0
69.4112 13.7733   299.2
0 0 1
0
 2.1  0.2 0.65
-116.225 0.253524  58.1123
         -1 1.28488e-10 7.49511e-05
1
 2.1 -0.4  0.9
-55.5999    -27.8     27.8
          -1 -6.17129e-05  0.000112424
5
 1.2 -0.3    0
102.413 13.7735 245.185
0 0 1
3
0
 2.1  0.2 0.65
0 0 0
         -1 1.28488e-10 7.49511e-05
1
 2.1 -0.4  0.9
0 0 0
          -1 -6.17129e-05  0.000112424
5
 1.2 -0.3    0
0 0 0
0 0 1
4
0
 2.1  0.2 0.65
 -48.8542 -0.113039   24.4271
         -1 1.28488e-10 7.49511e-05
1
 2.1 -0.4  0.9
-59.9935  6.49322  29.9967
          -1 -6.17129e-05  0.000112424
5
 1.2 -0.3    0
  50.899 -1.42775  295.053
0 0 1
4
1.4 0.1   0
 57.9486 -4.95246  280.821
0 0 1
3
0
 2.1  0.2 0.65
0 0 0
         -1 1.28488e-10 7.49511e-05
1
 2.1 -0.4  0.9
0 0 0
          -1 -6.17129e-05  0.000112424
4
1.4 0.1   0
0 0 0
0 0 1
4
0
 2.1  0.2 0.65
-101.888 -39.9751  50.9441
         -1 1.28488e-10 7.49511e-05
1
 2.1 -0.4  0.9
-18.8517 -9.42583  9.42583
          -1 -6.17129e-05  0.000112424
4
1.4 0.1   0
36.2012 24.7002 330.891
0 0 1
5
 1.4 -0.3    0
84.5392 24.7014 239.038
-0 -0  1
3
1
 2.1 -0.4  0.9
-38.3684  19.1842  19.1842
          -1 -6.17129e-05  0.000112424
4
1.4 0.1   0
23.9797 -9.5922 251.678
0 0 1
5
 1.4 -0.3    0
 14.3884 -9.59199  359.436
-0 -0  1
4
1
 2.1 -0.4  0.9
-38.8944  19.3362  19.4472
          -1 -6.17129e-05  0.000112424
4
1.4 0.1   0
 31.5344 -10.5408  289.871
0 0 1
5
 1.4 -0.3    0
 10.8531 -10.5418  319.233
-0 -0  1
0
2.1 0.2 0.9
-3.49316  1.74658  1.74658
          -1 -5.78184e-10  0.000112424
