    0.31676   0.0052737     1.02108    0.275557   -0.398448    0.476337    0.451829 -0.00224013    0.777137           0   -0.872665    0.261799   -0.886739    0.628499    -1.55895           0   -0.872665   0.0284465   -0.245088   -0.459981   -0.026751     1.46181    0.651841   -0.938342   -0.440012     1.43711    0.608684     1.31983    -2.51539       -2.55       0.292    -2.07792    -1.05425     2.10932
    0.318294   0.00574881      1.02156      3.40647     -2.75322      3.61244     0.456488   -0.0141552     0.784304 -2.31619e-14    -0.872067     0.261799    -0.875721     0.618125     -1.56979 -2.77556e-17    -0.872665     0.027314    0.0556283    -0.671697     -1.98731      1.99813     0.440354        0.298     0.973526    -0.819979     -2.06432     -2.02263    -0.552983        -2.55        0.292     -1.99594      1.45373    -0.477829
   0.342983  -0.0465842     1.07788    0.789605    0.161059    0.051542  -0.0547674   -0.340144     1.32053 2.77556e-17   -0.798802    0.261799    -1.50011   -0.099624     -1.5708           0   -0.872665    -0.21517   -0.523599    0.501492   -0.375938     1.27329    0.447713    -1.17213  -0.0333258     1.19568    0.879781    0.398607    -2.55225       -2.55    -2.00095     1.16897     1.15635     1.32193
    0.342984   -0.0465768      1.07789     0.789597     0.160952    0.0517536   -0.0548223    -0.340028      1.32031  2.77556e-17    -0.798798     0.261799     -1.50009   -0.0993298      -1.5708 -2.43184e-14    -0.872665     -0.21505    -0.523599     0.502009    -0.381002      1.27103     0.446149     -1.17112   -0.0361421      1.19522     0.877487     0.398397     -2.55217        -2.55     -2.00096      1.16878      1.15575      1.32238
   0.395416  0.00171393      1.1764     5.53174   -0.225201     5.49276     1.56555    0.980994     1.53168           0   -0.780056   -0.261799   -0.048666    0.130877   -0.668828           0   -0.872665    -0.15341    0.523599     1.26281     -1.6534 3.46945e-18    0.937612   -0.195835    0.576933     -1.2845    -2.29097    -2.11808    -2.82379       -2.55       0.292    -2.13448    0.472195   -0.635792
      0.3071  1.14986e-05      1.21473     0.371911    -0.473023     0.548893     0.415167    0.0822617     0.702971 -4.82392e-14    -0.872665     0.261799    -0.982078     0.731508     -1.48714            0    -0.872665    0.0491599    -0.523599    -0.226393    -0.426569     0.946553     0.210569     -1.08857    -0.980277        1.478      0.64086     -0.18236    -0.688106     -1.12553    -0.811146     -1.83494      -1.0187      2.29232
   0.318748  0.00618257     1.22194    0.260622   -0.383839    0.465592    0.457633  -0.0173386    0.790143           0   -0.872665    0.261799   -0.872753    0.610262     -1.5708 8.67362e-19   -0.872665   0.0252455   -0.385771   -0.265619     1.02784     2.22859    0.852329   -0.642376    0.370169       1.478    0.901171   0.0841696   -0.655875    -1.06244    -1.39341    0.906776     1.24645   -0.620382
  0.318748 0.00618257    1.22194   0.260622  -0.383839   0.465592   0.457633 -0.0173386   0.790143          0  -0.872665   0.261799  -0.872753   0.610262    -1.5708          0  -0.872665  0.0252455  -0.380148  -0.267293    1.01649    2.21819   0.836644  -0.653108   0.377327      1.478   0.907683  0.0732211  -0.652338   -1.06761   -1.40676   0.917126    1.24519   -0.60553
    0.261704    -0.054815      1.28509     0.471036    -0.838926    -0.237333     0.181049     0.830697      1.55726 -2.72837e-14    -0.803104    0.0474433     -1.16818   -0.0300333    -0.510333 -4.15293e-13    -0.872665    -0.261799    -0.523599     0.378814     0.156268      1.51347     0.431199    -0.843068    -0.345217        1.478     0.805397    -0.688459    -0.565382     -0.95149    -0.382314     -1.27375     -1.05443      1.87918
    0.385931   -0.0237445      1.27054     0.699292     -1.05542   0.00647156       0.1777      1.20291       1.5708    0.0716254    -0.872665    -0.220302      -1.5107     0.172478    -0.553929 -2.63851e-15    -0.872665    0.0466769    -0.523599     0.416233      -0.1305      1.29224     0.364054    -0.852579    -0.635901        1.478     0.548555     -0.40337    -0.585491    -0.714322    -0.694231      -1.7409     -1.06604      2.28822
  0.342978 -0.0465821    1.27788   0.789645    0.16102  0.0516071 -0.0548235  -0.340113    1.32048          0  -0.798804   0.261799   -1.50016 -0.0995484    -1.5708          0  -0.872665   -0.21513  -0.523599   0.502709  -0.384535    1.26945   0.445412   -1.17041 -0.0380187    1.19505    0.87596   0.397934   -2.55308      -2.55    -2.0006    1.16887    1.15482     1.3231
  0.342975 -0.0465982    1.27785   0.789662   0.161256    0.05114 -0.0547019  -0.340372    1.32096          0  -0.798813   0.261799   -1.50021  -0.100198    -1.5708          0  -0.872665  -0.215395  -0.523599   0.501531  -0.373448    1.27446   0.448763   -1.17296 -0.0316223    1.19608   0.880662   0.398423   -2.55323      -2.55    -2.0006    1.16928    1.15619    1.32207
    0.378015  -0.00187409       1.3566     -40.1709     -3.05761     -39.9097  -0.00766274      -0.1124     0.464965 -4.56163e-14    -0.801466     0.226402     -1.65806      1.13744      -1.5708     0.239068    -0.872665     0.261799    -0.313816    -0.515561       -3.352      2.17599         2.55    -0.434875     0.497071     0.768119      1.30008        1.606     -3.34841      2.41119     -2.16116     -1.17027    -0.380268        -2.55
    0.318742  -0.00618091      1.42194     -0.26072    -0.383889    -0.465671     0.872851     0.610361       1.5708 -5.82867e-16    -0.872665   -0.0252788    -0.457571    -0.017281    -0.790069            0    -0.872665    -0.261799   -0.0691662     0.388301     -1.74883    0.0157273      1.49058     -2.03539    -0.874769    -0.219639     -1.37207      1.59706     -1.66873    -0.468028     -1.18667      2.41573     -1.05446      1.12221
    0.37076 -0.00733841     1.34931    0.701417  -0.0889035    0.979354  -0.0255591   -0.098252    0.414014           0   -0.787335     0.23436    -1.65806     1.18039     -1.5708    0.163007   -0.831964    0.261799   -0.523599   -0.666361   -0.991878     1.08195        2.55   -0.533793   -0.256841   -0.497688    -1.92767      1.3279     -2.5601       -2.55   -0.610036     1.18215       1.508   -0.216826
  0.408643  0.0112877    1.37471   0.725651  -0.103006   0.765546 -0.0231676  0.0242505   0.687259          0  -0.872665   0.158378   -1.65806    0.96267    -1.5708   0.148373  -0.827164   0.261799  -0.523599 -0.0190255  -0.987613   0.463892     1.2256  -0.743807   -1.79219   0.704788    0.67324   0.122495   -1.65566   -1.47795   -1.55792    1.00292      1.508   0.413858
  0.366198  0.0323583    1.37721   0.670289 -0.0323695    7.00113 -0.0808608  -0.108429   0.644959          0  -0.872665   0.261799   -1.65806   0.842857    -1.5708   0.262544  -0.872665   0.156916  -0.310677  -0.522789    -1.1361    1.29844    1.74373  -0.585153   -1.79513   0.634732    0.27073     1.0796   -2.59408      -2.55   -1.15031    1.25677      1.508   0.234455
    0.410499    0.0129271      1.37782     0.689179   -0.0961157      0.75104  -0.00211287  -0.00622317      0.69707 -1.95429e-13    -0.872665     0.159307     -1.65806     0.954449      -1.5708     0.231502    -0.872665     0.261799    -0.523599    -0.878914     -1.72654      1.54888      1.47403    -0.926248     -2.13802     0.380292   -0.0478149      1.25177     -2.80205        -2.55    -0.555205     0.989263      1.47111    -0.328428
    0.279299   -0.0652638      1.49105       25.655    -0.722026       24.896     0.219499     0.721432       1.5708      0.14397    -0.872665    0.0419429     -1.18306    -0.109884    -0.609632 -6.22141e-19    -0.872665    -0.261799    -0.523599     0.668994     -1.75899     0.772807      2.03082    -0.606241    -0.578835     -0.85666      -2.0015    -0.626395    -0.790212     -1.10503     -1.22396      1.40962      1.07784    -0.328082
  0.324202 -0.0555783    1.46688   -31.6362  -0.598503   -32.3341   0.981695    1.20372     1.5708   0.297888  -0.872665  -0.191859  -0.590846  -0.130081  -0.310827 -6.245e-17  -0.872665  -0.261799  -0.523599   0.640233   -1.82357   0.589361  0.0837092   -1.63293    1.35461  -0.905889       2.55  -0.764483   -1.01972   -1.33939   -0.35995     1.2974   0.700699  -0.728423
    0.389673   -0.0892542       1.4264     -25.4344   -0.0463026     -26.0949      1.60516      1.21225       1.5708     0.581266    -0.872665    -0.261799    -0.115627    -0.379478    -0.387392 -2.98472e-15    -0.872665    -0.261799     0.470808      1.10233     0.233217      1.96303     0.315269     -1.06426     0.323557        1.478     0.905857     -2.84349     -1.10636        -2.55   -0.0962772     -1.41234      1.18861     -0.37794
  0.328379 -0.0510116    1.48676   -24.2812 -0.0283375    -24.877 -0.0729359  -0.151519    1.13556   0.112153  -0.846288   0.261799    -1.5438   0.180513   -1.45871          0  -0.872665  -0.117976  -0.452488 0.00410814     -3.352    1.81135    1.89992  -0.458266   -1.81847  -0.587452   -1.81729   -2.72511  -0.262688   -2.30241  -0.200021    -1.6947    1.46912  -0.320568
  0.392962 0.00572647    1.59471  -0.597601  -0.318246  -0.737448     1.3702   0.965616     1.5708   0.107202  -0.872665  -0.261799  -0.222592   0.100921  -0.691486          0  -0.872665  -0.144457   0.420717     0.6272   -2.23888   0.262959    2.28142   -1.74876   -1.50242  -0.927356   -1.22712  -0.191389    -1.5162  -0.694241  -0.185867   0.559668   0.905529  -0.705287
  0.344818 0.00756849    1.61292  -0.403727  -0.461723   -0.59643    1.00922   0.823185     1.5708 0.00457747  -0.872665  -0.143599  -0.420537   0.101867  -0.717772          0  -0.872665  -0.195698   0.233424   0.624758   -2.02968     0.3432    2.39362   -1.47013   -1.37953  -0.943907    -1.2836 -0.0228515   -1.50833  -0.647526  -0.200988   0.445699   0.946433   -0.79827
   0.318729 -0.00617437     1.62192   -0.261057   -0.384083   -0.466014    0.873163     0.61083      1.5708 5.96311e-19   -0.872665  -0.0254146   -0.457374  -0.0171148   -0.789746 6.93889e-18   -0.872665   -0.261799  0.00736198    0.326912    -1.66875    0.439791    0.934474    -1.31458    -2.37335    0.718008    0.184391   -0.433126    -1.36447   -0.434305   -0.561934    0.441002     1.11305   -0.748442
   0.318729 -0.00617438     1.62192   -0.261057   -0.384083   -0.466013    0.873163     0.61083      1.5708 2.71051e-20   -0.872665  -0.0254145   -0.457375  -0.0171149   -0.789746           0   -0.872665   -0.261799  0.00733108    0.326872    -1.66877    0.439783    0.934438    -1.31465    -2.37335    0.717985    0.184328   -0.433113    -1.36444   -0.434267   -0.562075     0.44089     1.11303   -0.748306
   0.275453  -0.0526254     1.68304    0.223631   -0.862439   -0.495789    0.414824    0.987782      1.5708    0.159977   -0.872665  -0.0349096    -1.01974  -0.0570972   -0.406071 5.55112e-17   -0.872665   -0.261799   -0.523599    0.869284     1.47151      2.4433     1.81175    -0.48587   -0.338829       1.478     0.76852   -0.213365    -1.25254   -0.496397   -0.225971    0.538063    0.964693    -1.02718
  0.370707 -0.0654479      1.608    5.69661 -0.0599682    5.14827    1.65806    1.35378     1.5708 0.00477527  -0.569737  -0.261799  0.0520602  -0.158386  -0.219815  0.0290413  -0.872665  -0.261799   0.288043    0.74023   -1.92109   0.393368   0.563588   -1.39641   -2.37354    0.66633  -0.192521  -0.655674   -1.21883  -0.510043  -0.393655   0.524524   0.938306  -0.687536
 0.371818 0.0236578   1.79186 -0.588059 -0.421578 -0.803846   1.26129   1.05028    1.5708 0.0503305 -0.872665 -0.261799 -0.332315  0.090108 -0.585666 0.0594497 -0.872665  -0.16786  0.305731  0.497746  -2.17073  0.284018   2.21528  -1.77834   -1.4357 -0.987818  -1.28513 -0.123837  -1.04244 -0.515063 -0.326165  0.678025  0.870021  -1.10152
  0.403981  0.0046612     1.7687   -5.48893  -0.140846   -5.49695 -0.0417372    0.10173   0.681708          0  -0.872665   0.152389   -1.65806   0.969394   -1.54606          0  -0.753474   0.261799  -0.344649  -0.367495 -0.0965218    1.25343  -0.615337  -0.369035      -2.55  -0.700615   -1.83312   -1.41185  -0.161475  -0.629546   -2.10737   -1.20176  -0.520307      -2.55
    0.318747   0.00618581      1.82194     0.260596    -0.383807     0.465562     0.457636   -0.0173681     0.790178 -5.16254e-15    -0.872665     0.261799    -0.872737     0.610208      -1.5708 -1.41727e-15    -0.872665    0.0252206    -0.387825    -0.135559     -1.64172     0.241174      1.92851     -1.39559    -0.684802    -0.527251     -1.52208     -2.57824     -1.32388     -2.08645    -0.881227     -1.56557     0.889928     -1.39329
    0.374436   -0.0196017      1.80613     -52.9262     -2.63409      -52.749     0.434168     0.190535     0.709851 -9.75516e-14    -0.872665     0.126662     -1.09701     0.942215     -1.55977            0    -0.872665     0.234361    -0.523599    0.0106743     -1.44871     0.609584         2.55    -0.313421      2.18136      1.06982      1.13731       -3.359     -1.96806   -0.0203594        0.292     0.155015     -1.24259      2.38292
    0.318751   -0.0061863      1.82195    -0.260559    -0.383806    -0.465505     0.872708     0.610155       1.5708 -2.77556e-16    -0.872665    -0.025222    -0.457667   -0.0173504    -0.790221            0    -0.872665    -0.261799    0.0402152     0.255485     -1.47795     0.650614     0.818514     -1.37574     -1.96856     0.814175   -0.0207941    -0.889336     -1.30382   -0.0726519     -0.41197     0.568933       1.0794    -0.780118
