4
0
0.499994 0.799986  1.49999
17.9867  -415.2 148.435
 1.1673e-05          -1 9.80543e-05
1
 0.499971 -0.800001   1.50003
88.8739  358.17 144.802
 1.1673e-05           1 9.80543e-05
4
0.400001      0.8 0.399998
 -21.557 -407.635  124.455
 0 -1  0
5
 0.399996 -0.799998  0.400001
-85.3036  464.665  212.606
-0  1 -0
3
0
0.499994 0.799986  1.49999
0 0 0
 1.1673e-05          -1 9.80543e-05
1
 0.499971 -0.800001   1.50003
0 0 0
 1.1673e-05           1 9.80543e-05
5
 0.399996 -0.799998  0.400001
0 0 0
-0  1 -0
4
0
0.499994 0.799986  1.49999
0 0 0
 1.1673e-05          -1 9.80543e-05
1
 0.499971 -0.800001   1.50003
0 0 0
 1.1673e-05           1 9.80543e-05
5
 0.399996 -0.799998  0.400001
0 0 0
-0  1 -0
4
0.4 0.8 0.6
0 0 0
-4.8152e-11          -1  2.8098e-05
3
0
0.499994 0.799986  1.49999
0 0 0
 1.1673e-05          -1 9.80543e-05
1
 0.499971 -0.800001   1.50003
0 0 0
 1.1673e-05           1 9.80543e-05
4
0.4 0.8 0.6
0 0 0
-4.8152e-11          -1  2.8098e-05
4
0
0.499994 0.799986  1.49999
0 0 0
 1.1673e-05          -1 9.80543e-05
1
 0.499971 -0.800001   1.50003
0 0 0
 1.1673e-05           1 9.80543e-05
4
0.4 0.8 0.6
0 0 0
-4.8152e-11          -1  2.8098e-05
5
 0.4 -0.8  0.6
0 0 0
-4.8152e-11           1  2.8098e-05
3
0
0.499994 0.799986  1.49999
0 0 0
 1.1673e-05          -1 9.80543e-05
4
0.4 0.8 0.6
0 0 0
-4.8152e-11          -1  2.8098e-05
5
 0.4 -0.8  0.6
0 0 0
-4.8152e-11           1  2.8098e-05
4
0
0.499994 0.799986  1.49999
0 0 0
 1.1673e-05          -1 9.80543e-05
4
0.4 0.8 0.6
0 0 0
-4.8152e-11          -1  2.8098e-05
5
 0.4 -0.8  0.6
0 0 0
-4.8152e-11           1  2.8098e-05
1
 0.5 -0.8  1.7
0 0 0
5.95905e-06           1 9.12063e-05
3
0
0.499994 0.799986  1.49999
0 0 0
 1.1673e-05          -1 9.80543e-05
5
 0.4 -0.8  0.6
0 0 0
-4.8152e-11           1  2.8098e-05
1
 0.5 -0.8  1.7
0 0 0
5.95905e-06           1 9.12063e-05
4
0
0.499994 0.799986  1.49999
0 0 0
 1.1673e-05          -1 9.80543e-05
5
 0.4 -0.8  0.6
0 0 0
-4.8152e-11           1  2.8098e-05
1
 0.5 -0.8  1.7
0 0 0
5.95905e-06           1 9.12063e-05
4
0.4 0.8 0.8
0 0 0
3.50209e-06          -1 2.33468e-05
3
0
0.499994 0.799986  1.49999
0 0 0
 1.1673e-05          -1 9.80543e-05
1
 0.5 -0.8  1.7
0 0 0
5.95905e-06           1 9.12063e-05
4
0.4 0.8 0.8
0 0 0
3.50209e-06          -1 2.33468e-05
4
0
0.499994 0.799986  1.49999
0 0 0
 1.1673e-05          -1 9.80543e-05
1
 0.5 -0.8  1.7
0 0 0
5.95905e-06           1 9.12063e-05
4
0.4 0.8 0.8
0 0 0
3.50209e-06          -1 2.33468e-05
5
 0.4 -0.8  0.8
0 0 0
3.50209e-06           1 2.33468e-05
3
1
 0.5 -0.8  1.7
0 0 0
5.95905e-06           1 9.12063e-05
4
0.4 0.8 0.8
0 0 0
3.50209e-06          -1 2.33468e-05
5
 0.4 -0.8  0.8
0 0 0
3.50209e-06           1 2.33468e-05
4
1
 0.5 -0.8  1.7
0 0 0
5.95905e-06           1 9.12063e-05
4
0.4 0.8 0.8
0 0 0
3.50209e-06          -1 2.33468e-05
5
 0.4 -0.8  0.8
0 0 0
3.50209e-06           1 2.33468e-05
0
0.5 0.8 1.7
0 0 0
5.95905e-06          -1 9.12063e-05
3
4
0.4 0.8 0.8
0 0 0
3.50209e-06          -1 2.33468e-05
5
 0.4 -0.8  0.8
0 0 0
3.50209e-06           1 2.33468e-05
0
0.5 0.8 1.7
0 0 0
5.95905e-06          -1 9.12063e-05
4
4
0.4 0.8 0.8
0 0 0
3.50209e-06          -1 2.33468e-05
5
 0.4 -0.8  0.8
0 0 0
3.50209e-06           1 2.33468e-05
0
0.5 0.8 1.7
0 0 0
5.95905e-06          -1 9.12063e-05
1
 0.5 -0.8  1.9
0 0 0
 9.1279e-06           1 4.86779e-05
3
4
0.4 0.8 0.8
0 0 0
3.50209e-06          -1 2.33468e-05
0
0.5 0.8 1.7
0 0 0
5.95905e-06          -1 9.12063e-05
1
 0.5 -0.8  1.9
0 0 0
 9.1279e-06           1 4.86779e-05
4
4
0.4 0.8 0.8
0 0 0
3.50209e-06          -1 2.33468e-05
0
0.5 0.8 1.7
0 0 0
5.95905e-06          -1 9.12063e-05
1
 0.5 -0.8  1.9
0 0 0
 9.1279e-06           1 4.86779e-05
5
 0.4 -0.8  0.9
0 0 0
-3.85208e-10            1  5.61949e-05
3
4
0.4 0.8 0.8
0 0 0
3.50209e-06          -1 2.33468e-05
1
 0.5 -0.8  1.9
0 0 0
 9.1279e-06           1 4.86779e-05
5
 0.4 -0.8  0.9
0 0 0
-3.85208e-10            1  5.61949e-05
4
4
0.4 0.8 0.8
0 0 0
3.50209e-06          -1 2.33468e-05
1
 0.5 -0.8  1.9
0 0 0
 9.1279e-06           1 4.86779e-05
5
 0.4 -0.8  0.9
0 0 0
-3.85208e-10            1  5.61949e-05
0
0.5 0.8 1.9
0 0 0
 9.1279e-06          -1 4.86779e-05
3
4
0.4 0.8 0.8
0 0 0
3.50209e-06          -1 2.33468e-05
5
 0.4 -0.8  0.9
0 0 0
-3.85208e-10            1  5.61949e-05
0
0.5 0.8 1.9
0 0 0
 9.1279e-06          -1 4.86779e-05
4
4
0.4 0.8 0.8
0 0 0
3.50209e-06          -1 2.33468e-05
5
 0.4 -0.8  0.9
0 0 0
-3.85208e-10            1  5.61949e-05
0
0.5 0.8 1.9
0 0 0
 9.1279e-06          -1 4.86779e-05
1
 0.5 -0.8    2
0 0 0
 1.1673e-05           1 7.00467e-05
3
4
0.4 0.8 0.8
0 0 0
3.50209e-06          -1 2.33468e-05
5
 0.4 -0.8  0.9
0 0 0
-3.85208e-10            1  5.61949e-05
1
 0.5 -0.8    2
0 0 0
 1.1673e-05           1 7.00467e-05
4
4
0.4 0.8 0.8
0 0 0
3.50209e-06          -1 2.33468e-05
5
 0.4 -0.8  0.9
0 0 0
-3.85208e-10            1  5.61949e-05
1
 0.5 -0.8    2
0 0 0
 1.1673e-05           1 7.00467e-05
0
0.5 0.8   2
0 0 0
 1.1673e-05          -1 7.00467e-05
3
5
 0.4 -0.8  0.9
0 0 0
-3.85208e-10            1  5.61949e-05
1
 0.5 -0.8    2
0 0 0
 1.1673e-05           1 7.00467e-05
0
0.5 0.8   2
0 0 0
 1.1673e-05          -1 7.00467e-05
4
5
 0.4 -0.8  0.9
0 0 0
-3.85208e-10            1  5.61949e-05
1
 0.5 -0.8    2
0 0 0
 1.1673e-05           1 7.00467e-05
0
0.5 0.8   2
0 0 0
 1.1673e-05          -1 7.00467e-05
4
0.4 0.8 0.9
0 0 0
-3.85208e-10           -1  5.61949e-05
