2
4
  6.7375e-15 -5.73791e-15 -1.60427e-14
3.60168e-12    -98.3213     310.418
0 0 1
5
1.42946e-14     -0.2063 1.54321e-14
-3.60168e-12      98.3213      319.879
0 0 1
4
4
  6.7375e-15 -5.73791e-15 -1.60427e-14
-22.0093 -14.8927       65
0 0 1
5
1.42946e-14     -0.2063 1.54321e-14
18.6235 -14.922      65
0 0 1
1
 0.4 -0.2    0
-78.8395 -14.8779  250.278
0 0 1
0
0.4   0   0
82.2253 44.6926  250.02
0 0 1
3
4
  6.7375e-15 -5.73791e-15 -1.60427e-14
-32.8875  2.77032  66.0413
0 0 1
5
1.42946e-14     -0.2063 1.54321e-14
 7.06839 0.875198  164.767
0 0 1
0
0.4   0   0
 25.8191 -3.64552   399.49
0 0 1
4
4
  6.7375e-15 -5.73791e-15 -1.60427e-14
 4.16769 -7.09259  65.0007
0 0 1
5
1.42946e-14     -0.2063 1.54321e-14
-4.36952  6.99137  65.0005
0 0 1
0
0.4   0   0
 -3.76279 -0.238867   78.3979
0 0 1
1
 0.6 -0.2    0
 3.96462 0.340091  421.898
0 0 1
3
4
  6.7375e-15 -5.73791e-15 -1.60427e-14
-5.81882  7.53785  78.8152
0 0 1
5
1.42946e-14     -0.2063 1.54321e-14
-3.50118 -5.63501  71.2365
0 0 1
1
 0.6 -0.2    0
    9.32 -1.90284  480.246
0 0 1
4
4
  6.7375e-15 -5.73791e-15 -1.60427e-14
 8.91095 -73.8304  171.187
0 0 1
5
1.42946e-14     -0.2063 1.54321e-14
-33.5251  51.0104  185.088
0 0 1
1
 0.6 -0.2    0
-14.3812 -5.55155  44.9961
0 0 1
0
0.6 0.1   0
38.9953 28.3715 229.026
-0 -0  1
3
4
  6.7375e-15 -5.73791e-15 -1.60427e-14
16.6891 -0.2355 65.0001
0 0 1
5
1.42946e-14     -0.2063 1.54321e-14
-9.42726  -1.7956  341.028
0 0 1
0
0.6 0.1   0
-7.26187   2.0311  224.269
-0 -0  1
4
4
  6.7375e-15 -5.73791e-15 -1.60427e-14
 2.22885 -59.1858  169.601
0 0 1
5
1.42946e-14     -0.2063 1.54321e-14
24.9463 72.1657 228.425
0 0 1
0
0.6 0.1   0
-38.7151  22.3999  127.868
-0 -0  1
1
 0.7 -0.2    0
 11.5399 -35.3798  104.403
0 0 1
3
4
  6.7375e-15 -5.73791e-15 -1.60427e-14
-31.3562 -6.02778  339.762
0 0 1
5
1.42946e-14     -0.2063 1.54321e-14
-7.35776  14.9205  79.7947
0 0 1
1
 0.7 -0.2    0
  38.714 -8.89269  210.741
0 0 1
4
0
    0.676811    0.0760654 -5.23193e-15
64.3199 19.5736 212.635
-0 -0  1
1
   0.683566   -0.246104 8.88178e-16
-71.9012  16.7143  178.471
0 0 1
4
 4.96233e-15 -2.08723e-16 -3.76088e-15
 17.6891 -23.8268       65
0 0 1
5
 3.28788e-15      -0.2063 -4.30211e-16
-10.1078  -12.461  174.192
0 0 1
