    1.33827 -0.00217744    0.705991     2.59735     1.95099    -2.44997    0.182659    -1.73621  -0.0713825     1.16209   -0.707202   -0.196242     -1.0651    -1.11442    -1.21558    0.961322   -0.811172    0.261799    0.307117   -0.176011   -0.901178    0.485413    0.240006   -0.226283    0.734657   -0.072093   -0.440681    -0.70564   -0.605065    -0.34431   -0.717141   -0.192935    0.314359   0.0750764
   1.28306 -0.0036297   0.697962    3.10801    1.92545   -2.93656   0.240353   -1.80317   0.185387    1.27477  -0.699005  -0.139396   -1.49608   -1.14789   -1.42396    1.14069  -0.825269   0.261799   0.301343   -0.25037  -0.717378   0.625959   0.206867  -0.441142     1.0534  0.0841847  -0.417323   -1.04748  -0.553403  -0.098185  -0.523543   0.158804   0.427394  -0.140534
   1.19383     0.1277   0.753224    2.93334    1.68165   -2.92841   0.214697   -1.91986   0.211387   0.836645  -0.386123  0.0660349   -1.57694    -1.3044    -1.5708   0.159385 -0.0470732   0.261799   0.523599  0.0925033    -1.2773   0.565767   0.233432  -0.165777   0.865211  0.0870997   -0.32233   -1.60948  -0.751811 0.00569425  -0.432699   0.125904   0.668103   0.265043
     1.1863   -0.207318    0.748014     2.89896     1.58912    -2.93518      1.1946    -1.25081     1.20315   0.0204204   -0.120198   -0.261799    -1.29797    -1.79307    -1.31188 1.38778e-17    0.076179   -0.178691    -0.18449    0.242319    -1.54451    0.576694      0.1197   -0.395812    0.190757    0.453824    -0.31018    0.833582    -1.89282   -0.825103    -1.49741   -0.276723    0.760385    -1.76642
   1.3731  0.057742  0.739198   2.92104   1.58803   -2.9557    1.4172  -1.80052   1.42189  0.427986  -0.37592  0.261799   -1.3907  -1.42457  -1.39331  0.316226 -0.325115  0.178566  0.204942  0.211155  -1.36108  0.366763  0.488829     0.298  0.155321 -0.473362 -0.206922 -0.421918 -0.695247 -0.753416   -1.4845 -0.299698  0.720914   0.27005
    1.23373 -0.00980775    0.766002     3.14823     1.58239     -3.1488    0.263908    -1.69586    0.266356   0.0330736   0.0992167   0.0334129    -1.39985    -1.48805    -1.39939           0 -0.00251738   0.0821053    0.217263    0.164297    -1.08346    0.527906    0.224226   -0.697489    0.192946     0.32245    0.154913    -1.02658   -0.615388   -0.546284    -1.28021    0.085146    0.885374    0.280765
   1.15368   -0.12401   0.783094    3.24895    1.76816   -3.25316   0.926359   -1.53215   0.942752          0   0.173504 -0.0254854   -1.05231   -1.62914    -1.0408  0.0987098   0.127174 -0.0449219  -0.203152  -0.260357   -1.18417    1.07169  -0.183148  -0.418081   0.361999   0.454953  0.0627472   -1.09406  -0.731639  -0.514199   -1.76741 -0.0744219   0.152901  -0.365222
   1.34935  -0.291135   0.760993    3.37607    1.79979   -3.30739   0.835711   -1.31256   0.846165   0.245738   -0.18894  -0.261799  -0.875744   -1.81708  -0.896871   0.797152  -0.411451  -0.261058  -0.523599  -0.177005  -0.860169    1.09274  -0.182787  -0.566208   0.564732   0.364884  -0.199472  -0.468931          0  -0.925324   -2.45568 -0.0303399  0.0274418  -0.328904
  1.14965 0.0662483  0.783401   3.08539   2.02309  -3.17154 0.0154744  -1.91986 0.0388346  0.964658 -0.163711  0.104292 -0.953026  -1.41437 -0.885471  0.299517 0.0566443  0.223979  0.235162  0.397521  -1.23449  0.386985   0.16557  -1.09205  0.737903 -0.357505 -0.528548  0.227805    -1.553  -1.33786  -1.41099 -0.640602 0.0300178  -0.12251
    1.23544   0.0501313    0.803162     2.90438      2.0358    -3.00481  -0.0834872    -1.79501    -0.17542    0.963042   -0.281448   0.0410701   -0.506177    -1.29077    -0.52242    0.230354 -0.00944054    0.239038   -0.202277    0.239566    -1.26002   0.0628601  -0.0572696    -1.16718     0.55732   -0.237744    -1.01668    0.446175    -1.00848    -1.23487   -0.998659   -0.780455   -0.796783   -0.571691
    1.32522   0.0667965    0.826507     2.96072     2.16749    -2.96326    -0.34344    -1.46731   -0.436425    0.893918   -0.401195   0.0187138   -0.694839     -1.2219    -0.69555    0.333259 -0.00299119    0.232418   0.0453128    0.195637   -0.840643    0.250228   -0.055614    -1.25036    0.683157   -0.538083   -0.721062    0.460966   -0.897304    -1.08343    -1.32193   -0.766302   -0.703114   -0.244187
   1.25819  -0.107071   0.824475    2.72076    2.21917   -2.73189   0.908897   -1.58499   0.621224   0.873266  -0.274552  -0.068275  -0.548017   -1.49644  -0.806759   0.573958 -0.0374252 -0.0135957   -0.16231   0.106849    -1.2307   0.516443  -0.301531  -0.945422   0.612996  -0.315062  -0.569176   0.178751   -0.95201  -0.589263    -1.0973    -1.2531  -0.927563 -0.0509095
   1.59566  -0.183116    0.86903     2.8483      2.664   -2.85963   0.486003  -0.263131  -0.003934   0.212934  -0.498798  -0.261799   0.173778  -0.656712  -0.166036   0.719964  -0.591225 -0.0155989   0.247681   0.174919   0.314473   0.583614   0.240812   -1.86545   0.853962  -0.476039  -0.274605   0.147746  -0.199478   -0.42985  -0.897532  -0.502968   -1.24344   0.146288
   1.67985  -0.164674   0.833058    2.97797    2.90091   -2.71937   0.441054  0.0334541   -0.28762   0.218437  -0.646222  -0.261799  0.0484909  -0.285093  -0.396212   0.874829  -0.872665 0.00524419   0.289988  -0.423052    1.01096   0.596827   0.167581   -1.86565     1.1592   -1.08583  -0.270759  0.0835812  -0.263977   0.138078  -0.818516  -0.681578   -1.21751   0.332567
   1.56017   -0.23561   0.884619    3.09687    2.46941   -3.14499   0.401534  -0.681736   0.248652   0.379496  -0.330663  -0.261799   0.132285  -0.882657  0.0868413   0.669137  -0.454909 -0.0384886   0.269075    0.20339   0.413144   0.562627   0.426182   -1.42072   0.699954  -0.912014   0.293209  0.0353637  -0.371009 -0.0800022   -1.24498  -0.689299  -0.995975   0.649969
    1.65175  0.00422596    0.840188     3.05624     2.70213    -3.21347    0.139856   -0.703762    0.128766     1.13104   -0.857854   0.0234484   -0.162056    -0.58107 -0.00455513      0.8166   -0.680431    0.261799    0.168408    0.279895     0.44534           0    0.048457    -2.09196    0.680095   -0.429512   -0.614399    0.363346   -0.563772  -0.0738775   -0.669037   -0.841772    -1.39307  -0.0936539
   1.64082  0.0299635   0.856578    2.97927    2.67724    -3.0716   0.106418   -0.76006 -0.0152219    1.07543  -0.784408  0.0315817   -0.19391  -0.737928  -0.154584   0.832129  -0.544344   0.261799   0.260865   0.222116   0.352001          0 -0.0168559   -2.00862   0.654295  -0.482661  -0.609788   0.398407  -0.607952  -0.129732   -0.62546   -0.85824   -1.43003  -0.140605
   1.69261  -0.175214   0.865752    3.08523    2.85415   -2.80718   0.220159  -0.377996   -0.24778   0.675695  -0.662386  -0.261799  -0.113934  -0.514452  -0.362478    1.03011  -0.796322 -0.0136341   0.259491  0.0992497   0.269947   0.424709  0.0959905   -1.35521   0.398018  -0.782414   0.291299   0.436815 -0.0748868  -0.352278  -0.955305   -0.56361    -1.3292   0.307658
   1.67009  -0.177405   0.881216    3.11041    2.78768   -2.84008   0.126844  -0.669295   -0.24303   0.799819  -0.538372  -0.261799  -0.157474  -0.608926  -0.348916   0.996358  -0.725651 -0.0176425   0.226124   0.118549   0.210493    0.44257   0.083564   -1.30706    0.43673  -0.818073   0.265089   0.376693   -0.14744  -0.333731  -0.917915  -0.597204   -1.33417   0.309971
  1.45987 -0.245674  0.546935   3.18266   2.85821  -2.98832   1.57131   -1.6614   1.35951   2.02777 -0.747053 -0.261799  0.482871  -1.89199  0.558505   2.44346 -0.872665 0.0126656 -0.523599 -0.323093 -0.296377   1.57356  0.455572  -2.13645  0.458218    1.2866  0.503498 -0.216683 -0.179571 -0.224583  -1.21096  -0.83735 -0.365611  0.232785
   1.59509 -0.0542793   0.784297     3.3647    2.98881   -3.29807 -0.0561659   -0.81494   0.182651     1.5165  -0.872665 -0.0324938  -0.377221  -0.984855    0.12306     1.6534  -0.872665   0.261799  -0.453316  0.0155836     0.3701          0   0.390803   -2.42943    -0.4904   0.380848   0.340581   0.456027  -0.433473  -0.344007    -1.6577  -0.814718  -0.424739   0.023306
