4
0
     1.67984       0.1619 -8.31865e-07
-2.17267 -16.5184   242.34
-0 -0  1
1
     1.69494     -0.30598 -1.84034e-06
  32.2225 -0.190439   176.713
0 0 1
4
    0.997946     0.205272 -9.36961e-07
-21.6806  44.8218  100.256
-0 -0  1
5
    0.993968      -0.4035 -4.34011e-06
-8.36919 -28.1129  110.989
0 0 1
3
0
     1.67984       0.1619 -8.31865e-07
 -0.00299898 -0.000201832      31.4196
-0 -0  1
1
     1.69494     -0.30598 -1.84034e-06
 0.00138263 -0.00106746     349.606
0 0 1
4
    0.997946     0.205272 -9.36961e-07
0.00140996   0.001887    249.273
-0 -0  1
4
0
     1.67984       0.1619 -8.31865e-07
1.38122e-05 0.000205433     183.367
-0 -0  1
1
     1.69494     -0.30598 -1.84034e-06
-8.19545e-05      0.00019       121.22
0 0 1
4
    0.997946     0.205272 -9.36961e-07
7.42272e-05 -0.00022628     197.219
-0 -0  1
5
1.15 -0.3    0
-4.44476e-05 -0.000101126      128.492
-0 -0  1
3
0
     1.67984       0.1619 -8.31865e-07
  0.165433 -0.0915641    223.675
-0 -0  1
1
     1.69494     -0.30598 -1.84034e-06
-0.0846281 -0.0998307    38.8022
0 0 1
5
1.15 -0.3    0
-0.0811351   0.191588     367.82
-0 -0  1
4
0
     1.67984       0.1619 -8.31865e-07
-0.0312905  0.0326383     257.31
-0 -0  1
1
     1.69494     -0.30598 -1.84034e-06
0.0273713 0.0343506   160.842
0 0 1
5
1.15 -0.3    0
 0.0278009 -0.0327656    63.6725
-0 -0  1
4
1.15  0.1    0
-0.0236722 -0.0341601    148.474
0 0 1
3
0
     1.67984       0.1619 -8.31865e-07
0.798914 -1.61486    291.6
-0 -0  1
5
1.15 -0.3    0
 -1.3099 0.804103  308.699
-0 -0  1
4
1.15  0.1    0
0.516559 0.804339       30
0 0 1
4
0
     1.67984       0.1619 -8.31865e-07
 18.7913 -6.64084  123.431
-0 -0  1
5
1.15 -0.3    0
21.9879 -10.305 247.967
-0 -0  1
4
1.15  0.1    0
 19.2204 -10.3053    228.9
0 0 1
1
 2.1 -0.4 0.65
    -60 27.2508      30
          -1 -4.80007e-05  7.49512e-05
3
5
1.15 -0.3    0
 114.397 -23.8573  228.795
-0 -0  1
4
1.15  0.1    0
 67.7852 -23.8576  310.411
0 0 1
1
 2.1 -0.4 0.65
-182.183   47.715  91.0914
          -1 -4.80007e-05  7.49512e-05
4
5
1.15 -0.3    0
100.771 8.77336 201.543
-0 -0  1
4
1.15  0.1    0
22.8313 8.77611 366.954
0 0 1
1
 2.1 -0.4 0.65
     -60 -8.77071       30
          -1 -4.80007e-05  7.49512e-05
0
 2.1  0.2 0.65
-63.6028 -8.77812  31.8014
         -1 1.28488e-10 7.49511e-05
3
4
1.15  0.1    0
 152.787 -41.2921  553.904
0 0 1
1
 2.1 -0.4 0.65
-90.8487   20.646  45.4243
          -1 -4.80007e-05  7.49512e-05
0
 2.1  0.2 0.65
-61.9391  20.6468  30.9695
         -1 1.28488e-10 7.49511e-05
4
4
1.15  0.1    0
 80.9099 -28.0026  376.327
0 0 1
1
 2.1 -0.4 0.65
     -60 -11.8692       30
          -1 -4.80007e-05  7.49512e-05
0
 2.1  0.2 0.65
-106.317  -11.879  53.1584
         -1 1.28488e-10 7.49511e-05
5
 1.3 -0.3    0
85.4064 51.7513 170.813
-0 -0  1
3
4
1.15  0.1    0
 143.369 -90.7268  518.303
0 0 1
1
 2.1 -0.4 0.65
-159.495  74.6026  79.7473
          -1 -4.80007e-05  7.49512e-05
5
 1.3 -0.3    0
16.1238 16.1238 32.2476
-0 -0  1
4
4
1.15  0.1    0
 113.606 -5.07382  239.437
0 0 1
1
 2.1 -0.4 0.65
-119.959 -2.28893  59.9797
          -1 -4.80007e-05  7.49512e-05
5
 1.3 -0.3    0
 88.2476 -14.5825  289.934
-0 -0  1
0
2.1 0.2 0.9
-81.8935  21.9447  40.9468
          -1 -5.78184e-10  0.000112424
3
1
 2.1 -0.4 0.65
  -60.75 -12.6558   30.375
          -1 -4.80007e-05  7.49512e-05
5
 1.3 -0.3    0
183.701 69.2553 538.447
-0 -0  1
0
2.1 0.2 0.9
-122.951 -56.5997  61.4753
          -1 -5.78184e-10  0.000112424
4
1
 2.1 -0.4 0.65
-115.298 -13.7611  57.6491
          -1 -4.80007e-05  7.49512e-05
5
 1.3 -0.3    0
 96.6388 -8.11699   385.33
-0 -0  1
0
2.1 0.2 0.9
-60  30  30
          -1 -5.78184e-10  0.000112424
4
1.3 0.1   0
 78.6598 -8.12267   157.32
-0 -0  1
3
1
 2.1 -0.4 0.65
-139.764  48.7677  69.8819
          -1 -4.80007e-05  7.49512e-05
0
2.1 0.2 0.9
-61.7367  30.8683  30.8683
          -1 -5.78184e-10  0.000112424
4
1.3 0.1   0
   201.5 -79.6365  529.548
-0 -0  1
4
1
 2.1 -0.4 0.65
     -60 -1.02668       30
          -1 -4.80007e-05  7.49512e-05
0
2.1 0.2 0.9
-110.316 -27.0383  55.1579
          -1 -5.78184e-10  0.000112424
4
1.3 0.1   0
71.1389 10.5275 291.413
-0 -0  1
5
 1.4 -0.3    0
99.1772  17.538 253.727
-0 -0  1
3
1
 2.1 -0.4 0.65
    -60 -12.587      30
          -1 -4.80007e-05  7.49512e-05
0
2.1 0.2 0.9
-98.2033 -48.9888  49.1016
          -1 -5.78184e-10  0.000112424
5
 1.4 -0.3    0
158.204 61.5761 551.196
-0 -0  1
4
1
 2.1 -0.4 0.65
-108.611  6.02387  54.3056
          -1 -4.80007e-05  7.49512e-05
0
2.1 0.2 0.9
-60  30  30
          -1 -5.78184e-10  0.000112424
5
 1.4 -0.3    0
 57.7234 -18.0113  309.019
-0 -0  1
4
1.4 0.1   0
 110.888 -18.0132  236.974
0 0 1
3
0
2.1 0.2 0.9
-78.526 3.67665  39.263
          -1 -5.78184e-10  0.000112424
5
 1.4 -0.3    0
-26.0668 -1.83859  347.555
-0 -0  1
4
1.4 0.1   0
 104.593 -1.83816  243.479
0 0 1
4
0
2.1 0.2 0.9
0 0 0
          -1 -5.78184e-10  0.000112424
5
 1.4 -0.3    0
0 0 0
-0 -0  1
4
1.4 0.1   0
0 0 0
0 0 1
1
 2.1 -0.4  0.9
0 0 0
          -1 -6.17129e-05  0.000112424
