   1.37916 -0.0452019   0.741769    2.77419    1.73201   -2.80766   0.199848   -1.59846   0.147274   0.806989  -0.627383  0.0335152  -0.362771   -1.46298  -0.411544   0.620283  -0.566775  0.0729728   0.238731  0.0357891   -0.89306   0.403775   0.511243  -0.411215   0.566071  -0.042367  -0.485923  -0.794039  -0.437168  -0.477672  -0.848047   0.157772   0.335566  0.0409536
   1.15131  0.0416842   0.757083    2.78296    1.60128   -2.82536   0.474553   -1.91986   0.495402   0.564158  -0.224895   0.205646  -0.926654   -1.47249  -0.936158          0 -0.0293039    0.12146   0.457724    0.20523   -1.50465   0.601862   0.396534 -0.0509402   0.534651   0.145465  -0.297546   -1.58418  -0.581948  -0.227751   -0.63537   0.445365   0.791313   0.184881
    1.00596  -0.0552858    0.773771     2.67872     1.73021    -2.69384    0.337461    -1.66642    0.272862 3.46945e-18    0.235742   0.0361283   -0.871787    -1.60288   -0.945302 1.38778e-17    0.162463  -0.0161147    0.261225    0.610545    -1.94451    0.357714    0.155558   -0.794785    0.543778   -0.233341   -0.322427    -1.64904    -1.15573    -0.39418   -0.556926    0.383308    0.845632    0.260043
     1.00597    -0.054769     0.773681      2.67382      1.72998     -2.68913     0.332961     -1.66705     0.267721  1.38778e-17     0.235947    0.0359796    -0.876189     -1.60278    -0.950269 -1.38778e-17     0.161746   -0.0159692     0.263548     0.611071      -1.9423     0.357648     0.159184    -0.799421     0.544362    -0.230853    -0.324205     -1.64835     -1.15689    -0.386817    -0.558795     0.378513     0.848078     0.258343
    0.99815  -0.0332204    0.787705     2.61765     1.89869    -2.69253 3.19406e-05    -1.91986   -0.175027    0.659679  -0.0205798 -0.00916476   -0.607978    -1.59957   -0.760795    0.230318   0.0850712   0.0324514    0.190064    0.130409    -1.96325    0.446424    0.114208   -0.688475    0.319994   -0.188113   -0.547251    -1.93728   -0.937091    0.206177   -0.933749   -0.272803   0.0359511   0.0864818
   0.997866  -0.0328412     0.78766     2.62567     1.89698    -2.70059 -0.00210155    -1.91986   -0.173701    0.659225  -0.0204035 -0.00814513     -0.6002     -1.5978   -0.749316    0.224498   0.0894843   0.0345236    0.187276    0.125711     -1.9603     0.44863    0.117583   -0.699628    0.322903   -0.180169   -0.555276    -1.94202   -0.932739    0.211828    -0.92389   -0.256656   0.0291604   0.0667939
  1.07517 0.0194092   0.75788   2.99954   2.14303  -3.07221  0.169648  -1.91986  0.173167   1.32448 -0.408313  0.129658 -0.772464  -1.42044 -0.756392 0.0572345  0.407163  0.182025  0.224388  0.118086  -1.49449  0.480572  0.238363 -0.667333  0.422712 -0.394332 -0.458964  -1.50696 -0.893819  0.044483 -0.778458 0.0977216 -0.172622 -0.252218
   1.02255  -0.123397   0.765108    3.02573    2.05889   -2.92439   0.179869   -1.91986  0.0862286    1.02683  -0.202948 -0.0958747   -1.09765   -1.51572   -1.18584          0   0.455719 -0.0715562  0.0305309  -0.114453   -1.79026   0.757506  -0.140448  -0.531861   0.299478  -0.289128  -0.150706   -1.73805  -0.591894  -0.241249  -0.617706   0.120783  -0.259187  0.0832283
   1.20015 -0.0648797   0.843833    3.05703     2.2821   -2.95682 -0.0643691   -1.42413  -0.199235   0.450617   0.102665   -0.11958  -0.899534   -1.38943  -0.940904   0.670609 -0.0723264  0.0338829  0.0247123  -0.130691   -1.13413    0.56586   0.102889  -0.524063   0.368149  -0.686765  -0.253962   -1.09551   -0.63192  -0.320557  -0.479266 -0.0747511   -0.71918 -0.0264257
   1.20254  -0.066627   0.844564    3.05698    2.28386   -2.95458 -0.0611335   -1.41871  -0.197761   0.449332  0.0999721  -0.121617  -0.895884   -1.38838  -0.938877   0.677476 -0.0786571  0.0317339  0.0196093  -0.132852   -1.12884   0.565158   0.100811  -0.524082   0.366667  -0.688891  -0.253612    -1.0878  -0.628844  -0.324951  -0.476215 -0.0789361   -0.72733 -0.0260176
    1.47075  -0.0789336    0.880064     3.17846     2.29052    -3.09711   0.0376645   -0.937753 -0.00097037    0.295461   -0.209622  -0.0952079   -0.501231    -1.25113   -0.441115    0.587221   -0.151135   0.0833854    0.523599   0.0126932   -0.489596    0.361623    0.106785   -0.471306    0.800263    -1.39035     0.22175   -0.344458   -0.197057   -0.306421    -1.66924     0.44924   -0.296883    0.107483
     1.4742  -0.0768113    0.880441     3.17918     2.29294    -3.09957   0.0352465   -0.930281 -0.00131489    0.295751    -0.21488  -0.0925108   -0.496585    -1.24427    -0.43386     0.58678   -0.155327   0.0871744    0.523599   0.0102287   -0.484926     0.35515    0.107122   -0.471677    0.800863    -1.39602    0.218125   -0.335676   -0.198186   -0.307354    -1.67074    0.447154   -0.301541    0.103829
   1.35662 -0.0348328   0.897607    3.24643      2.456   -3.09548  -0.152705   -0.98221   -0.13828   0.448173  -0.144837 -0.0564805   -0.60895   -1.10591   -0.45864   0.449974  0.0365001   0.140972  0.0531114  -0.347789  -0.529724   0.599524   0.108678  -0.469681   0.781394   -1.11426  -0.154186  -0.603466  -0.235637  -0.242135   -1.69706   0.122863  0.0791078 -0.0479921
   1.58271  0.0466309   0.895072    3.15215    2.58285   -3.05387  -0.118361  -0.534569  -0.136719   0.454114  -0.469189  0.0462048  -0.453496  -0.748096  -0.313743   0.610979  -0.359146   0.261799   0.220704  -0.508281  -0.188186   0.200956   0.160636  -0.526576   0.852002   -1.52667  -0.212236 -0.0209665  -0.298854  -0.149715   -2.02444  0.0432659 -0.0714298  -0.121766
   1.56618  0.0457064   0.906139    3.24255    2.53619   -3.07731  -0.262765  -0.811176  -0.205531   0.480512  -0.252556  0.0349562  -0.560289  -0.758101  -0.365007   0.532413  -0.295658   0.257696   0.116643  -0.536303  -0.165423    0.21183   0.247043  -0.638258   0.764307   -1.45758  -0.259786 -0.0631694  -0.294769   -0.15923   -1.97112 0.00084524  -0.124708  -0.102531
   1.57257  0.0448785   0.905707     3.2428    2.53582   -3.07888  -0.259207  -0.805835  -0.201992   0.484556  -0.262863  0.0345427   -0.55559  -0.752148  -0.360921    0.53336  -0.304177   0.257509   0.117614  -0.537905  -0.154006   0.203231   0.246267  -0.642741    0.76445   -1.46911  -0.258569 -0.0452655  -0.289204  -0.157226   -1.98409 0.00647035    -0.1314  -0.104479
   1.32281  -0.171222   0.830531   0.704922   0.506857  -0.492552 -0.0952847   -1.16194   0.435238   0.543048 -0.0204751  -0.135461  -0.966372   -1.72108  -0.321558    1.10161 -0.0781724  0.0562917  -0.173261   0.384311  -0.379017   0.553359   0.313132   -1.23383   0.730766  -0.394947   0.109519   -0.67749 -0.0527484  -0.286616   -1.89373   0.620612   0.425717   0.233216
