   1.37916 -0.0452019   0.741769    2.77419    1.73201   -2.80766   0.199848   -1.59846   0.147274   0.806989  -0.627383  0.0335152  -0.362771   -1.46298  -0.411544   0.620283  -0.566775  0.0729728   0.238731  0.0357891   -0.89306   0.403775   0.511243  -0.411215   0.566071  -0.042367  -0.485923  -0.794039  -0.437168  -0.477672  -0.848047   0.157772   0.335566  0.0409536
   1.35243  -0.153747   0.750303    2.80681    1.71508   -2.73016   0.349104   -1.50383   0.289137   0.537525  -0.469542 -0.0996807   -0.40193   -1.59942   -0.46181   0.749196  -0.591377  -0.093332   0.019744 0.00188927   -1.02105    0.50969   0.430608  -0.385166    0.47848  0.0882916  -0.558438  -0.827172  -0.308167  -0.671541  -0.893355   0.313286   0.305116 -0.0877571
   1.21442  -0.253103   0.781682    2.87438    1.91348    -2.7235   0.543474   -1.45629   0.387958   0.432579  -0.226243   -0.21892  -0.342787   -1.69867  -0.510243   0.898891  -0.474401  -0.239008  0.0948766   0.469302   -1.29591   0.512211 -0.0684733   -1.15306   0.515695  -0.376913  0.0214853  -0.675786  -0.757287  -0.943114  -0.726252    0.44076   0.471099  -0.280116
   1.23983 0.00599452   0.783313     2.8932    1.91159    -2.9867    0.31808   -1.70764   0.279026   0.969648  -0.501176   0.124053  -0.450048   -1.48642   -0.49222     0.6525  -0.389998   0.126447   0.523599   0.608634  -0.943894   0.109828   0.356724    -1.4662   0.621475  -0.356793  -0.338734   -0.65032   -1.00268  -0.825664  -0.543864   0.216552   0.482905   0.205158
   1.20012  0.0817774   0.775144     2.9173    2.19772   -3.12718   0.255864   -1.65975   0.263089    1.33398   -0.62095   0.235035  -0.308149   -1.41349  -0.289514   0.931844  -0.455043   0.261799   0.429962   0.325139     -1.138   0.214092   0.358274  -0.826234   0.449633  -0.571809  -0.435298  -0.781841   -1.03791  -0.268031   -1.33323  -0.141463 0.00125186  -0.121725
   1.20512  0.0798539   0.775102    2.91846    2.20269    -3.1285   0.250874   -1.64897   0.256422    1.33926  -0.631564   0.231396  -0.293689   -1.40717  -0.274339   0.941026  -0.465989   0.261799   0.437359   0.325104   -1.11557   0.212985   0.361199   -0.84009   0.453756  -0.572603  -0.426555  -0.766871   -1.02236  -0.276232   -1.34887  -0.131373 0.00804525  -0.116101
   1.21194  0.0535205   0.808841    3.10083    2.40021   -3.27205   0.069899   -1.37038   0.176669    1.28345  -0.659859   0.181051  -0.223927   -1.26073 -0.0646169    1.02581  -0.514772   0.261799   0.523599   0.553581   -1.06919   0.128677    0.46112  -0.971948   0.581666  -0.208921  -0.362478  -0.470479   -1.03207  -0.443879   -1.07261 -0.0298858  -0.139584 -0.0292204
   1.21441  0.0533513   0.809553    3.10183    2.40386   -3.27227  0.0645272   -1.36059   0.171749    1.28018   -0.66283   0.179855  -0.223043    -1.2523  -0.062524    1.02425  -0.518123   0.261799   0.523599   0.550351   -1.06027   0.126341    0.46117  -0.977409    0.58203  -0.209906  -0.361802  -0.464321   -1.02547  -0.447602   -1.07373 -0.0288589   -0.14294 -0.0275081
    1.15049   -0.108599     0.81784      2.9238     2.26591    -2.94269     0.45804    -1.56761    0.293705     1.12018   -0.444274  -0.0403005    -0.63118    -1.53474   -0.774458    0.603375   0.0498053 -0.00644429    0.431634    0.489476    -1.20326    0.436459    0.220668    -1.07541     0.67928  -0.0950651    -0.21462   -0.746341   -0.825701   -0.559591    -1.39218    0.130212    0.040711    0.124504
    1.15012   -0.108924    0.817895     2.92308     2.26511    -2.94124    0.457483    -1.56827    0.292423     1.11806   -0.442519  -0.0409912   -0.632336    -1.53451    -0.77638    0.601115   0.0509232 -0.00715402    0.431483    0.488967    -1.20441    0.437308    0.220655    -1.07613     0.68028  -0.0941709   -0.215397   -0.748522   -0.826044   -0.558498    -1.39266    0.131215   0.0416231    0.124101
   1.17955 -0.0675838   0.814969    2.91315    2.35793   -2.95046   0.415783   -1.70149   0.261853   0.840042  0.0558623 0.00757231  -0.690595   -1.49218  -0.824563   0.803058 -0.0859604  0.0412508   0.523599   0.455111   -1.09507    0.36573   0.263092   -1.05121    0.67308  -0.151397  -0.224341  -0.617331   -0.82503  -0.575867   -1.33056    0.10404 -0.0158694   0.103417
   1.17919 -0.0680662   0.814708    2.91135     2.3583   -2.94832    0.41339   -1.70275   0.257019   0.840742  0.0565022 0.00596295  -0.693308   -1.49263  -0.829495   0.804223 -0.0865802  0.0399441   0.523599   0.454579   -1.09706   0.366404   0.262169    -1.0503    0.67209  -0.150644  -0.223784   -0.61807  -0.824773  -0.576672   -1.33111   0.103836 -0.0153749   0.103763
    1.18644  -0.0828667    0.796762     2.91868     2.40933    -2.92971    0.410465    -1.77153    0.233897      1.0324  -0.0217917  -0.0212442   -0.715878    -1.47894    -0.87299    0.550732     0.20675   0.0142681    0.512564    0.412463    -1.07474    0.399659     0.24234    -1.04769    0.678252   -0.131375   -0.200326   -0.610282   -0.752057    -0.60531    -1.35464     0.12292 -0.00683391    0.129553
    1.18545  -0.0822472    0.796289     2.91703     2.40827    -2.92866    0.406866    -1.77422    0.229308      1.0319  -0.0197222  -0.0212363   -0.716048    -1.47866   -0.873695    0.546197    0.209918   0.0150115    0.514944    0.413496    -1.07774    0.399899    0.243435    -1.04644    0.678696   -0.130338   -0.200583   -0.613114   -0.755893   -0.602268    -1.35497    0.122862 -0.00321159    0.128996
   1.17443 -0.0954588   0.799241    2.96467    2.55417   -2.99211   0.414596   -1.69836   0.239885    1.16678 -0.0752511 -0.0354661  -0.568837   -1.47565  -0.701856   0.742875   0.153926  0.0199088   0.250682   0.164647   -1.15679   0.435123   0.252477  -0.848679   0.524716  -0.114443   -0.39195  -0.861147  -0.617655  -0.484555   -1.52027   0.124984   0.390092 0.00100325
   1.35957  -0.115032   0.804124    3.93697    2.60252   -3.90579   0.124689   -1.33225   0.853397   0.945305  -0.422565  0.0548657   -1.51671   -1.78627  -0.792168   0.849188 -0.0191101  0.0887563   0.182875   0.692514  -0.368668   0.514671  0.0724054  -0.775797   0.871399  -0.772434   0.536231  -0.706183 -0.0728687 -0.0151887   -1.74849   0.807273   0.628321   0.335387
   1.32281  -0.171222   0.830531   0.704922   0.506857  -0.492552 -0.0952847   -1.16194   0.435238   0.543048 -0.0204751  -0.135461  -0.966372   -1.72108  -0.321558    1.10161 -0.0781724  0.0562917  -0.173261   0.384311  -0.379017   0.553359   0.313132   -1.23383   0.730766  -0.394947   0.109519   -0.67749 -0.0527484  -0.286616   -1.89373   0.620612   0.425717   0.233216
