   1.37916 -0.0452019   0.741769    2.77419    1.73201   -2.80766   0.199848   -1.59846   0.147274   0.806989  -0.627383  0.0335152  -0.362771   -1.46298  -0.411544   0.620283  -0.566775  0.0729728   0.238731  0.0357891   -0.89306   0.403775   0.511243  -0.411215   0.566071  -0.042367  -0.485923  -0.794039  -0.437168  -0.477672  -0.848047   0.157772   0.335566  0.0409536
     1.26115   -0.0860189     0.775537      2.77652      1.66105     -2.76511     0.327351     -1.61391     0.295405     0.425573    -0.300412 -0.000157807     -0.57958     -1.57543    -0.613073     0.408868     -0.32115   -0.0154554     0.201992    0.0469376     -1.21586     0.581947     0.484357    -0.263266     0.499818     0.117456    -0.501664     -1.12408    -0.466151    -0.444511     -0.79589     0.348204     0.514896   -0.0257234
   1.12733  -0.163789   0.803014    2.82231    1.83678    -2.7805   0.580054   -1.51498   0.478226   0.233363  -0.034393 -0.0802289   -0.47855   -1.68421  -0.593583   0.543284  -0.200161  -0.119127   0.214658   0.549283   -1.48199   0.458449  0.0362692   -1.02219   0.550342  -0.355797 -0.0910081  -0.953704   -1.03189  -0.661559  -0.569634   0.303379   0.578944 -0.0945593
    1.1274  -0.163536   0.802956     2.8236    1.83554   -2.78233   0.580405    -1.5149   0.479507   0.232101 -0.0341554 -0.0796284   -0.47584   -1.68448  -0.589834   0.541863  -0.199263  -0.118202   0.213191   0.548138   -1.48018    0.45749   0.040244   -1.03037    0.54992  -0.350098  -0.095387  -0.953335   -1.03101  -0.658531  -0.573089   0.299592   0.580934 -0.0945033
   1.09036 -0.0954994   0.825253    2.73313    2.08271   -2.71555    0.27223   -1.65285   0.046138   0.704034  -0.159691 -0.0671556  -0.444544   -1.53016  -0.660685   0.657215   -0.22676 -0.0436236   0.216628  0.0523318   -1.52634   0.583355  0.0724622  -0.685994   0.280779   -0.40494  -0.197689   -1.30897  -0.721374  -0.288649   -1.14978 -0.0345576 -0.0863983  0.0902192
   1.09065 -0.0968938   0.825341    2.73767    2.08219    -2.7188   0.280005   -1.65063  0.0561429   0.701661  -0.159305 -0.0672438  -0.445639   -1.53135  -0.660272   0.659394  -0.227747 -0.0453387    0.21276  0.0467105   -1.51797   0.590717  0.0711799  -0.700943   0.289185  -0.396391  -0.202228   -1.31243  -0.711899  -0.290827   -1.14357 -0.0183812 -0.0921356  0.0797196
   1.12096  -0.132324   0.815994    2.77248    2.16527   -2.72431   0.348541   -1.65194  0.0855951   0.902194  -0.283762     -0.114  -0.555923   -1.47674  -0.785847   0.244233   0.228037 -0.0448077   0.200084 -0.0227513   -1.34014   0.677614  0.0614165  -0.767154   0.346409  -0.396741  -0.156086    -1.2168  -0.544035  -0.408872   -1.10942  0.0903751  -0.186965   0.081234
   1.11982  -0.132202   0.815518    2.77498    2.16321   -2.72622   0.349407   -1.65498   0.089028   0.902563  -0.282428  -0.113155  -0.556294   -1.47625  -0.783997    0.23741   0.233084 -0.0443776   0.198883 -0.0242576   -1.34062   0.680822   0.061461  -0.772743   0.351131  -0.391669  -0.159498   -1.22379  -0.542787  -0.406807   -1.10576  0.0968174  -0.186301   0.077602
   1.11855  -0.136053   0.801404    2.79816    2.20985   -2.80981   0.742345   -1.45474   0.471673   0.123574   0.372942  -0.125631  -0.724281   -1.57768  -0.965599   0.481437   0.121583 -0.0688759   0.203849 -0.0133235   -1.30209   0.735343  0.0532536  -0.704346   0.369834  -0.420098  -0.133919   -1.28261  -0.515096  -0.381038  -0.874003  0.0450877  -0.312447   0.140135
   1.22449   0.074193   0.805299    2.83729    2.30404   -2.97358    0.22876    -1.7957   0.101698    1.13163  -0.187042    0.11013  -0.523956   -1.31945  -0.568874   0.533631 -0.0180314   0.259103   0.523599   0.101854   -1.00103   0.327306   0.371547  -0.755717    0.48371  -0.679109  -0.338213  -0.945159  -0.822859  -0.152889   -1.02335   0.118202  -0.231605  -0.215687
   1.23183  0.0014963   0.852241    3.10998    2.41975   -3.13939  0.0913461   -1.48699  0.0812998   0.924547  -0.159126  0.0180083  -0.509824   -1.29095  -0.402539    0.66629 -0.0690865    0.19274   0.523599   0.403344  -0.904806   0.256179   0.349573   -1.02556   0.636562  -0.300881  -0.186146  -0.555408  -0.851678  -0.472874   -1.09218   0.133645  -0.199584  0.0309696
     1.23538 -0.000226193     0.853399      3.11501      2.41968     -3.14162    0.0871249     -1.47846    0.0790923     0.919579    -0.162733      0.01559     -0.50955     -1.28932      -0.3999     0.670827   -0.0754889     0.190989     0.523599     0.402106    -0.888484     0.255718     0.349987     -1.03939     0.641372    -0.302123    -0.182508    -0.545773    -0.841823    -0.477345     -1.10762     0.134302    -0.195363    0.0377695
   1.26629 -0.0201133     0.8446    3.14132    2.47868   -3.13568   0.052443   -1.45966  0.0394366    1.06971  -0.272898 -0.0164208  -0.546507   -1.31051  -0.428497   0.543505   0.134163   0.165529   0.523599    0.35448  -0.756805   0.278416   0.337962   -1.09351   0.670819  -0.313572  -0.127114  -0.480874  -0.718494  -0.517207   -1.18661   0.155358  -0.179917   0.102701
   1.40152 -0.0785137   0.881993    3.18377    2.50892   -3.15565   0.104802   -1.09798  0.0819675   0.858066    -0.3906 -0.0814399  -0.363455   -1.24766  -0.249146    0.77191  -0.143456   0.114668   0.523599   0.292388  -0.294273   0.238721    0.29394   -1.30541   0.676124  -0.529073  0.0314827  -0.244777   -0.36748  -0.597459    -1.3724   0.212489  -0.345856   0.232622
   1.46085 -0.0770706   0.887888    3.21176    2.55989    -3.1816   0.096869   -1.14561   0.102465     0.8281  -0.262077 -0.0742543  -0.332503   -1.17345   -0.17976   0.869451  -0.269421   0.129046   0.523599   0.249294  -0.135913   0.173307   0.273544   -1.34168   0.667859   -0.62339  0.0540465  -0.133661   -0.28273  -0.588071   -1.38736   0.208584  -0.422356   0.251639
    1.6335  0.0172032    0.91065    3.24427    2.76707   -3.20277  -0.117871  -0.596641  0.0137264   0.712104  -0.494496   0.032282  -0.385536  -0.566683 -0.0864017   0.641672  -0.445744   0.261799   0.523599  0.0654508   0.197577   0.025018  -0.120047   -1.44351   0.953304  -0.991817  -0.284052    0.29757  -0.312399  -0.510077   -1.40128  0.0202701  -0.610388   0.194867
   1.32281  -0.171222   0.830531   0.704922   0.506857  -0.492552 -0.0952847   -1.16194   0.435238   0.543048 -0.0204751  -0.135461  -0.966372   -1.72108  -0.321558    1.10161 -0.0781724  0.0562917  -0.173261   0.384311  -0.379017   0.553359   0.313132   -1.23383   0.730766  -0.394947   0.109519   -0.67749 -0.0527484  -0.286616   -1.89373   0.620612   0.425717   0.233216
