   1.37916 -0.0452019   0.741769    2.77419    1.73201   -2.80766   0.199848   -1.59846   0.147274   0.806989  -0.627383  0.0335152  -0.362771   -1.46298  -0.411544   0.620283  -0.566775  0.0729728   0.238731  0.0357891   -0.89306   0.403775   0.511243  -0.411215   0.566071  -0.042367  -0.485923  -0.794039  -0.437168  -0.477672  -0.848047   0.157772   0.335566  0.0409536
   1.33272  -0.130926   0.757872    2.79833    1.70537   -2.74555   0.354723   -1.54353   0.301629   0.544917  -0.446863  -0.064129  -0.464733   -1.59407  -0.518464   0.678109  -0.533763  -0.067615  0.0780157  0.0100211   -1.05294   0.519073   0.458141  -0.362332   0.490339  0.0854408  -0.545803  -0.884814   -0.35987  -0.602191  -0.872638   0.312085   0.358009 -0.0738033
   1.10825  -0.254409    0.75906     2.8936    1.62939   -2.84998    1.11012    -1.4796    1.09043          0  0.0140647   -0.12502  -0.542783   -1.91986  -0.599302    0.49529  -0.146122  -0.238508  -0.320755 -0.0776251   -2.08974   0.500055  -0.294861   -1.42025   0.128766   0.528491  -0.229433   -1.48242  -0.469584  -0.843417  -0.533639   0.328259   0.484945  0.0196303
   1.10971  -0.254156   0.758734    2.89458    1.62535   -2.85121    1.11398   -1.48045    1.09582          0  0.0110313  -0.124146  -0.544703   -1.91986  -0.599225   0.492035  -0.146775   -0.23811  -0.325945 -0.0892175   -2.09417   0.496913   -0.29932     -1.429   0.125265   0.542529  -0.236492   -1.48328  -0.461974  -0.840854  -0.532202   0.319464   0.481044  0.0212084
  0.944554  -0.197151   0.761382    3.20361    1.73695   -3.17364     1.5639   -1.57972     1.5708          0    0.16608 -0.0204079  -0.559763   -1.80611  -0.589075    0.11861    0.24568  -0.161182  -0.121902  -0.273805   -2.55292   0.601639 -0.0138877  -0.540685   0.875188   0.238231   -1.42751   -2.42363  -0.306327  -0.587531  -0.276268   0.349097  -0.327357    0.32199
  0.944326  -0.194509   0.761578    3.19927    1.73743   -3.16996    1.56401   -1.58267     1.5708          0   0.166584 -0.0168135  -0.559743   -1.80084  -0.588639   0.111258   0.249074  -0.157589  -0.119708  -0.271059    -2.5472   0.600427 -0.0141846  -0.544105   0.874593   0.234102   -1.42296   -2.42466  -0.311745  -0.582031   -0.27288   0.352948  -0.327226   0.314028
   0.932623   -0.187201    0.772675     3.17477     1.83304     -3.1595     1.55555      -1.579     1.56258    0.131743    0.130543 -0.00608652   -0.581508    -1.79658   -0.624203    0.238533    0.210308   -0.150457  -0.0159436    0.184958     -2.8102    0.499206   0.0641069   -0.139098    0.849649     0.11102    -1.15887    -2.43624   -0.486754   -0.445943   -0.224719    0.513653   -0.267088    0.419883
  0.922254 -0.0798119   0.767273    2.96044    1.82178   -2.97415    1.58139   -1.69715     1.5708  0.0666075   0.182829   0.138802  -0.876061   -1.63782   -0.93339          0   0.287722 -0.0470866   0.144927   0.461406   -2.69937   0.455497  -0.168225  -0.131643   0.663989 -0.0613991   -0.44548   -2.76623  -0.639101  -0.117812  0.0066428   0.890116  -0.200131   0.105322
   0.951936  -0.0184455    0.746632     2.77877     2.08994    -2.64692     1.65806    -1.91986     1.57079    0.450519   0.0327844    0.196977    -1.41656    -1.34707     -1.5708 2.11774e-18    0.464319   0.0561034    0.396008    0.309843    -2.38044    0.505941   -0.154309   -0.166092    0.681962   -0.151333   -0.295666    -2.54625   -0.796628  -0.0526102  0.00835976    0.957517   -0.264783   -0.055445
  0.970096  -0.194214   0.754984    2.72989    2.10993    -2.5585    1.65806   -1.74109    1.42276    0.45569  0.0194095 -0.0569417   -1.26854   -1.53719    -1.5708          0    0.44315  -0.206419   0.186262 -0.0330244   -2.37025    0.70017  -0.390124  -0.463465   0.733979   0.133796  -0.435469   -2.06757  -0.553084  -0.620382  -0.337562   0.613432  -0.339907   0.254068
 0.976505 -0.225801   0.70377   2.98105   2.08316  -2.98245   1.65806  -1.45747   1.50674         0  0.501578  -0.15088  -1.36362  -1.76812  -1.56344 0.0446728  0.473087 -0.247505  0.014341 0.0835944  -2.48411  0.681947 -0.359949  -0.37443  0.691109  0.217487 -0.561666  -2.04986 -0.457825 -0.733082 -0.364193  0.572599 -0.315722  0.330415
  1.30554 -0.214701   0.69504   2.77914    2.6691  -2.52161   1.63071  -1.87344   1.09357   1.37921  -0.38632  -0.24643 -0.930829  -1.31238   -1.5015     1.623 -0.793925 -0.261799 -0.341924 -0.171962  -1.78332 0.0430856  0.172324  0.176395  0.516486 -0.283793  -1.15211 -0.623598 -0.433498  -1.28123  -0.26716  0.240773 -0.893794 -0.369545
   0.95691  -0.165717   0.706427    2.88488    2.13703   -2.91887    1.65806    -1.5195    1.48735          0   0.547269 -0.0654444   -1.11081   -1.69718   -1.32786   0.072212   0.513758  -0.149557   0.106883  -0.027308   -2.52496   0.587114   0.256561  -0.205886   0.212044   0.128502  -0.829864   -2.35385  -0.443898  -0.127115  -0.378336   0.911274   0.174227  -0.517662
   1.69737  -0.122351   0.722456    4.11214    2.49838   -4.12722  -0.362553   -0.82466   0.434554   0.548099   -0.76639   -0.10226  -0.841304   -1.50022  -0.002598       1.26  -0.872665   0.222301   0.523599    1.22301  -0.303673          0    1.80346 -0.0347186    1.78666      1.478   -1.97626  -0.175793          0   0.866043   -2.09133    1.59158      1.508   0.309106
   1.69012   -0.12415   0.738257    3.94109    2.57052   -3.82538  -0.380599  -0.683571   0.299687   0.669828   -0.80033  -0.121085   -1.01264   -1.64835  -0.253099    1.60015  -0.814442   0.160052   0.508651    1.04786  -0.376781          0    1.73839 -0.0257772    1.77632    1.43113   -2.04541 -0.0809866 -0.0439518   0.791255     -2.225    1.64746    1.46308   0.294477
   1.68942  -0.122544   0.738858    3.93981    2.57171   -3.82524  -0.381807  -0.684768   0.299423   0.671654   -0.80029    -0.1187   -1.01369   -1.64706   -0.25262    1.59721  -0.811991   0.162517   0.512976     1.0476  -0.377822          0    1.74573 -0.0209546    1.77058    1.42712   -2.04906 -0.0815543 -0.0455205   0.785762   -2.22899    1.63908    1.46186   0.299433
   1.32281  -0.171222   0.830531   0.704922   0.506857  -0.492552 -0.0952847   -1.16194   0.435238   0.543048 -0.0204751  -0.135461  -0.966372   -1.72108  -0.321558    1.10161 -0.0781724  0.0562917  -0.173261   0.384311  -0.379017   0.553359   0.313132   -1.23383   0.730766  -0.394947   0.109519   -0.67749 -0.0527484  -0.286616   -1.89373   0.620612   0.425717   0.233216
