   1.37916 -0.0452019   0.741769    2.77419    1.73201   -2.80766   0.199848   -1.59846   0.147274   0.806989  -0.627383  0.0335152  -0.362771   -1.46298  -0.411544   0.620283  -0.566775  0.0729728   0.238731  0.0357891   -0.89306   0.403775   0.511243  -0.411215   0.566071  -0.042367  -0.485923  -0.794039  -0.437168  -0.477672  -0.848047   0.157772   0.335566  0.0409536
   1.17812  0.0708492   0.750693    2.76225    1.63073   -2.83297   0.567994   -1.91986    0.58926   0.654911  -0.302843   0.261795   -0.81726   -1.43134  -0.834426   0.030089 -0.0666877   0.173546   0.492702   0.187418   -1.46828   0.581641   0.424773  0.0224215   0.604277  0.0550736  -0.360122   -1.54687  -0.601446  -0.240784  -0.564053   0.396768   0.721297   0.218729
    0.986414   -0.0959844     0.762964      36.8167      1.37854     -36.8619     -0.36358     -1.91986    -0.558505     0.321693     0.108224    -0.147808    -0.318547     -1.67428    -0.470353 -8.84709e-17     0.220732   -0.0112822     0.280014     0.657109     -2.41852     0.398494     -0.29319    0.0822096     0.428799    -0.629843     0.165734     -1.55946     -1.19385    -0.325766    -0.720803     0.249079     0.972551     0.190957
    0.986059   -0.0959763      0.76289      36.8161      1.37837     -36.8613    -0.363367     -1.91986    -0.558505     0.320836     0.109105    -0.147832    -0.322182     -1.67472    -0.474302 -8.93383e-17     0.220963   -0.0118707      0.28019     0.655903     -2.41824     0.399591    -0.293106    0.0797159     0.428831    -0.627814     0.164509     -1.56479     -1.19207    -0.323481    -0.716326     0.251748     0.970421     0.190637
  0.951365 -0.0889359   0.762614    36.8368    1.30021   -36.8964  -0.299157   -1.91986  -0.558451   0.323108   0.166387  -0.144386  -0.215423   -1.66076   -0.42077 0.00713754   0.261978 0.00373442   0.245131   0.213919   -2.55147   0.504074  -0.414811  0.0377253   0.315697  -0.440708 -0.0799273    -2.3057  -0.672149   0.171002  -0.820173  -0.200433   0.171323   0.423585
  0.950495 -0.0886193   0.762382    36.8292    1.29797   -36.8891    -0.2958   -1.91986   -0.55811   0.320493   0.169158  -0.144264  -0.217758   -1.66094  -0.426256  0.0064582   0.262726 0.00322275   0.248009   0.208933   -2.55223    0.50675   -0.41537  0.0323011   0.315471   -0.43527 -0.0840249   -2.31148  -0.669693   0.174977  -0.805285  -0.204424    0.16188   0.422872
    1.05843   -0.138812    0.782722     37.0746    0.936189     -37.059    0.254497    -1.87488   -0.201187     1.01663   -0.221695   -0.189916   -0.448748    -1.50359   -0.837182   0.0944069    0.356745  -0.0651668     0.39057 -0.00187048    -1.99093    0.691089   -0.409223    0.129141    0.298568   -0.747133    0.151555    -1.50188   -0.590547    -0.24484   -0.967323   -0.171731   -0.106333    0.397546
   1.05993  -0.136871   0.783437    37.0762   0.935144   -37.0628   0.255026    -1.8725  -0.198919    1.02069  -0.225696  -0.186702  -0.447771    -1.5022  -0.834538  0.0999054   0.352507  -0.062038   0.393813 0.00116074    -1.9855   0.689439  -0.406145   0.134439   0.302653  -0.754419   0.150861    -1.4952  -0.593495  -0.242529  -0.969441  -0.172879  -0.106886   0.395119
   1.14753 -0.0316429   0.826823    37.2518   0.834622   -37.2484  0.0031047   -1.56071  -0.369932   0.433563   0.206119  -0.126435  -0.570068   -1.34174  -0.829897   0.414851  0.0890502  0.0807127   0.484752 -0.0726641    -1.5897   0.654177  -0.245678   0.189441   0.532485   -1.00609  0.0787437   -1.30972  -0.721498  0.0588517   -0.65737  -0.327801  -0.425951   0.219044
   1.15087  -0.033216   0.828695    37.2541   0.830734   -37.2474   0.011408   -1.55166  -0.362587   0.431881   0.202237  -0.127425  -0.565582   -1.33815  -0.826756   0.423863  0.0802558   0.078854   0.483059 -0.0789149   -1.57974   0.655057  -0.245146   0.191792   0.533221   -1.01372  0.0820318   -1.29862   -0.71632  0.0547136  -0.656128  -0.330902  -0.435398   0.221666
   1.42658  -0.155274   0.887871    37.3749   0.637184   -37.1984   0.266643   -1.01571  -0.223819   0.418284  -0.172519  -0.253421   -0.30843   -1.14842  -0.664855   0.710637  -0.233961 -0.0546272   0.267684  -0.271471   -0.94153   0.546984  -0.200336      0.298   0.570017   -1.48816   0.203842  -0.546041  -0.280111  -0.242003  -0.750208  -0.359787  -0.989513   0.295614
   1.38717 -0.0690609   0.895063    37.4119   0.686242   -37.2456  0.0516939   -1.07782  -0.326562   0.455708  -0.145799  -0.155097  -0.412493   -1.06846  -0.661768    0.48321 -0.0765934  0.0561497   0.277329  -0.280591    -1.0541   0.478698  -0.172795   0.290413   0.602775   -1.44867  0.0822101  -0.591756   -0.45803  -0.206453  -0.746683  -0.355063  -0.901691   0.170242
   1.41957  -0.190266   0.874082    37.5388   0.682668   -37.4386   0.324936   -1.13715  0.0131411   0.379481   0.034536  -0.247746  -0.248985   -1.30295  -0.440453   0.837798  -0.226132 -0.0680059  0.0637974 -0.0901388  -0.921383   0.565145  -0.231738   0.186263   0.527805   -1.37274   0.174166  -0.555013  -0.254906  -0.298805  -0.696932  -0.373876   -1.01235   0.293128
   1.02782  0.0833047   0.638264    37.6368   0.954277   -37.6634    0.46602   -1.91986   0.612096   0.221638   0.698132   0.261799   -1.65806   -1.38264   -1.54843          0   0.624616   0.249805   0.304001   0.208263   -1.93241   0.486886 -0.0650113 -0.0769855   0.660315  -0.538238  -0.367582   -2.13812   -1.08898   0.994169  -0.618696  -0.745786 0.00934596   0.160304
  1.10777 -0.295125  0.725898   38.2165  0.654894  -38.0854   0.67971  -1.28524  0.906968  0.292898  0.381507 -0.261799  -1.12476  -1.84986 -0.936523  0.609975  0.411567 -0.261799 -0.523599  0.236989  -1.67265   0.86176 -0.259514 -0.756337   0.96038  0.153204 -0.531281  -1.36641 -0.615885 -0.119612 -0.327905 -0.631265 -0.625135  0.528959
   1.1077 -0.295812  0.725503   38.2209  0.654205  -38.0894  0.684341  -1.28556  0.915143  0.297191    0.3783 -0.261799  -1.12327  -1.85238 -0.931765  0.610677  0.412551 -0.261799 -0.523599  0.238246   -1.6685  0.867314 -0.254553 -0.761563  0.967617  0.155536 -0.534616   -1.3676 -0.611049  -0.12589 -0.332968 -0.626355 -0.621984  0.537317
   1.32281  -0.171222   0.830531   0.704922   0.506857  -0.492552 -0.0952847   -1.16194   0.435238   0.543048 -0.0204751  -0.135461  -0.966372   -1.72108  -0.321558    1.10161 -0.0781724  0.0562917  -0.173261   0.384311  -0.379017   0.553359   0.313132   -1.23383   0.730766  -0.394947   0.109519   -0.67749 -0.0527484  -0.286616   -1.89373   0.620612   0.425717   0.233216
