   1.37916 -0.0452019   0.741769    2.77419    1.73201   -2.80766   0.199848   -1.59846   0.147274   0.806989  -0.627383  0.0335152  -0.362771   -1.46298  -0.411544   0.620283  -0.566775  0.0729728   0.238731  0.0357891   -0.89306   0.403775   0.511243  -0.411215   0.566071  -0.042367  -0.485923  -0.794039  -0.437168  -0.477672  -0.848047   0.157772   0.335566  0.0409536
   1.24181 -0.0350296   0.772616    2.75878    1.65267   -2.78323   0.209833     -1.732   0.185693   0.570555  -0.335378  0.0530836  -0.605088   -1.52167  -0.632206   0.275912  -0.238858  0.0524507   0.310506  0.0898191   -1.24968   0.564943   0.522507  -0.222064   0.515031  0.0993968   -0.46379   -1.21712  -0.517544  -0.372205  -0.761531   0.333905    0.58814  0.0633196
   1.10826 -0.0571041    0.80508    2.77491     1.8206   -2.77957   0.294409   -1.69451   0.212048   0.441742 -0.0873938  0.0208371  -0.586643   -1.54287  -0.672811   0.282327 -0.0708286   0.011984   0.398515    0.64554   -1.46928   0.336099   0.188957  -0.984319   0.586392  -0.397472  -0.173208   -1.04096   -1.19366  -0.577028  -0.542509   0.243301   0.661608   0.124005
    1.1082 -0.0560963   0.804885    2.77328    1.81987   -2.77853   0.289579   -1.69714   0.207252    0.44481 -0.0885361  0.0214397  -0.585927   -1.54155  -0.671908   0.278927 -0.0692465  0.0134438   0.398391   0.644345   -1.46807     0.3333   0.193753  -0.993076   0.586123  -0.391393  -0.179741   -1.04232   -1.19354  -0.574869  -0.544455   0.240019   0.663327   0.126085
   1.09265 -0.0574265    0.82053    2.74308    2.08037   -2.76947   0.233973   -1.70891  0.0364681   0.825976  -0.216221  -0.016214  -0.441429   -1.51876  -0.626932   0.650816  -0.220995  0.0123408   0.247682   0.114255   -1.52434   0.503582   0.132179  -0.670888   0.287928  -0.432692  -0.266103   -1.27762  -0.831704  -0.235687   -1.16359  -0.111493 -0.0592072  0.0688108
   1.09214 -0.0572571   0.820782    2.74539    2.07875   -2.77167   0.237085   -1.70771  0.0418179   0.821207  -0.213713 -0.0149803  -0.440753   -1.51829  -0.624373   0.646193  -0.217877  0.0129742   0.244859    0.10862   -1.51869   0.508398   0.132149  -0.686946   0.296251  -0.422614  -0.275259   -1.28576  -0.826606  -0.231678   -1.15342 -0.0941772 -0.0656857  0.0519775
   1.05787  -0.101255   0.833116    2.83612    2.18383   -2.82679   0.283708   -1.62565  0.0719961   0.795126  -0.161526 -0.0685772   -0.37104    -1.5147  -0.566498   0.746243  -0.214409 -0.0374073    0.31059   0.363387   -1.66147   0.427352    0.16443  -0.807755   0.495568 -0.0552215  -0.317167    -1.2274   -0.99439  -0.303054  -0.963248  0.0858635  -0.126687  0.0245869
   1.05801  -0.101093   0.833186    2.83748    2.18322    -2.8284    0.28557   -1.62522  0.0752516   0.794565  -0.161628 -0.0677398  -0.370104   -1.51464  -0.564324   0.745449  -0.213948 -0.0368385   0.309989    0.36271   -1.65903   0.426968     0.1678  -0.813439     0.5041 -0.0520008  -0.328421   -1.22917  -0.992245  -0.303057   -0.96222  0.0932357  -0.127502  0.0191697
    1.0871  -0.117383    0.81598    2.84651    2.27993    -2.8317   0.312668   -1.66033  0.0614807     1.0774  -0.319053 -0.0969218  -0.500215   -1.46023  -0.702614   0.352998   0.233426 -0.0131659   0.320224   0.303741   -1.52082   0.468618   0.157518  -0.864372   0.570969 -0.0375104  -0.350357   -1.10323  -0.855166  -0.448871  -0.946342   0.139592  -0.192777  0.0511702
   1.08667  -0.116614   0.815669    2.84688      2.279   -2.83254   0.312591   -1.66254  0.0627191    1.07895  -0.319046 -0.0956475  -0.501029   -1.45996  -0.702291   0.350095   0.235456   -0.01206   0.321725   0.304698   -1.52096   0.468119   0.160708   -0.86616   0.575295 -0.0359859   -0.35573   -1.10607  -0.856345  -0.445822   -0.94669   0.143332  -0.190487  0.0482016
   1.28047  0.0535263   0.879381    3.06532    2.53518   -3.06966  -0.137523   -1.26633  -0.174238   0.893905  -0.231458  0.0411518  -0.423373  -0.979524  -0.320324   0.515857 -0.0996384   0.261799   0.523599   0.245954   -0.82473  0.0975894   0.388645   -1.08138   0.620991   -0.35264  -0.367583  -0.500844  -0.861556  -0.485575  -0.810133   0.127825  -0.473657 -0.0713898
   1.28184  0.0537877   0.880262    3.06581    2.53751   -3.06688  -0.141947    -1.2585  -0.179377   0.888908  -0.231693  0.0406165  -0.424241  -0.972641  -0.321866   0.514267  -0.101717   0.261799   0.523599   0.241657  -0.820988  0.0959609   0.387715   -1.08305   0.620822  -0.354967  -0.367085  -0.497722  -0.859956  -0.487183  -0.809967   0.127617  -0.476429 -0.0710358
  1.24855 0.0763316  0.847465   3.12642   2.58625  -2.99078 -0.523599  -1.26942 -0.540018   1.00696 -0.251597 0.0193156 -0.801075   -1.0971  -0.63978  0.595056 0.0761956  0.260439  0.523599  0.220202  -0.99288  0.122566  0.317147 -0.911304  0.719694 -0.358483 -0.377608 -0.316974 -0.997531 -0.560696   -1.0754  0.046875 -0.223777 -0.102418
    1.3488  -0.180583   0.854807    3.07221    2.57972   -2.91021   0.150317    -1.2095  -0.137423   0.939437  -0.328115  -0.261799  -0.542777   -1.34392  -0.692436    1.04701   -0.23961 -0.0909752   0.163046   0.278984   -0.72189   0.403908  -0.010268   -1.14251   0.613898  -0.289621  -0.159183   -0.32939  -0.282016  -0.937842   -1.10879  0.0585251  -0.630812   0.167585
    1.32834   -0.166228    0.878308     3.04541     2.76905    -2.87025    0.105801    -1.05331   -0.262443    0.966463   -0.338317   -0.261799   -0.363939    -1.14226   -0.542858     1.03266   -0.240671   -0.048563   -0.130355  -0.0263849   -0.799651    0.407899   0.0444846   -0.792338    0.471268   -0.266647   -0.408999   -0.413978    -0.16535    -0.82601    -1.27663 -0.00525938   -0.227134  -0.0327595
   1.54371  -0.162021   0.923096    3.02051    2.91555   -2.59378   0.247612  -0.344951  -0.452916   0.292725  -0.333127  -0.261799  -0.167849  -0.508528  -0.596013   0.827695  -0.537565 -0.0140423  -0.523599   0.108099   -1.07508          0 -0.0945469      0.298  0.0295076   -0.75626  -0.410935  -0.228682  -0.273352  -0.633159      0.292  -0.576252   -1.42006  -0.603506
   1.32281  -0.171222   0.830531   0.704922   0.506857  -0.492552 -0.0952847   -1.16194   0.435238   0.543048 -0.0204751  -0.135461  -0.966372   -1.72108  -0.321558    1.10161 -0.0781724  0.0562917  -0.173261   0.384311  -0.379017   0.553359   0.313132   -1.23383   0.730766  -0.394947   0.109519   -0.67749 -0.0527484  -0.286616   -1.89373   0.620612   0.425717   0.233216
