   1.37916 -0.0452019   0.741769    2.77419    1.73201   -2.80766   0.199848   -1.59846   0.147274   0.806989  -0.627383  0.0335152  -0.362771   -1.46298  -0.411544   0.620283  -0.566775  0.0729728   0.238731  0.0357891   -0.89306   0.403775   0.511243  -0.411215   0.566071  -0.042367  -0.485923  -0.794039  -0.437168  -0.477672  -0.848047   0.157772   0.335566  0.0409536
   1.25422 -0.0653593   0.774822    2.76789    1.65776   -2.76895   0.295593   -1.66136   0.266842   0.484309  -0.315927  0.0237126   -0.61745   -1.55699  -0.648551   0.366038  -0.296049 0.00815209   0.247932   0.062294   -1.22313   0.570967   0.508944  -0.257421    0.50127   0.113102  -0.486429   -1.15577  -0.486006  -0.417033  -0.792372   0.340294   0.548099  0.0141001
    1.1283 -0.0657493   0.800169    2.79718    1.76762   -2.79812   0.349688    -1.6691   0.289217   0.368413 -0.0889012  0.0232273  -0.544358   -1.54365   -0.60867   0.230519 -0.0675735  0.0105148    0.19935  -0.368379   -1.14361    1.06353   0.523386  -0.292753    0.23923   0.370436  -0.184534    -1.6666  -0.160372 -0.0725196    -1.3153   0.140444  0.0427558  0.0422637
   1.12884 -0.0649872   0.800339    2.79573    1.76926   -2.79697   0.345152   -1.67071   0.283948   0.374679 -0.0920087  0.0233631   -0.54465   -1.54256   -0.60962   0.233126 -0.0695929  0.0113457   0.201518  -0.371551   -1.13796    1.06746   0.520788  -0.288925   0.249118   0.366798  -0.185644   -1.66603  -0.158072 -0.0722149   -1.30916   0.140581  0.0371862  0.0411464
     1.19245    -0.106786      0.79414      2.75459      1.88288     -2.70168     0.398405     -1.68095     0.272007     0.689502    -0.301743   -0.0414462     -0.79226     -1.50901    -0.915545 -1.33227e-15     0.244177   -0.0213038     0.096071    -0.548569    -0.845097      1.11417     0.565641     -0.18309     0.413154     0.225561    -0.307542     -1.32654    -0.056839    -0.214408     -1.44798      0.10744    -0.103782   0.00514914
     1.19206    -0.103975     0.793883      2.75264      1.88439     -2.70173     0.392738     -1.68669     0.266097      0.70045    -0.305614   -0.0386796    -0.793784     -1.50692    -0.917243 -1.31145e-15     0.244369   -0.0176834     0.102566    -0.548452    -0.843107      1.11363     0.565312    -0.180637      0.41925      0.22295    -0.306261     -1.33101   -0.0599129     -0.20947     -1.43999     0.106636    -0.105235   0.00373429
   1.11441 -0.0745088   0.771747    2.66825    1.99641    -2.6817   0.114526   -1.91986  -0.104412    1.06627  -0.339645 -0.0629321  -0.727216    -1.5155  -0.909136          0    0.34532  0.0221803  0.0789052  -0.762115  -0.638483    1.35811   0.499094 -0.0642185   0.457242   0.299145  -0.143447   -1.61221  -0.208544  -0.228236   -1.52246  -0.102367    0.39698   -0.14705
   1.11417 -0.0763664   0.771591    2.66856     1.9966   -2.68271   0.101962   -1.91986  -0.119666    1.06623  -0.339678 -0.0678071  -0.718583   -1.51789  -0.900989          0   0.346766  0.0205779  0.0743957  -0.761555  -0.637793    1.35963   0.495321 -0.0656816   0.456225   0.301562  -0.142342   -1.60924  -0.208512  -0.232027   -1.52374   -0.10168   0.396744  -0.148378
    1.16097   -0.111534     0.74107      2.6538     2.11808    -2.67962   0.0208895    -1.91986   -0.319152     1.34188   -0.521362   -0.161462   -0.688584    -1.56835   -0.952718           0    0.483152   -0.037822   0.0122289   -0.764396   -0.459104     1.25917    0.492402 -0.00635457    0.508351    0.223116    -0.15528      -1.354   -0.192311   -0.309747     -1.6459   -0.114811    0.403741   -0.193872
     1.1606   -0.112457    0.740747     2.65526     2.11888    -2.68222   0.0116597    -1.91986   -0.330174     1.34282   -0.521829   -0.164467    -0.67785    -1.56963   -0.941673           0    0.485245  -0.0378567  0.00867931   -0.764467   -0.456309      1.2607     0.48965 -0.00643899    0.509703    0.224846   -0.154193    -1.35282   -0.192745   -0.311222     -1.6414   -0.115414    0.400348   -0.195808
   1.11705  -0.129835   0.775475    2.85892    2.40456    -2.8518   0.288356   -1.70157 -0.0194506    1.43112  -0.511264  -0.138488  -0.519879   -1.47451  -0.760321   0.308908   0.412363  -0.040753  0.0445885  -0.372731   -1.04826   0.922261    0.17259   -0.67075   0.348976  -0.356971  -0.236001   -1.36408  -0.367148  -0.360972  -0.985475   0.139594  0.0577145  -0.156636
     1.13289    -0.302517     0.762669      3.23132       2.2143     -3.02507     0.644038     -1.52897     0.541395      0.98202    -0.379062    -0.261799    -0.464338     -1.59917    -0.562749     0.137927      0.52461    -0.253888    -0.298445    -0.383313     -1.03834      1.28654   -0.0693039    -0.952789     0.506895    -0.179157     0.029539     -1.44864 -4.33681e-19    -0.470503     -1.47957     0.578699     0.345188    -0.164413
   1.42439  -0.208957   0.901527    2.94929    2.66011   -2.96716   0.452389  -0.873074  0.0686877   0.730545  -0.364323  -0.261799   0.103429   -1.02621   -0.12173   0.726173  -0.202845 -0.0420283  -0.523599   -0.16127  -0.331822     0.7721 -0.0464422  -0.931266   0.640596  -0.503423  -0.611689  -0.240941  -0.193205   -0.23649   -1.14626  -0.936104  -0.685914   0.112822
   1.42619  -0.208795   0.901778    2.94809    2.66168   -2.96692   0.453016  -0.868839  0.0679558   0.730199  -0.366865  -0.261799   0.105216   -1.02191  -0.121097   0.725993  -0.205578 -0.0417382  -0.523599  -0.157904  -0.330285   0.770021 -0.0484436  -0.933245   0.641028  -0.503802  -0.613675  -0.233486  -0.195117  -0.231226   -1.15016  -0.945638  -0.691371   0.115759
   1.33153  -0.173606    0.91156    3.07128    2.76811   -3.03936   0.271236  -0.882962 0.00702693   0.786624  -0.290184  -0.215757  -0.061478    -1.0113  -0.146388   0.721612 -0.0845514 0.00298228  -0.187796  0.0400209  -0.667137   0.504846  0.0398682   -0.91931   0.732207  -0.275432  -0.618912  -0.404173  -0.403221  -0.306489  -0.960392   -0.87619  -0.544099   0.408209
    1.40333   -0.175519    0.921177     3.03893      2.8632    -3.00266    0.282408    -0.68976  -0.0553802    0.784986   -0.401915   -0.228037  -0.0245877    -0.85424   -0.166919    0.820625   -0.250413 -0.00266553   -0.171517   0.0723302   -0.503112    0.436417   0.0144333   -0.983802    0.728664    -0.30452   -0.622983    -0.20851   -0.298917   -0.312916    -1.01288    -0.88236   -0.633259    0.379246
   1.32281  -0.171222   0.830531   0.704922   0.506857  -0.492552 -0.0952847   -1.16194   0.435238   0.543048 -0.0204751  -0.135461  -0.966372   -1.72108  -0.321558    1.10161 -0.0781724  0.0562917  -0.173261   0.384311  -0.379017   0.553359   0.313132   -1.23383   0.730766  -0.394947   0.109519   -0.67749 -0.0527484  -0.286616   -1.89373   0.620612   0.425717   0.233216
