   1.37916 -0.0452019   0.741769    2.77419    1.73201   -2.80766   0.199848   -1.59846   0.147274   0.806989  -0.627383  0.0335152  -0.362771   -1.46298  -0.411544   0.620283  -0.566775  0.0729728   0.238731  0.0357891   -0.89306   0.403775   0.511243  -0.411215   0.566071  -0.042367  -0.485923  -0.794039  -0.437168  -0.477672  -0.848047   0.157772   0.335566  0.0409536
   1.38354  -0.226977   0.720869    2.84309    1.74109   -2.67683    0.38754   -1.45258   0.307163    0.56012  -0.520677  -0.208194  -0.351899   -1.65143  -0.435257   0.964884  -0.739559  -0.206491  -0.144524 -0.0155985  -0.997845   0.505854   0.359849  -0.419125   0.441986   0.151429  -0.619933  -0.732953  -0.150425    -0.8583  -0.974878   0.330893   0.226143  -0.116922
   1.05601  -0.195931   0.777736    2.87744    1.75302   -2.84184   0.831409   -1.51211   0.770727          0   0.132028 -0.0818205 -0.0859282   -1.91986  -0.159317     0.6381  -0.118804 -0.0955405  0.0155297   0.415467   -1.87116    0.50116 -0.0628281  -0.986257   0.569423  -0.097633  -0.290305   -1.37228  -0.864919   -0.77577  -0.642461   0.468449   0.691957  0.0840646
   1.05576  -0.194569   0.777836    2.87703    1.75286   -2.84165   0.827682   -1.51353   0.767181          0   0.132734 -0.0804285 -0.0785534   -1.91986  -0.150936   0.637834  -0.118296 -0.0924235  0.0166688   0.415818   -1.87082   0.498263 -0.0596927  -0.987043   0.570867 -0.0971063  -0.295472   -1.37173  -0.868204  -0.771682  -0.641493   0.463793   0.692885  0.0847566
    1.0405  -0.128203    0.81716     2.7997    1.95677   -2.78586   0.574462   -1.56284   0.432629   0.285543  0.0678841  -0.043045   -0.39502   -1.61963  -0.545685   0.449693 -0.0470827 -0.0665928 0.00407501  -0.069135   -1.79081    0.65087  -0.105585  -0.754387    0.31928    -0.1747  -0.359306   -1.56588   -0.65144  -0.314765    -1.0042   0.161051   -0.13037  -0.117659
     1.04079    -0.128539     0.817085      2.80194      1.95675     -2.78739     0.575666     -1.56401     0.434581     0.288743    0.0659509   -0.0431656    -0.403898     -1.62076    -0.554384      0.45282    -0.049247   -0.0682416 -0.000345772   -0.0750873     -1.78856     0.652478    -0.105945    -0.761058     0.323165    -0.168882    -0.367678     -1.56551    -0.646309    -0.322052    -0.999716     0.176688    -0.135986    -0.131933
   1.08235  -0.159575    0.79851    2.81147    2.09512   -2.70267   0.553821    -1.7196   0.341636   0.801108  -0.189876   -0.11092  -0.676029   -1.48861  -0.886288  0.0611022    0.35816 -0.0954249  0.0142188   -0.16681   -1.55215   0.735894  -0.105604  -0.796506   0.394094  -0.216361  -0.299376   -1.37604   -0.49789  -0.515466   -1.01544   0.313972  -0.217573  -0.144159
   1.08121  -0.155927   0.798082    2.80884    2.09622   -2.70208   0.547172    -1.7274   0.335341   0.812168  -0.192386  -0.107266  -0.684617   -1.48661   -0.89475  0.0606145   0.358811 -0.0914501  0.0203819  -0.165702   -1.55203   0.730911   -0.09736  -0.796376   0.394132  -0.216558  -0.306376   -1.38068  -0.504486  -0.509331   -1.00772   0.318086  -0.218276  -0.151424
   1.04442   -0.12966   0.750853    3.08151    2.13186    -3.1636    1.00722   -1.52762   0.998678          0   0.537901  0.0432401  -0.794472   -1.70484  -0.848499   0.286668    0.36628 -0.0326899  -0.083024  0.0220716   -1.70985   0.697891  -0.112193  -0.546447   0.316445    -0.2669  -0.291732   -1.59463  -0.585698  -0.457367  -0.621193   0.353382  -0.329199  -0.153666
    1.08107   -0.159113    0.774277     3.08432     2.16654     -3.1374    0.989098    -1.51128    0.954185    0.136888    0.425174 -0.00641499   -0.771128    -1.71106   -0.850575    0.452823     0.23949  -0.0751513   -0.150666 -0.00935801    -1.58473    0.717187   -0.142586   -0.587687    0.315631   -0.297563     -0.2567    -1.42177    -0.52379   -0.582461   -0.698546    0.306814   -0.393634   -0.127429
   1.13955  -0.195436   0.771924    3.06735    2.24439   -2.97111   0.984412   -1.63886   0.892323   0.486813   0.219083 -0.0753284  -0.735845   -1.57098  -0.870543   0.219883    0.44231  -0.142736  -0.250999   -0.14305   -1.42017   0.706439  -0.188293  -0.586909   0.315274  -0.331273  -0.234063   -1.18238  -0.427832  -0.751715  -0.756518   0.245751  -0.480382  -0.118747
   1.44262  0.0207639   0.786432    3.82623     2.5165   -3.90026 -0.0430081   -1.42408   0.658349     1.0802  -0.564388   0.222328   -1.47621   -1.65468  -0.758461   0.827453  -0.136006   0.261799   0.523599 0.00279092  -0.517045   0.444049   0.236193   0.293786    1.13144   -1.40897    0.88989   -1.49706          0   -0.38363      0.292   0.515002  -0.636904   0.805876
   1.44479  0.0216323   0.805992    3.83412    2.51615    -3.8356   0.082879   -1.45224   0.746959   0.963279  -0.375059   0.162172   -1.41192   -1.57483  -0.689124   0.816564  -0.140656   0.261799   0.523599 -0.0748551   -0.51625   0.447747    0.24747   0.254139    1.14834   -1.41723   0.877264     -1.512          0   -0.39995      0.292   0.559393  -0.647566   0.807501
  1.41542 0.0191129  0.812911   3.60266   2.50532   -3.6131  0.185877  -1.46167  0.670415   1.06157 -0.345923  0.151019  -1.04035  -1.55021 -0.479308  0.947972 -0.167277  0.261799  0.523599 -0.165219 -0.590305  0.518237  0.205277     0.298    1.0662  -1.41992  0.752967  -1.38556 -0.061865 -0.323119 0.0649673  0.576051 -0.654334  0.536937
   1.34808 -0.0358725   0.817785     3.6718    2.65459   -3.57899  0.0602027   -1.36625   0.591753     1.0139  -0.247415  0.0646627  -0.980504    -1.6199  -0.327164    1.11019  -0.135253   0.228552   0.523599   0.197849  -0.690871   0.590611  0.0232534      0.298   0.736275   -1.12251    1.06146   -1.12492   -0.31249  -0.414774  -0.146843   0.443975  -0.502598   0.725346
  1.14647  -0.28165  0.744401   3.59397   2.44728  -3.44879  0.590722  -1.30891  0.760104  0.291372  0.356585 -0.257196 -0.531718  -1.91986 -0.317128  0.896781  0.264482 -0.149589 -0.115288   0.36825  -1.53175  0.931423 -0.460825 -0.115432  0.199905 -0.606902  0.875851  -1.30472 -0.352736 -0.835584 -0.519805  0.376224 -0.538302  0.610593
   1.32281  -0.171222   0.830531   0.704922   0.506857  -0.492552 -0.0952847   -1.16194   0.435238   0.543048 -0.0204751  -0.135461  -0.966372   -1.72108  -0.321558    1.10161 -0.0781724  0.0562917  -0.173261   0.384311  -0.379017   0.553359   0.313132   -1.23383   0.730766  -0.394947   0.109519   -0.67749 -0.0527484  -0.286616   -1.89373   0.620612   0.425717   0.233216
