   1.37916 -0.0452019   0.741769    2.77419    1.73201   -2.80766   0.199848   -1.59846   0.147274   0.806989  -0.627383  0.0335152  -0.362771   -1.46298  -0.411544   0.620283  -0.566775  0.0729728   0.238731  0.0357891   -0.89306   0.403775   0.511243  -0.411215   0.566071  -0.042367  -0.485923  -0.794039  -0.437168  -0.477672  -0.848047   0.157772   0.335566  0.0409536
    1.08243   -0.264275    0.751933     2.81341     1.57485     -2.7653     1.43251    -1.50158     1.43108           0 -0.00581023   -0.116697   -0.636444    -1.91986   -0.668784    0.329627  -0.0476052   -0.261799   -0.100827  -0.0450725    -1.80163     0.83864     0.19183   -0.291962    0.112389    0.609513   -0.381151    -1.61473   -0.375857   -0.386849   -0.600625    0.562394    0.687765    -0.32064
    1.039 -0.267162  0.764919   2.94007   1.73941  -2.88834   1.22911  -1.48345   1.17453 0.0475544 0.0824357 -0.136919 -0.527119  -1.91986 -0.633186  0.511459 -0.059375 -0.261799 -0.269001 -0.649225  -1.77507   1.33248   0.10384 -0.373531 -0.147315  0.780555 -0.402068  -1.86759         0 -0.600991  -1.06617  0.155704 -0.133945 0.0970775
   1.13147  -0.267427   0.773387     2.9551    1.82696   -2.86134    1.07818   -1.51032   0.993949   0.358222  -0.144909  -0.154996  -0.462904    -1.8496  -0.592395   0.782044  -0.299882  -0.261799  -0.389368  -0.642786   -1.43353    1.27416   0.144767  -0.124552  -0.123441    0.49148  -0.268064   -1.41214          0  -0.611203   -1.34892  0.0588553  -0.154006 -0.0120593
    1.20546   -0.291578    0.779192     2.75487     1.90849    -2.70512     1.08583    -1.41493    0.905662    0.495762   -0.284979     -0.2009   -0.414523    -1.83337   -0.626835    0.459565   0.0635267   -0.232752   -0.523599   -0.583162    -1.25396       1.187   0.0467323   -0.159805   -0.212768    0.486788   -0.131289    -1.08512 2.77556e-16   -0.712491    -1.45001   -0.197164   -0.247284 -0.00512603
    1.20691   -0.291991    0.779294      2.7445     1.91105    -2.69514     1.08563    -1.41303    0.900882    0.495724   -0.285838   -0.202335   -0.415238    -1.83311   -0.632349    0.464494   0.0584454   -0.234198   -0.523599   -0.583018    -1.24943     1.18581   0.0456445   -0.161824   -0.213745    0.487667   -0.129453    -1.07899 2.70617e-16   -0.713219    -1.44982   -0.205015   -0.250451 -0.00272226
   1.02983  -0.339972     0.7085    2.62322    1.83371   -2.37675    1.41148    -1.5731    1.22766   0.104301  0.0852762  -0.261799   0.313573   -1.91986   0.147824   0.022255   0.512396  -0.212645    -0.4416   -1.21152   -1.30225    1.76734   0.160078  -0.432974  0.0229016   0.918459  -0.495321   -1.87095 -0.0703531   -0.71547    -1.2036   0.126257   0.345005  -0.204521
   1.02883  -0.339262   0.708166    2.61497    1.83536   -2.36741    1.40714   -1.57448    1.22064  0.0993283  0.0901903  -0.261799   0.326517   -1.91986   0.159199  0.0192535   0.514355  -0.210045  -0.436421   -1.21372   -1.29462    1.77081   0.162886    -0.4331  0.0294496   0.919376  -0.493966   -1.87588 -0.0708504  -0.714699   -1.19759    0.12758   0.342839  -0.204543
     0.99223    -0.160146      0.77348      2.58144       2.1839      -2.4296      1.36085     -1.78422      1.02974     0.560028    0.0102801   -0.0489828    -0.928682     -1.47072     -1.31368 -9.02056e-17     0.427763    -0.144535     0.105417    -0.575622      -1.9816     0.946329    -0.317473    -0.421503    -0.198761    -0.214564     0.130183     -1.91061    -0.403519    -0.372988    -0.864342    0.0434579     0.162925    0.0632545
   1.1269 -0.268061  0.798298   2.40722   2.40685  -2.34566   1.33134  -1.57063  0.662176  0.770789 -0.224846 -0.255695  -0.39836  -1.57688  -1.07066  0.534736 0.0143161 -0.261799  -0.14433 -0.613279   -1.6278  0.838398 -0.349435  -0.31667 -0.259778 -0.281507 0.0192487  -1.12277   -0.3287 -0.737268  -1.18998 -0.136532 0.0389789 -0.179723
   1.08104   -0.23728   0.771418    2.59186    2.38808   -2.62252    1.30449     -1.443   0.750722   0.212794   0.382365  -0.258582  -0.625334    -1.6465    -1.1698   0.668817   0.048795  -0.236085 -0.0225536  -0.458384   -1.73207   0.937673  -0.147471  -0.127096  -0.320257  -0.447098  0.0649442   -1.46872  -0.300109  -0.634542  -0.946619  -0.616783   0.032566   0.645357
    1.4097 -0.0903816   0.765553     2.1738    2.67608   -2.01902    1.58606   -1.91986   0.641184     1.0239  -0.333316  -0.166696  -0.327536   -1.20909   -1.25893   0.995989  -0.687336 -0.0164714  -0.336074  -0.596893   -1.21165  0.0713868   0.354394   0.185388  -0.165021  -0.711475   -1.16612   0.030011  -0.373346  -0.630391  -0.503757  -0.565981  -0.969409   -1.04469
  1.21839 -0.217177  0.768002   2.51765   2.69016  -2.48894   1.65806  -1.72096  0.886063   1.01998 -0.121137 -0.261799 -0.461833  -1.41122  -1.20882   1.17523 -0.423813 -0.214082 -0.231453 -0.496255  -1.45593  0.140654  0.621212 -0.621173 -0.685266  0.136028 -0.636937  -1.04891 -0.658485 -0.328507 0.0614746 -0.288753 -0.738856 -0.630751
  1.22059 -0.217321  0.768219   2.51596   2.68662  -2.48484   1.65806  -1.72062  0.886389    1.0159 -0.122358 -0.261799 -0.464138  -1.41165  -1.21113   1.17345 -0.426636 -0.214403 -0.240711 -0.501691  -1.45023  0.133185  0.616979 -0.630354  -0.69565  0.142193 -0.632673  -1.04049 -0.655972 -0.330856 0.0612487 -0.290443 -0.743055 -0.640356
  1.24457 -0.214531  0.770771   2.50118   2.70901  -2.50819   1.65806  -1.70496  0.864231   1.10983 -0.195868 -0.261799 -0.543792  -1.43256  -1.30962  0.965166 -0.170367 -0.214898 -0.269601 -0.469855  -1.38679 0.0740078  0.603669 -0.692391 -0.746026  0.167389 -0.616064 -0.958428 -0.635401 -0.349479 0.0619451 -0.304468 -0.780442  -0.69979
   1.66271  -0.153727   0.755328     1.8079    2.56741   -1.76725    1.46976   -1.28313   0.477071   0.260322  -0.351334  -0.261799     0.3779     -1.398  -0.600456    0.56576  -0.543352 -0.0307521  -0.509887   -1.30159  -0.395223          0  -0.817715   -2.01978   -1.21409      1.478  -0.532499   0.130148          0   0.062037  -0.753735  -0.736647   -1.16228   -1.01851
   1.32281  -0.171222   0.830531   0.704922   0.506857  -0.492552 -0.0952847   -1.16194   0.435238   0.543048 -0.0204751  -0.135461  -0.966372   -1.72108  -0.321558    1.10161 -0.0781724  0.0562917  -0.173261   0.384311  -0.379017   0.553359   0.313132   -1.23383   0.730766  -0.394947   0.109519   -0.67749 -0.0527484  -0.286616   -1.89373   0.620612   0.425717   0.233216
