   1.37916 -0.0452019   0.741769    2.77419    1.73201   -2.80766   0.199848   -1.59846   0.147274   0.806989  -0.627383  0.0335152  -0.362771   -1.46298  -0.411544   0.620283  -0.566775  0.0729728   0.238731  0.0357891   -0.89306   0.403775   0.511243  -0.411215   0.566071  -0.042367  -0.485923  -0.794039  -0.437168  -0.477672  -0.848047   0.157772   0.335566  0.0409536
   1.26561 -0.0256919   0.768467    2.75588    1.67007   -2.79463   0.200872   -1.72942   0.171656   0.651406    -0.4017  0.0642878  -0.548826   -1.50596   -0.58032   0.329266  -0.290104  0.0728649   0.316575  0.0836697   -1.19017   0.533153    0.54104   -0.23445   0.535843  0.0592561  -0.482228   -1.15352  -0.519301  -0.385864  -0.753895   0.289678   0.541259  0.0789096
   1.13022 -0.0450816   0.805972    2.76978    1.84337   -2.78707   0.245217   -1.71392   0.155832   0.563504  -0.166799  0.0277671  -0.544272   -1.52529  -0.634465   0.342424  -0.123758  0.0327385   0.457946   0.661714   -1.37391   0.314523   0.213728  -0.999447   0.589266   -0.44188  -0.144975  -0.948863    -1.1902  -0.605602  -0.518534   0.248568   0.623625   0.111018
   1.13035 -0.0444431   0.805797    2.76818    1.84279   -2.78601   0.242483   -1.71554   0.152988    0.56551  -0.167783  0.0281819  -0.543864   -1.52472  -0.634064   0.340777  -0.123217   0.033645   0.456986    0.65999   -1.37198   0.312009   0.217771   -1.00976   0.589409   -0.43531   -0.15205  -0.949387   -1.18944  -0.603906  -0.520358   0.244748   0.624539   0.112473
   1.11131 -0.0425946   0.825886    2.81362    2.08622   -2.85762    0.20822   -1.66535  0.0537991   0.843949  -0.256641  0.0101366  -0.337169    -1.4728  -0.472565   0.627833  -0.221725  0.0549211   0.251902   0.150455   -1.44895   0.476346   0.168857  -0.679695   0.305905  -0.481229  -0.266224   -1.19564   -0.84651   -0.24616   -1.18994  -0.120719 -0.0696212  0.0642666
   1.11056 -0.0424556   0.826084    2.81463    2.08477   -2.85876   0.211268   -1.66502  0.0581971   0.839649  -0.253887  0.0111014  -0.335912   -1.47223  -0.470235   0.622366  -0.218072  0.0554727   0.248818   0.144453   -1.44415   0.480804   0.168577  -0.695737   0.313497  -0.470626  -0.276017   -1.20482  -0.841821  -0.241832   -1.17907  -0.103111 -0.0764417  0.0463725
   1.07545 -0.0770663   0.842691    2.88846    2.19542   -2.90302   0.205539   -1.57229  0.0368637   0.803847  -0.197995 -0.0380293  -0.259669   -1.44676  -0.397973   0.695052  -0.204318   0.020201   0.341983     0.4132   -1.56029   0.396704   0.203798  -0.826026   0.507568  -0.110321  -0.296184   -1.12893   -1.02838  -0.311018  -0.960679  0.0789594  -0.149117 0.00456645
   1.07575 -0.0765009   0.842839    2.88921     2.1952   -2.90428   0.204343   -1.57149  0.0365799   0.803411  -0.198348 -0.0372577   -0.25833   -1.44539  -0.395573   0.693022   -0.20366  0.0213199   0.342166   0.412532   -1.55714   0.395714   0.207111   -0.83203   0.515257  -0.107577  -0.306549   -1.13023   -1.02684  -0.310814  -0.959173  0.0865166  -0.150404 -0.0017137
    1.07163  -0.0614311    0.863939     2.92981     2.33175    -2.96325     0.13451    -1.44521  -0.0296426    0.848347    -0.22791  -0.0270826   -0.140372    -1.29333    -0.25335     0.67775   -0.198618   0.0615359    0.210747   0.0747775    -1.49334    0.515898    0.241893   -0.718072    0.443639   -0.141072   -0.485878    -1.34663   -0.766583   -0.207441    -1.05342  0.00702174    0.142464 -0.00231598
      1.0718    -0.061554     0.864347      2.93035      2.33209     -2.96303     0.132503     -1.44243   -0.0316776     0.844723     -0.22675   -0.0275388     -0.14032     -1.29097    -0.253227     0.674917    -0.197755    0.0613803     0.211386    0.0726552     -1.48932     0.518262     0.242909    -0.722484     0.447067    -0.139602    -0.487164     -1.34863    -0.762826    -0.207154     -1.04932    0.0080625     0.139374 -8.76161e-05
  1.07445 -0.169849  0.826853   2.90159   2.30021   -2.7902 0.0749751  -1.54003 -0.218274  0.868607 -0.222575 -0.208441 -0.605294  -1.44856 -0.834664  0.373097  0.223951 -0.100907 -0.186945 -0.266485  -1.72419  0.545832  -0.13732 -0.661537  -0.59807  0.125833  0.377812  -1.29074 -0.512134 -0.732744   -1.0975  -1.01278  0.140114   1.05351
   1.08087  -0.225251    0.83246     2.9246    2.31858   -2.76162     0.2087   -1.43152  -0.111093   0.705667  -0.160467  -0.261799  -0.585721   -1.46319  -0.853718   0.430018   0.185308  -0.177203  -0.219475  -0.285028   -1.79096   0.621332  -0.221887  -0.466706  -0.530991 -0.0105324   0.419166   -1.29434  -0.438427  -0.722218   -1.07125  -0.988349  0.0527651    1.09049
   1.36783  -0.194636   0.931132    2.99896    2.81553   -2.89529    0.29899  -0.692724  -0.132804   0.513629  -0.210166  -0.261799  0.0182639  -0.672685   -0.23967   0.678115  -0.353787 -0.0330566 -0.0666563 -0.0625854  -0.600283   0.364379   0.402404  -0.836838  -0.245335  -0.367269   0.131645  -0.384832  -0.328334  -0.243357  -0.911897  -0.884505  -0.637269   0.478829
   1.37049  -0.194849   0.931613    2.99888    2.81927   -2.89657   0.300797  -0.685078  -0.132137   0.514664  -0.215047  -0.261799  0.0221187  -0.661808  -0.236812   0.672453   -0.35551 -0.0327458 -0.0665681 -0.0601357  -0.593634   0.362083   0.401591  -0.838375  -0.242704  -0.369044   0.130224  -0.378839  -0.325177  -0.241866  -0.911695  -0.885131  -0.641506   0.477526
   1.40413  -0.194181   0.936162    2.99317    2.87134   -2.89569   0.315615  -0.595282  -0.145344      0.535  -0.278478  -0.261799 0.00272012  -0.739655  -0.262198   0.641575  -0.194462 -0.0366092 -0.0551283 -0.0434189  -0.519132   0.323668   0.401332    -0.8427  -0.229645  -0.398985   0.119314  -0.299517  -0.285034  -0.229886   -0.91334  -0.886878  -0.686654    0.46243
     1.405  -0.194144   0.936361    2.99211    2.87237   -2.89543   0.317029  -0.592772  -0.145421   0.534098  -0.279386  -0.261799 0.00475955  -0.736184  -0.261573   0.639191  -0.194855 -0.0364442 -0.0543004 -0.0427585    -0.5171   0.322675   0.400518   -0.84399   -0.22858  -0.399111   0.118449  -0.296905  -0.284183  -0.229528   -0.91446  -0.887664  -0.687912   0.462307
   1.32281  -0.171222   0.830531   0.704922   0.506857  -0.492552 -0.0952847   -1.16194   0.435238   0.543048 -0.0204751  -0.135461  -0.966372   -1.72108  -0.321558    1.10161 -0.0781724  0.0562917  -0.173261   0.384311  -0.379017   0.553359   0.313132   -1.23383   0.730766  -0.394947   0.109519   -0.67749 -0.0527484  -0.286616   -1.89373   0.620612   0.425717   0.233216
