4
0
    1.69999    0.100002 1.24677e-06
-0.000160989     0.000419       200.51            0            0            0
-0 -0  1
1
    1.69999   -0.299999 6.65117e-07
0.000385238 0.000420769     199.293           0           0           0
0 0 1
4
   0.999994   0.0500011 3.16951e-06
-0.000326995 -0.000416126      115.701       3.0413     -9.25605            0
-0 -0  1
5
   0.999994   -0.249999 2.46368e-06
 0.000125045 -0.000423143      114.794      3.04137     -9.18352            0
-0 -0  1
3
1
    1.69999   -0.300011 1.10376e-05
0.00644605  0.0121832    321.463          0          0          0
0 0 1
4
    1.00001    0.050022 3.64715e-05
-0.0106793   -0.01382    255.068    20.4054   -20.4055          0
-0 -0  1
5
   0.999995   -0.249992 1.72743e-05
0.00436922 0.00219785    53.7673    4.30136   -4.30141          0
-0 -0  1
4
1
    1.69999   -0.300002 1.17063e-05
 16.9033 -5.07848  199.509        0        0        0
0 0 1
4
    1.00001   0.0500219 3.67599e-05
 23.1195  7.35264  200.351 -3.93127  3.16848        0
-0 -0  1
5
   0.999994   -0.249993 1.82102e-05
 17.7914  7.35281   201.53 -3.93127  3.16848        0
-0 -0  1
0
 2.09999 0.100014 0.650006
-57.8143  -9.6268  28.9071        0        0        0
        -1    1.2e-05 7.4951e-05
3
4
    1.00001   0.0500218 3.70052e-05
 96.2449   7.7604  236.486 -18.9187 -18.9189        0
-0 -0  1
5
   0.999994   -0.249994 1.89557e-05
 35.0245  7.75851  328.177 -26.2541 -26.2543        0
-0 -0  1
0
 2.09999 0.100025 0.650011
-131.269 -15.5188  65.6347        0        0        0
        -1    1.2e-05 7.4951e-05
4
4
    1.00001   0.0500391 4.30165e-05
  70.0728 -0.085206   279.879  -2.09858  -14.3344         0
-0 -0  1
5
   0.999992   -0.249995 2.13316e-05
   69.7476 -0.0852356    280.509   -2.09858   -14.3344          0
-0 -0  1
0
  2.09998 0.0999605  0.650033
 -69.5689 0.0852959   34.7844         0         0         0
        -1    1.2e-05 7.4951e-05
1
     2.1 -0.29995  0.65001
-70.2516 0.085227  35.1258        0        0        0
          -1 -4.44986e-05   8.9258e-05
3
4
    1.00001   0.0500546 4.83036e-05
 180.995 -46.8177    539.8 -43.1856  20.6764        0
-0 -0  1
0
  2.09997 0.0999039   0.65005
-29.6211  14.8106  14.8106        0        0        0
        -1    1.2e-05 7.4951e-05
1
  2.09999 -0.299907  0.650019
-151.374  32.0071  75.6869        0        0        0
          -1 -4.44986e-05   8.9258e-05
4
4
          1   0.0500443 4.91879e-05
 63.1144  1.74959  283.567 -3.59458  1.50243        0
-0 -0  1
0
 2.09996 0.099899 0.650048
-61.2314 -1.15396  30.6157        0        0        0
        -1    1.2e-05 7.4951e-05
1
      2.1 -0.299906  0.650024
-63.3299 -1.15421   31.665        0        0        0
          -1 -4.44986e-05   8.9258e-05
5
       1.25   -0.299998 7.48957e-06
 61.4468 0.558516   284.45 -3.59458  1.50243        0
-0 -0  1
3
0
  2.09996 0.0998944  0.650046
-213.937 -100.662 -31.2535        0        0        0
        -1    1.2e-05 7.4951e-05
1
      2.1 -0.299904  0.650028
-1.24256e-12   3.7903e-13 -6.21281e-13            0            0            0
          -1 -4.44986e-05   8.9258e-05
5
    1.24999   -0.299996 1.32773e-05
213.936 100.665 661.551 52.9232  52.925       0
-0 -0  1
4
0
  2.09994 0.0999032  0.650019
-51.7123 0.543244  25.8562        0        0        0
        -1    1.2e-05 7.4951e-05
1
  2.09998 -0.299907      0.65
-54.4514 0.542894  27.2257        0        0        0
          -1 -4.44986e-05   8.9258e-05
5
       1.25   -0.300006 2.58155e-05
  52.1472 -0.542847   290.158  -7.78133   23.1325         0
-0 -0  1
4
   1.25003   0.100035 2.4376e-05
 54.0165 -0.54299  287.058 -7.78132   22.964        0
0 0 1
3
1
  2.09997 -0.299904  0.650006
-74.9366   9.2868  37.4683        0        0        0
          -1 -4.44986e-05   8.9258e-05
5
    1.24999   -0.299997 4.04611e-05
 55.1875 -4.64326  277.649  22.2117 -12.0076        0
-0 -0  1
4
    1.25002    0.100048 6.29367e-05
 19.7482 -4.64303   315.18  25.2146 -12.0101        0
0 0 1
4
1
  2.09994 -0.299957  0.650001
 -56.077 0.384493  28.0385        0        0        0
          -1 -4.44986e-05   8.9258e-05
5
    1.24998   -0.299989 5.25777e-05
  54.9296 -0.270209   287.648  0.915514    17.488         0
-0 -0  1
4
    1.25001    0.100037 8.03627e-05
  54.3419 -0.270197   288.014  0.915514    17.488         0
0 0 1
0
  2.09999 0.0999941  0.900046
-53.1953 0.155638  26.5977        0        0        0
         -1 1.19998e-05 0.000112424
3
1
 2.09992     -0.3 0.649997
-298.645  140.566 -50.1281        0        0        0
          -1 -4.44986e-05   8.9258e-05
4
       1.25    0.100029 9.46606e-05
 298.644 -140.569  680.426 -54.4299  54.4391        0
0 0 1
0
  2.09998 0.0999862  0.900085
-4.44977e-13 -2.22489e-13 -2.22489e-13            0            0            0
         -1 1.19998e-05 0.000112424
4
1
  2.09992 -0.300005  0.649999
-52.7756 0.493225  26.3878        0        0        0
          -1 -4.44986e-05   8.9258e-05
4
    1.24999    0.100029 0.000100114
  49.6112 -0.862133   291.909  -3.68671   23.3528         0
0 0 1
0
 2.09997 0.099989 0.900097
-45.9545  1.41512  22.9772        0        0        0
         -1 1.19998e-05 0.000112424
5
       1.4  -0.299997 1.7461e-06
 49.1187 -1.04613  289.024 -3.68572  23.1217        0
-0 -0  1
3
1
  2.09991 -0.300047  0.650014
-32.3551 -4.80716  16.1776        0        0        0
          -1 -4.44986e-05   8.9258e-05
0
  2.09997 0.0999746  0.900135
-67.3613 -33.6806  33.6806        0        0        0
         -1 1.19998e-05 0.000112424
5
        1.4   -0.299985 3.04877e-05
99.7163 38.4875 580.441 46.4289  46.442       0
-0 -0  1
4
1
   2.0999 -0.300067  0.650034
-60.9459 0.039991   30.473        0        0        0
          -1 -4.44986e-05   8.9258e-05
0
  2.09998 0.0999765  0.900198
-52.5523  3.56383  26.2761        0        0        0
         -1 1.19998e-05 0.000112424
5
        1.4   -0.299957 5.64841e-05
 54.6589 -1.80161  289.592 -14.0892  13.9579        0
-0 -0  1
4
        1.4    0.100002 2.98717e-05
 58.8393 -1.80194  283.957 -14.0892  13.9579        0
0 0 1
3
0
  2.09997 0.0999897  0.900201
-90.7553 -19.4031  45.3777        0        0        0
         -1 1.19998e-05 0.000112424
5
        1.4   -0.299973 7.40193e-05
 33.9554   9.7014  294.876 -12.0815 -20.1758        0
-0 -0  1
4
        1.4   0.0999779 3.79883e-05
 56.7999  9.70132  290.044 -12.0815 -20.1758        0
0 0 1
4
0
      2.1 0.0999959  0.899998
-34.7539  2.61938  17.3769        0        0        0
         -1 1.19998e-05 0.000112424
1
      2.1 -0.300012  0.899995
-44.8447  2.61929  22.4223        0        0        0
          -1 -4.45486e-05  6.37313e-05
4
        1.4   0.0999973 1.58461e-06
 43.9206 -2.61948  290.908 -21.8497  23.2728        0
0 0 1
5
        1.4   -0.299999 4.53815e-06
 35.6776 -2.61948  299.592 -21.8496  23.9673        0
-0 -0  1
