4
0
    1.69999    0.100002 1.24677e-06
-0.000160989     0.000419       200.51            0            0            0
-0 -0  1
1
    1.69999   -0.299999 6.65117e-07
0.000385238 0.000420769     199.293           0           0           0
0 0 1
4
   0.999994   0.0500011 3.16951e-06
-0.000326995 -0.000416126      115.701       3.0413     -9.25605            0
-0 -0  1
5
   0.999994   -0.249999 2.46368e-06
 0.000125045 -0.000423143      114.794      3.04137     -9.18352            0
-0 -0  1
3
0
   1.69999   0.100007 8.4481e-06
-0.00112529   0.0130438     316.243           0           0           0
-0 -0  1
4
   0.999998   0.0500018 1.88849e-05
-0.00566151 -0.00674367       13.77     -1.1016     -1.1016           0
-0 -0  1
5
   0.999998   -0.249998 1.92419e-05
 0.00686165 -0.00665764     300.285    -24.0228    -24.0228           0
-0 -0  1
4
0
        1.7    0.100025 1.45527e-05
18.4978 1.03204 197.138       0       0       0
-0 -0  1
4
   0.999999   0.0500087 2.30449e-05
 19.0788 -7.09909  199.817 -11.5204  3.00401        0
-0 -0  1
5
   0.999998   -0.249999 2.08909e-05
 22.5637 -7.09913  203.273 -11.5204  3.00401        0
-0 -0  1
1
  2.09999 -0.299999  0.649997
-60.1402  13.1664  30.0701        0        0        0
          -1 -4.44986e-05   8.9258e-05
3
0
    1.70001    0.100042 1.97058e-05
 61.8379 -32.0683  123.676        0        0        0
-0 -0  1
4
          1   0.0500152 2.68807e-05
 65.8738 -31.7875  442.766 -35.4219  35.4208        0
-0 -0  1
1
  2.09999 -0.299997  0.649995
-127.712  63.8558  63.8558        0        0        0
          -1 -4.44986e-05   8.9258e-05
4
0
    1.70001    0.100057 2.58671e-05
 17.3144 0.484125  196.058        0        0        0
-0 -0  1
4
   1.00001  0.0500402 4.4553e-05
  17.937  -8.2277  201.636 -11.3828  7.15473        0
-0 -0  1
1
 2.09998 -0.30001 0.649997
-57.545 12.8606 28.7725       0       0       0
          -1 -4.44986e-05   8.9258e-05
5
       1.25   -0.300001 6.28592e-06
 22.2933 -5.11676  203.832 -11.3828  7.15473        0
-0 -0  1
3
0
        1.7    0.100071 3.13055e-05
 0.000339353 -0.000184421      218.204            0            0            0
-0 -0  1
4
    1.00001   0.0500669 6.10696e-05
-0.00192709  0.00172979      183.44    -14.6747    -14.6756           0
-0 -0  1
5
    1.25001   -0.300003 1.22629e-05
 0.00124388 -0.00130416     228.654    -18.2924    -18.2923           0
-0 -0  1
4
0
    1.69999    0.100071 2.78959e-05
 12.2488 0.966363  192.008        0        0        0
-0 -0  1
4
   0.999997   0.0500662 7.23173e-05
 12.7549 -6.10153  211.372 -4.11822  16.9096        0
-0 -0  1
5
    1.25002   -0.300009 1.98011e-05
 16.2882 -3.57706  206.272 -4.11899  16.5017        0
-0 -0  1
1
      2.1 -0.300002  0.899998
-41.2921  8.71215  20.6461        0        0        0
          -1 -4.45486e-05  6.37313e-05
3
0
    1.69999    0.100072 2.49152e-05
47.7974 -23.897 154.107       0       0       0
-0 -0  1
4
  0.999981  0.0500653 8.2218e-05
 47.8217 -23.9128   428.38 -34.2738  34.2685        0
-0 -0  1
1
  2.09999 -0.300004  0.899996
-95.6193  47.8097  47.8097        0        0        0
          -1 -4.45486e-05  6.37313e-05
4
0
    1.69998     0.10007 2.25022e-05
  11.1799 -0.669362   190.734         0         0         0
-0 -0  1
4
   0.999973   0.0500635 8.83798e-05
 11.5416 -5.69847  215.904 -7.76286  17.2717        0
-0 -0  1
1
 2.09999 -0.30001 0.899995
-36.7752  9.19249  18.3876        0        0        0
          -1 -4.45486e-05  6.37313e-05
5
    1.40001   -0.300001 5.90655e-06
 14.0538 -2.82471  205.272 -7.76414  16.4215        0
-0 -0  1
3
4
   0.999966   0.0500618 9.40082e-05
  34.3656  -11.9425   297.776   16.5269 -0.624285         0
-0 -0  1
1
  2.09998 -0.300015  0.899995
-80.5624  10.3626  40.2812        0        0        0
          -1 -4.45486e-05  6.37313e-05
5
    1.40003   -0.300002 1.13072e-05
  46.1969   1.57984    292.24   16.5269 -0.624285         0
-0 -0  1
4
4
    0.99996   0.0500465 0.000101201
 53.676  2.1626 292.756 1.30864 19.9632       0
-0 -0  1
1
  2.09996 -0.299995  0.899977
-51.5365 -1.81691  25.7682        0        0        0
          -1 -4.45486e-05  6.37313e-05
5
    1.40002   -0.300005 1.84056e-05
52.7827  1.1437 284.312 1.30864 19.9632       0
-0 -0  1
0
      2.1 0.0999872  0.650012
-54.9225 -1.48989  27.4613        0        0        0
        -1    1.2e-05 7.4951e-05
3
1
  2.09996 -0.299994  0.899969
-6.83675 -3.41837 -3.41837        0        0        0
          -1 -4.45486e-05  6.37313e-05
5
    1.40001   -0.300016 1.91615e-05
54.6236  27.314 653.366   52.27  52.269       0
-0 -0  1
0
  2.09998 0.0999998   0.64999
-47.7877 -23.8938 -19.6509        0        0        0
        -1    1.2e-05 7.4951e-05
4
1
  2.09995 -0.300005  0.899964
 -56.7456 -0.746471   28.3728         0         0         0
          -1 -4.45486e-05  6.37313e-05
5
    1.40001   -0.300014 2.30024e-05
 58.4343 0.539771  284.794  2.40905  10.4252        0
-0 -0  1
0
  2.09998 0.0999972   0.64999
 -59.6189 -0.144231   29.8095         0         0         0
        -1    1.2e-05 7.4951e-05
4
       1.25   0.0999966 2.85229e-06
 57.9302 0.350839  287.321  2.40905  10.4252        0
0 0 1
3
1
  2.09995 -0.300013  0.899959
-81.6816  15.6226  40.8408        0        0        0
          -1 -4.45486e-05  6.37313e-05
5
    1.40001   -0.300012 2.61265e-05
 50.1119 -4.33459  292.316  13.8768   -4.845        0
-0 -0  1
4
       1.25    0.099994 5.18086e-06
 31.5697 -11.2881   297.14  13.8768   -4.845        0
0 0 1
4
1
  2.09994 -0.300029  0.899962
-50.3981 0.565325   25.199        0        0        0
          -1 -4.45486e-05  6.37313e-05
5
       1.4  -0.300017 3.3189e-05
  48.3354 -0.908502    289.57  -5.19495   23.1658         0
-0 -0  1
4
    1.24999   0.0999784 8.92049e-06
  50.1642 -0.222515   291.478  -5.19502   23.3185         0
0 0 1
0
      2.1 0.0999938  0.899996
-48.1019 0.565248  24.0509        0        0        0
         -1 1.19998e-05 0.000112424
3
1
  2.09994 -0.300049  0.899972
-24.3803 -12.1901 -12.1901        0        0        0
          -1 -4.45486e-05  6.37313e-05
5
        1.4   -0.300032 5.62513e-05
194.882 97.4433 719.406 57.5536 57.5544       0
-0 -0  1
0
 2.09999      0.1 0.899987
-170.503 -85.2513 -76.9186        0        0        0
         -1 1.19998e-05 0.000112424
4
0
      2.1 0.0999959  0.899998
-34.7539  2.61948   17.377        0        0        0
         -1 1.19998e-05 0.000112424
1
      2.1 -0.300012  0.899995
-44.8446  2.61939  22.4223        0        0        0
          -1 -4.45486e-05  6.37313e-05
4
        1.4   0.0999973 1.58461e-06
 43.9204  -2.6197  290.907 -21.8498  23.2728        0
0 0 1
5
        1.4   -0.299999 4.53815e-06
 35.6776 -2.61971  299.592 -21.8497  23.9673        0
-0 -0  1
