4
0
    1.69999    0.100002 1.24677e-06
-0.000160989     0.000419       200.51            0            0            0
-0 -0  1
1
    1.69999   -0.299999 6.65117e-07
0.000385238 0.000420769     199.293           0           0           0
0 0 1
4
   0.999994   0.0500011 3.16951e-06
-0.000326995 -0.000416126      115.701       3.0413     -9.25605            0
-0 -0  1
5
   0.999994   -0.249999 2.46368e-06
 0.000125045 -0.000423143      114.794      3.04137     -9.18352            0
-0 -0  1
3
1
    1.69999    -0.30003 1.28112e-05
0.00565799  0.0197384    306.371          0          0          0
0 0 1
4
   0.999998    0.050008 1.05469e-05
-0.00628359 -0.00743326      287.82     23.0256    -23.0255           0
-0 -0  1
5
   0.999997   -0.249998 1.83904e-05
0.000671718   -0.012353     36.1078     2.88863    -2.88863           0
-0 -0  1
4
1
    1.69999   -0.300028 1.44633e-05
 17.4571 -1.64325  196.156        0        0        0
0 0 1
4
          1    0.050019 1.23798e-05
21.6995 6.84025 204.046 8.53222 7.00473       0
-0 -0  1
5
   0.999996   -0.249997 2.03724e-05
18.0635 6.84023 201.486 8.53222 7.00473       0
-0 -0  1
0
 2.09999 0.100018  0.65001
-57.2201  -12.037    28.61        0        0        0
        -1    1.2e-05 7.4951e-05
3
4
          1   0.0500292 1.40067e-05
 66.6604  10.3161  282.216   -16.36 -22.5774        0
-0 -0  1
5
   0.999996   -0.249996 2.21489e-05
 55.3181  10.3166  287.092 -16.3595 -22.9675        0
-0 -0  1
0
 2.09999 0.100031 0.650019
-121.979 -20.6325  60.9893        0        0        0
        -1    1.2e-05 7.4951e-05
4
4
          1    0.050033 1.75992e-05
 69.7905 0.152444  280.674  3.78266 -14.6967        0
-0 -0  1
5
   0.999994   -0.249995 2.60818e-05
 70.3779   0.1524  279.539  3.78266 -14.6967        0
-0 -0  1
0
  2.09997 0.0999954  0.650037
 -70.7001 -0.152387     35.35         0         0         0
        -1    1.2e-05 7.4951e-05
1
      2.1 -0.299945  0.650023
 -69.4684 -0.152267   34.7342         0         0         0
          -1 -4.44986e-05   8.9258e-05
3
4
   0.999997   0.0500367 2.06458e-05
 57.4348 -10.7055  286.028  17.0513 -22.8817        0
-0 -0  1
5
   0.999992   -0.249994 2.92598e-05
 69.2175 -10.7056  280.944  17.0524 -22.4753        0
-0 -0  1
1
  2.10001 -0.299897  0.650043
-126.652  21.4112  63.3262        0        0        0
          -1 -4.44986e-05   8.9258e-05
4
4
   0.999996   0.0500374 2.11791e-05
   65.673 -0.251169   281.603  -6.94726  -3.73132         0
-0 -0  1
5
   0.999991   -0.249994 2.96918e-05
  64.3415 -0.251088   283.687  -6.94726  -3.73132         0
-0 -0  1
1
  2.10001 -0.299893  0.650043
 -65.8997 -0.617122   32.9499         0         0         0
          -1 -4.44986e-05   8.9258e-05
0
     2.1      0.1 0.900001
-64.1148  1.11945  32.0574        0        0        0
         -1 1.19998e-05 0.000112424
3
4
   0.999995   0.0500381 2.16106e-05
 183.154 -54.1119  538.721 -43.1005  43.0962        0
-0 -0  1
1
 2.10001 -0.29989 0.650044
-171.733  48.4013  85.8663        0        0        0
          -1 -4.44986e-05   8.9258e-05
0
  2.09999 0.0999994  0.900002
-11.4211  5.71054  5.71054        0        0        0
         -1 1.19998e-05 0.000112424
4
4
   0.999994   0.0500364 2.25127e-05
58.2284 1.40382 287.009 -5.3504 11.3095       0
-0 -0  1
1
  2.10001 -0.299899  0.650043
-59.7015 -1.36291  29.8508        0        0        0
          -1 -4.44986e-05   8.9258e-05
0
  2.09999 0.0999978  0.900003
  -54.7681 -0.0254533     27.384          0          0          0
         -1 1.19998e-05 0.000112424
5
       1.25   -0.299999 1.78813e-06
   56.2411 -0.0155311    286.054    -5.3504    11.3095          0
-0 -0  1
3
1
      2.1 -0.299905  0.650043
-9.55219  4.77609 -4.77609        0        0        0
          -1 -4.44986e-05   8.9258e-05
0
  2.09999 0.0999966  0.900003
-162.655 -81.3277  -59.692        0        0        0
         -1 1.19998e-05 0.000112424
5
       1.25   -0.299999 3.12173e-06
172.207 76.5537 694.765  55.581 55.5811       0
-0 -0  1
4
1
      2.1 -0.299907  0.650044
-56.0961 0.696005   28.048        0        0        0
          -1 -4.44986e-05   8.9258e-05
0
  2.09999 0.0999989  0.900006
 -57.607 -1.79325  28.8035        0        0        0
         -1 1.19998e-05 0.000112424
5
       1.25   -0.300007 1.05326e-05
 58.4094 0.548385  284.732  9.95818  12.8718        0
-0 -0  1
4
    1.25001   0.0999681 6.62826e-06
55.2939 0.54847 288.715 9.95818 12.8718       0
0 0 1
3
1
      2.1 -0.299909  0.650044
-109.78 37.2134 54.8901       0       0       0
          -1 -4.44986e-05   8.9258e-05
0
 2.09999 0.100001 0.900008
-28.8553  14.4276  14.4276        0        0        0
         -1 1.19998e-05 0.000112424
4
    1.25002    0.099941 1.22397e-05
 138.636 -51.6414   560.98  -44.874  44.8809        0
0 0 1
4
1
     2.1 -0.29992 0.650052
-48.2479 0.985362  24.1239        0        0        0
          -1 -4.44986e-05   8.9258e-05
0
 2.09999 0.100005 0.900009
 -46.259 -1.60983  23.1295        0        0        0
         -1 1.19998e-05 0.000112424
4
    1.25001   0.0999203 1.77571e-05
  45.3386 -0.406047   296.087   10.3809   23.6854         0
0 0 1
5
        1.4   -0.300007 8.81536e-06
49.1684 1.03034 286.957  10.382 22.9563       0
-0 -0  1
3
0
  2.09999 0.0999969  0.900005
-69.2469 -3.85876  34.6235        0        0        0
         -1 1.19998e-05 0.000112424
4
    1.25001   0.0999229 2.25407e-05
 58.4332  10.8599  278.245 -22.2601 -6.67682        0
0 0 1
5
        1.4   -0.300006 1.28718e-05
 10.8136 -7.00143  317.429 -25.3943 -6.66937        0
-0 -0  1
4
0
  2.09999 0.0999929  0.900015
-48.0546 0.753304  24.0273        0        0        0
         -1 1.19998e-05 0.000112424
4
    1.25001   0.0999207 2.30027e-05
  50.8113 -0.294601   290.914  -6.94067   23.2736         0
0 0 1
5
        1.4   -0.300009 1.39229e-05
 48.3652 -1.21199  289.795 -6.94035  23.1835        0
-0 -0  1
1
      2.1 -0.300003  0.900009
-51.1221 0.753194   25.561        0        0        0
          -1 -4.45486e-05  6.37313e-05
3
0
  2.09999 0.0999869  0.900009
-235.654 -117.827 -109.112        0        0        0
         -1 1.19998e-05 0.000112424
5
    1.40001   -0.300019 2.84091e-05
269.329 134.667 756.248 60.4992    60.5       0
-0 -0  1
1
      2.1 -0.300015  0.900011
-33.6765 -16.8382 -16.8382        0        0        0
          -1 -4.45486e-05  6.37313e-05
4
0
      2.1 0.0999959  0.899998
-34.754 2.61952  17.377       0       0       0
         -1 1.19998e-05 0.000112424
1
      2.1 -0.300012  0.899995
-44.8448  2.61944  22.4224        0        0        0
          -1 -4.45486e-05  6.37313e-05
4
        1.4   0.0999973 1.58461e-06
 43.9204 -2.61957  290.908 -21.8499  23.2728        0
0 0 1
5
        1.4   -0.299999 4.53815e-06
 35.6775 -2.61957  299.592 -21.8497  23.9673        0
-0 -0  1
