4
0
    1.69999    0.100002 1.24677e-06
-0.000160989     0.000419       200.51            0            0            0
-0 -0  1
1
    1.69999   -0.299999 6.65117e-07
0.000385238 0.000420769     199.293           0           0           0
0 0 1
4
   0.999994   0.0500011 3.16951e-06
-0.000326995 -0.000416126      115.701       3.0413     -9.25605            0
-0 -0  1
5
   0.999994   -0.249999 2.46368e-06
 0.000125045 -0.000423143      114.794      3.04137     -9.18352            0
-0 -0  1
3
1
    1.69999   -0.300036 1.60997e-05
0.221334 0.443507  322.233        0        0        0
0 0 1
4
   0.999998   0.0500059 1.18585e-05
-0.217837 -0.438657   308.065   24.6452  -24.6452         0
-0 -0  1
5
   0.999998   -0.249996 1.80885e-05
 4.55508e-09  -4.5542e-09 -1.06629e-08  9.80901e-09 -9.80955e-09            0
-0 -0  1
4
1
    1.69999   -0.300033 1.75617e-05
 17.9725 -1.68069  197.066        0        0        0
0 0 1
4
   0.999999   0.0500104 1.27386e-05
22.3334 7.03994 203.214 8.82311  4.3699       0
-0 -0  1
5
   0.999998   -0.249996 1.87494e-05
18.5959  7.0399 200.567 8.82311  4.3699       0
-0 -0  1
0
 2.09999 0.100017 0.650015
-58.9018  -12.399  29.4509        0        0        0
        -1    1.2e-05 7.4951e-05
3
4
          1   0.0500142 1.34159e-05
 70.3922  10.9083  280.434 -16.7089 -22.4348        0
-0 -0  1
5
   0.999998   -0.249995 1.92724e-05
 58.5042  10.9085  285.415 -16.7085 -22.8332        0
-0 -0  1
0
 2.09999 0.100029 0.650027
-128.896 -21.8167  64.4482        0        0        0
        -1    1.2e-05 7.4951e-05
4
4
   0.999999   0.0500149 1.66276e-05
 70.4912 0.235684  280.553  5.83872 -16.4886        0
-0 -0  1
5
   0.999998   -0.249994 2.42936e-05
 71.3976 0.235634  278.801  5.83872 -16.4886        0
-0 -0  1
0
  2.09997 0.0999977  0.650048
 -71.8949 -0.235699   35.9475         0         0         0
        -1    1.2e-05 7.4951e-05
1
  2.10001 -0.299943  0.650028
  -69.994 -0.235471    34.997         0         0         0
          -1 -4.44986e-05   8.9258e-05
3
4
   0.999999   0.0500156 1.91169e-05
 59.4449 -11.0878  285.222  19.7007 -22.8175        0
-0 -0  1
5
   0.999997   -0.249993 2.80312e-05
  72.009  -11.088  279.349  19.7011 -22.3478        0
-0 -0  1
1
  2.10001 -0.299894  0.650052
-131.454  22.1759   65.727        0        0        0
          -1 -4.44986e-05   8.9258e-05
4
4
   0.999998   0.0500152 1.96277e-05
  66.0487 -0.104745   281.705  -4.17053  -4.91863         0
-0 -0  1
5
   0.999996    -0.24999 2.90477e-05
 65.2243  -0.1047  282.956 -4.17053 -4.91863        0
-0 -0  1
1
 2.10001 -0.29989 0.650052
 -65.9179 -0.416462    32.959         0         0         0
          -1 -4.44986e-05   8.9258e-05
0
     2.1 0.100003 0.900001
-65.3552 0.625995  32.6776        0        0        0
         -1 1.19998e-05 0.000112424
3
4
   0.999997   0.0500148 1.99956e-05
 53.4795   8.0488  288.633 -16.0433 -21.9738        0
-0 -0  1
5
   0.999995   -0.249988 2.97874e-05
 42.9559  8.04905  293.446 -16.0433 -21.9738        0
-0 -0  1
0
 2.09999 0.100004 0.900003
-96.4355 -16.0978  48.2177        0        0        0
         -1 1.19998e-05 0.000112424
4
4
   0.999998   0.0500104 2.14517e-05
61.6867 0.17054 284.629 3.38319 1.67988       0
-0 -0  1
5
   0.999995   -0.249988 3.07801e-05
 62.4241 0.170501  283.614  3.38319  1.67988        0
-0 -0  1
0
  2.09999 0.0999999  0.900008
 -62.7193 -0.170538   31.3597         0         0         0
         -1 1.19998e-05 0.000112424
1
      2.1 -0.299993  0.900004
-61.3915 -0.17051  30.6958        0        0        0
          -1 -4.45486e-05  6.37313e-05
3
4
   0.999998   0.0500067 2.25997e-05
 148.551 -29.5382  556.022 -44.4817     38.8        0
-0 -0  1
0
  2.09999 0.0999962  0.900013
-48.7525  14.7697  24.3763        0        0        0
         -1 1.19998e-05 0.000112424
1
      2.1 -0.299987  0.900008
-99.799 14.7685 49.8995       0       0       0
          -1 -4.45486e-05  6.37313e-05
4
4
  0.999998  0.0500065 2.2651e-05
 53.2149  1.45836  291.059 0.119049  18.3679        0
-0 -0  1
0
  2.09999 0.0999959  0.900014
-52.4558 -1.17169  26.2279        0        0        0
         -1 1.19998e-05 0.000112424
1
  2.09999 -0.300002  0.899996
-53.1709  -1.1717  26.5854        0        0        0
          -1 -4.45486e-05  6.37313e-05
5
       1.25        -0.3 1.09457e-07
 52.4117 0.884963  286.425 0.119049  18.3679        0
-0 -0  1
3
0
 2.09999 0.100001 0.899989
-141.677 -66.6796 -50.5632        0        0        0
         -1 1.19998e-05 0.000112424
1
  2.09999 -0.300001  0.899978
-3.39284e-13  1.53655e-13 -1.69642e-13            0            0            0
          -1 -4.45486e-05  6.37313e-05
5
  1.24999 -0.300006  5.27e-07
141.676 66.6819  680.86 54.4689  54.469       0
-0 -0  1
4
0
 2.09999 0.100006 0.899985
-54.5537  1.09616  27.2768        0        0        0
         -1 1.19998e-05 0.000112424
1
  2.09999 -0.300013   0.89998
-59.767 1.09606 29.8835       0       0       0
          -1 -4.45486e-05  6.37313e-05
5
    1.24999   -0.299982 1.43802e-05
 55.1127 -1.09594   288.99 -12.1054  11.0749        0
-0 -0  1
4
       1.25    0.100004 1.27527e-05
 59.2078 -1.09607  284.148 -12.1054  11.0749        0
0 0 1
3
0
 2.09998 0.100009 0.899981
-2.98428e-13  5.23137e-13 -1.49214e-13            0            0            0
         -1 1.19998e-05 0.000112424
1
  2.09999 -0.300023  0.899982
-361.952  170.349 -156.157        0        0        0
          -1 -4.45486e-05  6.37313e-05
4
       1.25    0.100007 2.25754e-05
 361.951 -170.352  786.454 -62.9179  62.9151        0
0 0 1
4
0
 2.09998  0.10001 0.899981
-50.8287  1.34181  25.4143        0        0        0
         -1 1.19998e-05 0.000112424
1
  2.09999 -0.300024  0.899983
-56.2715  1.34175  28.1358        0        0        0
          -1 -4.45486e-05  6.37313e-05
4
       1.25    0.100007 2.35162e-05
  55.7196 -0.528165    287.29  -12.3222   18.4078         0
0 0 1
5
      1.4 -0.299999 1.748e-06
 51.3805  -2.1554  289.458 -12.3222  18.4078        0
-0 -0  1
3
0
 2.09998  0.10001 0.899981
-71.2012 -35.6006  35.6006        0        0        0
         -1 1.19998e-05 0.000112424
1
  2.09999 -0.300024  0.899983
-10.1736 -5.08678   4.6837        0        0        0
          -1 -4.45486e-05  6.37313e-05
5
        1.4   -0.299998 3.11371e-06
81.3746 40.6876 590.013 47.1937 47.2081       0
-0 -0  1
4
0
      2.1 0.0999959  0.899998
-34.7545  2.61934  17.3772        0        0        0
         -1 1.19998e-05 0.000112424
1
      2.1 -0.300012  0.899995
-44.8452  2.61925  22.4226        0        0        0
          -1 -4.45486e-05  6.37313e-05
4
        1.4   0.0999973 1.58461e-06
 43.9202 -2.61974  290.908 -21.8498  23.2728        0
0 0 1
5
        1.4   -0.299999 4.53815e-06
 35.6773 -2.61974  299.592 -21.8496  23.9674        0
-0 -0  1
