4
0
    1.69999    0.100002 1.24677e-06
-0.000160989     0.000419       200.51            0            0            0
-0 -0  1
1
    1.69999   -0.299999 6.65117e-07
0.000385238 0.000420769     199.293           0           0           0
0 0 1
4
   0.999994   0.0500011 3.16951e-06
-0.000326995 -0.000416126      115.701       3.0413     -9.25605            0
-0 -0  1
5
   0.999994   -0.249999 2.46368e-06
 0.000125045 -0.000423143      114.794      3.04137     -9.18352            0
-0 -0  1
3
1
   1.69997  -0.300002 1.5555e-05
0.00519524 0.00761377    384.049          0          0          0
0 0 1
4
    1.00001   0.0500217 2.58371e-05
-0.00338502 -0.00491852     243.634     19.4906    -19.4908           0
-0 -0  1
5
   0.999991   -0.249999 2.79642e-05
-0.00264726 -0.00209908      2.6159    0.209277   -0.209268           0
-0 -0  1
4
1
    1.69996    -0.29999 1.89446e-05
 17.4102 -10.1562  206.454        0        0        0
0 0 1
4
    1.00001   0.0500218 2.39909e-05
 26.7908  8.60326  193.014 -15.4411  -9.2309        0
-0 -0  1
5
   0.999989       -0.25 3.20336e-05
 18.7499  8.60398  199.355 -15.9482 -9.23077        0
-0 -0  1
0
 2.09999 0.099997 0.650014
-62.9511 -7.05105  31.4755        0        0        0
        -1    1.2e-05 7.4951e-05
3
4
   0.999988   0.0500243 5.39329e-05
 88.9619  14.0021  272.233 -12.4163 -21.7785        0
-0 -0  1
5
   0.999967   -0.249995 5.27037e-05
 75.3029  14.0032  275.932 -12.4214 -22.0751        0
-0 -0  1
0
 2.09998 0.100025 0.650016
-164.266  -28.005  82.1328        0        0        0
        -1    1.2e-05 7.4951e-05
4
4
   0.999991   0.0500327 6.07203e-05
 74.9189  1.56693  281.942  22.5542 -22.5573        0
-0 -0  1
5
    0.99996   -0.249986 6.99949e-05
 80.9625  1.56596  270.414  21.6337 -21.6338        0
-0 -0  1
0
 2.09997  0.10006 0.650064
-84.2776  -1.5672  42.1388        0        0        0
        -1    1.2e-05 7.4951e-05
1
      2.1 -0.299953  0.650027
-71.6045 -1.56518  35.8022        0        0        0
          -1 -4.44986e-05   8.9258e-05
3
4
   0.999994   0.0500082 9.64136e-05
 68.7058 -12.9378  397.199  31.7727   -31.78        0
-0 -0  1
5
  0.999972  -0.249915 8.5885e-05
 88.4912 -12.9575  154.501  12.3615 -12.3605        0
-0 -0  1
1
  2.09996 -0.300037  0.650025
-157.198  25.8966  78.5988        0        0        0
          -1 -4.44986e-05   8.9258e-05
4
4
   0.999991   0.0499858 0.000109301
 70.1589  0.75342  281.249  11.0828 -15.2747        0
-0 -0  1
5
   0.999971   -0.249901 9.17824e-05
 72.0897 0.753488  277.925  11.0828 -15.2747        0
-0 -0  1
1
  2.09995 -0.300054  0.650013
  -67.68 0.631582    33.84        0        0        0
          -1 -4.44986e-05   8.9258e-05
0
     2.1 0.100002 0.900006
 -74.569 -2.13873  37.2845        0        0        0
         -1 1.19998e-05 0.000112424
3
4
   0.999987   0.0499664 0.000120505
 168.026 -23.6957  546.284 -37.2203  1.49186        0
-0 -0  1
1
  2.09993 -0.300069  0.650002
-86.1657  7.19485  43.0829        0        0        0
          -1 -4.44986e-05   8.9258e-05
0
 2.09999 0.100003 0.900012
-81.861 16.5007 40.9305       0       0       0
         -1 1.19998e-05 0.000112424
4
4
    1.00003   0.0499672 7.41752e-05
 62.1457  1.69085  283.857 -8.32896  4.29209        0
-0 -0  1
1
 2.09994 -0.30007 0.650001
-63.1213 -1.72826  31.5606        0        0        0
          -1 -4.44986e-05   8.9258e-05
0
     2.1 0.100005  0.90001
-58.3597 0.353569  29.1799        0        0        0
         -1 1.19998e-05 0.000112424
5
    1.24995   -0.300003 5.10857e-05
  59.3353 -0.316166     285.7  -8.32896   4.29209         0
-0 -0  1
3
1
  2.09994 -0.300071      0.65
-10.6902  2.24655  5.34511        0        0        0
          -1 -4.44986e-05   8.9258e-05
0
     2.1 0.100006 0.900008
-76.2522 -38.1261  38.1261        0        0        0
         -1 1.19998e-05 0.000112424
5
    1.24991   -0.300005 8.95747e-05
86.9424 35.8796 586.826 46.9446 46.9461       0
-0 -0  1
4
1
  2.09994 -0.300071  0.649998
 -53.5953 -0.862041   26.7976         0         0         0
          -1 -4.44986e-05   8.9258e-05
0
     2.1 0.100008 0.900007
  -46.418 -0.124338    23.209         0         0         0
         -1 1.19998e-05 0.000112424
5
     1.2499   -0.300003 9.22734e-05
 49.3134 0.592777  291.335  -2.9516  23.3063        0
-0 -0  1
4
         1.3     0.050004 -6.71558e-07
 50.6998 0.393714  288.956 -2.95272  23.1175        0
-0 -0  1
3
1
 2.09994 -0.30007 0.649997
-384.184  168.137 -163.372        0        0        0
          -1 -4.44986e-05   8.9258e-05
0
     2.1 0.100009 0.900006
 5.9508e-14 2.50022e-13  2.9754e-14           0           0           0
         -1 1.19998e-05 0.000112424
4
         1.3    0.0500079 -1.43651e-06
 384.183 -168.141  793.669 -63.4787  63.5111        0
-0 -0  1
4
1
  2.09994 -0.300081  0.649994
-42.4949 0.116506  21.2475        0        0        0
          -1 -4.44986e-05   8.9258e-05
0
     2.1 0.100003 0.900006
-29.1777   1.3216  14.5888        0        0        0
         -1 1.19998e-05 0.000112424
4
        1.3   0.0500172 9.88625e-07
 36.3726 -0.56584  299.264 -4.82802  23.9425        0
-0 -0  1
5
        1.4        -0.3 3.70224e-06
  35.2999 -0.872332   295.197  -4.81892   23.6154         0
-0 -0  1
3
0
      2.1 0.0999986  0.900006
-61.7877 -14.4038  30.8939        0        0        0
         -1 1.19998e-05 0.000112424
4
        1.3   0.0500251 2.86164e-06
 39.0782  9.53982   298.24 -14.9648   23.151        0
-0 -0  1
5
    1.39999        -0.3 6.76614e-06
 22.7094  4.86393  301.163 -14.9648   23.151        0
-0 -0  1
4
0
      2.1 0.0999965  0.900007
 -28.2067 -0.778441   14.1033         0         0         0
         -1 1.19998e-05 0.000112424
4
        1.3   0.0500253 1.82221e-06
  28.8689  0.878088   304.194 0.0605009   24.3358         0
-0 -0  1
5
    1.39999   -0.299999 7.46023e-06
  28.1714  0.678754   297.583 0.0713412   23.8066         0
-0 -0  1
1
      2.1 -0.300003  0.900002
 -28.8336 -0.778435   14.4168         0         0         0
          -1 -4.45486e-05  6.37313e-05
3
0
     2.1 0.100001 0.900007
-43.7523 -12.4986  21.8761        0        0        0
         -1 1.19998e-05 0.000112424
5
    1.39996   -0.299976 5.65398e-06
82.7365 24.9969 588.929 38.3507  47.118       0
-0 -0  1
1
     2.1 -0.30001 0.899989
-38.9843 -12.4979  19.4922        0        0        0
          -1 -4.45486e-05  6.37313e-05
4
0
      2.1 0.0999959  0.899998
-34.7538  2.61963  17.3769        0        0        0
         -1 1.19998e-05 0.000112424
1
      2.1 -0.300012  0.899995
-44.8445  2.61954  22.4223        0        0        0
          -1 -4.45486e-05  6.37313e-05
4
        1.4   0.0999973 1.58461e-06
 43.9205  -2.6195  290.907 -21.8499  23.2727        0
0 0 1
5
        1.4   -0.299999 4.53815e-06
 35.6776 -2.61951  299.591 -21.8497  23.9673        0
-0 -0  1
