4
0
    1.69999    0.100002 1.24677e-06
-0.000160989     0.000419       200.51            0            0            0
-0 -0  1
1
    1.69999   -0.299999 6.65117e-07
0.000385238 0.000420769     199.293           0           0           0
0 0 1
4
   0.999994   0.0500011 3.16951e-06
-0.000326995 -0.000416126      115.701       3.0413     -9.25605            0
-0 -0  1
5
   0.999994   -0.249999 2.46368e-06
 0.000125045 -0.000423143      114.794      3.04137     -9.18352            0
-0 -0  1
3
0
    1.69999    0.100026 1.23215e-05
-5.18854  10.3754  206.173        0        0        0
-0 -0  1
4
    0.999981    0.0499595 -4.13049e-06
-2.17604e-14 -1.15419e-12 -2.96696e-12 -2.50655e-12 -2.16105e-12            0
-0 -0  1
5
   0.999994   -0.250001 1.34116e-05
 5.18853 -10.3765  424.125 -33.9301 -33.9298        0
-0 -0  1
4
0
    1.69998    0.100026 2.59481e-05
 29.4739 -27.4121  159.049        0        0        0
-0 -0  1
4
   0.999983   0.0499599 1.35792e-05
 27.8878 -5.23188  192.261 -15.3809  15.3811        0
-0 -0  1
5
   0.999991   -0.250006 3.53014e-05
 18.3823 -5.22905  241.116 -19.2889  18.2699        0
-0 -0  1
1
  2.09999 -0.300035  0.650049
-75.7445  37.8722  37.8722        0        0        0
          -1 -4.44986e-05   8.9258e-05
3
0
    1.69995    0.100017 2.45383e-05
1.69664e-12 7.26308e-13 1.92868e-12           0           0           0
-0 -0  1
4
   0.999989   0.0499556 2.11983e-05
 332.893 -105.963  599.997 -48.0006  48.0008        0
-0 -0  1
1
  2.09999 -0.300034  0.650087
-332.894   105.96  30.3003        0        0        0
          -1 -4.44986e-05   8.9258e-05
4
0
    1.69991    0.100015 7.04383e-06
 21.7546 -11.6225  184.024        0        0        0
-0 -0  1
4
   0.999955    0.049941 2.61899e-05
 21.2702 -4.83976  198.891  -15.912  11.8482        0
-0 -0  1
1
 2.09999 -0.30003 0.650072
-60.9052  23.7256  30.4526        0        0        0
          -1 -4.44986e-05   8.9258e-05
5
    1.24998   -0.300003 6.15568e-06
 17.8794 -7.26337  216.929 -17.3552   11.849        0
-0 -0  1
3
0
     1.69989     0.100015 -7.91491e-06
-0.00300778 -0.00143877     180.075           0           0           0
-0 -0  1
4
   0.999925   0.0499283 3.05137e-05
-0.00101611  0.00245756      167.23    -13.3776    -13.3792           0
-0 -0  1
5
    1.24995   -0.300006 1.12955e-05
 0.00312099 -0.00110698     282.992    -22.6376    -22.6411           0
-0 -0  1
4
0
     1.69988     0.100015 -1.46494e-05
 14.8034 -12.1374  117.709        0        0        0
-0 -0  1
4
   0.999921   0.0499244 3.69564e-05
 14.0444 -1.39159  224.803 -17.9855  17.9833        0
-0 -0  1
5
    1.24993   -0.300002 5.89012e-06
 8.67563 -5.23278  269.024 -21.5245  21.5195        0
-0 -0  1
1
      2.1 -0.299992  0.899981
-37.5236  18.7618  18.7618        0        0        0
          -1 -4.45486e-05  6.37313e-05
3
4
   0.999914   0.0499202 4.20763e-05
 36.4401 -7.55367   295.43 -11.1931  10.2014        0
-0 -0  1
5
    1.24991   -0.299999 5.65895e-07
 39.7025 -5.22308  296.796 -11.1931  10.2014        0
-0 -0  1
1
      2.1 -0.299982  0.899961
-76.1429  12.7769  38.0714        0        0        0
          -1 -4.45486e-05  6.37313e-05
4
4
   0.999908   0.0499257 5.17431e-05
   53.53  1.94108  290.913 -2.40901  20.3217        0
-0 -0  1
5
     1.2499   -0.299998 1.83442e-07
  51.887 0.767858  286.675 -2.40901  20.3217        0
-0 -0  1
1
      2.1 -0.299984  0.899918
  -51.62 -1.05329    25.81        0        0        0
          -1 -4.45486e-05  6.37313e-05
0
  2.09999 0.0999991  0.649956
-53.7968 -1.65541  26.8984        0        0        0
        -1    1.2e-05 7.4951e-05
3
5
     1.2499        -0.3 2.12077e-06
159.597 75.1012 637.617 51.0065   51.02       0
-0 -0  1
1
      2.1 -0.300004  0.899957
-9.60121e-13 -1.02629e-12  -4.8006e-13            0            0            0
          -1 -4.45486e-05  6.37313e-05
0
 2.09999 0.099999 0.649967
-159.599 -75.0998   -7.319        0        0        0
        -1    1.2e-05 7.4951e-05
4
5
    1.24989   -0.299999 1.57301e-05
   36.9528 -0.0987523    298.111   -13.1291    23.8478          0
-0 -0  1
1
  2.09999 -0.300028  0.899957
-37.3689   1.7406  18.6844        0        0        0
          -1 -4.45486e-05  6.37313e-05
0
 2.09998 0.099962 0.649975
 -41.232 -1.54225   20.616        0        0        0
        -1    1.2e-05 7.4951e-05
4
    1.24999         0.1 6.61607e-06
  41.6474 -0.100159   292.886  -13.1325   23.4308         0
0 0 1
3
5
    1.24989    -0.30001 3.03286e-05
 91.7278  3.34024   244.15  19.5371 -19.5315        0
-0 -0  1
1
  2.09998 -0.300044  0.899976
-77.4609 -6.71094  38.7304        0        0        0
          -1 -4.45486e-05  6.37313e-05
4
    1.24999   0.0999894 1.49525e-05
-14.2674  3.36949  347.417  27.7932 -27.7934        0
0 0 1
4
5
    1.24989   -0.300004 3.36706e-05
   48.7579 -0.0179404    290.794  -0.194514    23.2647          0
-0 -0  1
1
  2.09997 -0.300049  0.900022
-48.8332 0.017747  24.4166        0        0        0
          -1 -4.45486e-05  6.37313e-05
4
    1.24999   0.0999941 2.20764e-05
   48.8233 -0.0179719    290.714  -0.195023    23.2572          0
0 0 1
0
 2.09998 0.100037 0.900041
  -48.749 0.0177498   24.3745         0         0         0
         -1 1.19998e-05 0.000112424
3
1
  2.09996 -0.300055  0.900067
-260.077  122.412 -107.857        0        0        0
          -1 -4.45486e-05  6.37313e-05
4
    1.24999   0.0999985 2.89656e-05
 260.076 -122.415  738.155 -59.0517  59.0544        0
0 0 1
0
 2.09996 0.100072  0.90008
-2.38032e-13  2.22045e-15 -1.19016e-13            0            0            0
         -1 1.19998e-05 0.000112424
4
1
  2.09996 -0.300055  0.900089
  -37.9823 -0.0956065    18.9911          0          0          0
          -1 -4.45486e-05  6.37313e-05
4
       1.25    0.100004 3.85937e-05
   38.022 0.0377898   299.777  0.874903   23.9822         0
0 0 1
0
 2.09994 0.100093 0.900105
  -38.3685 -0.0956345    19.1843          0          0          0
         -1 1.19998e-05 0.000112424
5
        1.4   -0.299995 2.18316e-06
 38.3282 0.153246  292.346 0.877838  23.3879        0
-0 -0  1
3
1
  2.09996 -0.300034    0.9001
-48.2864 -24.1432 -24.1432        0        0        0
          -1 -4.45486e-05  6.37313e-05
0
 2.09994 0.100103 0.900103
-336.848 -168.424 -164.409        0        0        0
         -1 1.19998e-05 0.000112424
5
    1.40002   -0.300018 6.11558e-06
385.134  192.57  818.85 65.4994 65.5158       0
-0 -0  1
4
0
      2.1 0.0999959  0.899998
-34.7539  2.61938   17.377        0        0        0
         -1 1.19998e-05 0.000112424
1
      2.1 -0.300012  0.899995
-44.8447  2.61929  22.4223        0        0        0
          -1 -4.45486e-05  6.37313e-05
4
        1.4   0.0999973 1.58461e-06
 43.9205 -2.61971  290.907 -21.8498  23.2728        0
0 0 1
5
        1.4   -0.299999 4.53815e-06
 35.6776 -2.61972  299.591 -21.8496  23.9673        0
-0 -0  1
