4
0
    1.69999    0.100002 1.24677e-06
-0.000160989     0.000419       200.51            0            0            0
-0 -0  1
1
    1.69999   -0.299999 6.65117e-07
0.000385238 0.000420769     199.293           0           0           0
0 0 1
4
   0.999994   0.0500011 3.16951e-06
-0.000326995 -0.000416126      115.701       3.0413     -9.25605            0
-0 -0  1
5
   0.999994   -0.249999 2.46368e-06
 0.000125045 -0.000423143      114.794      3.04137     -9.18352            0
-0 -0  1
3
1
    1.69998   -0.300022 8.36637e-06
0.00835358  0.0403007    260.026          0          0          0
0 0 1
4
   0.999985   0.0500107 1.92154e-05
-0.0140546 -0.0320123    368.515    29.4818   -29.4807          0
-0 -0  1
5
          1   -0.249991 3.60809e-06
 0.00576522 -0.00804591     1.75621    0.140497   -0.140497           0
-0 -0  1
4
1
    1.69999   -0.300022 1.36039e-05
 13.0264 -1.09524  187.506        0        0        0
0 0 1
4
   0.999985   0.0500107 1.94494e-05
16.1128 5.07632 211.762 6.82406 16.9412       0
-0 -0  1
5
          1   -0.249989 3.59947e-06
13.4672  5.0763 209.727 6.82381 16.7782       0
-0 -0  1
0
 2.1  0.1 0.65
-42.6063 -9.05736  21.3032        0        0        0
        -1    1.2e-05 7.4951e-05
3
4
   0.999985   0.0500107 1.96072e-05
 50.6321  7.74654  289.727 -15.9866 -19.0104        0
-0 -0  1
5
          1   -0.249988 3.60033e-06
 41.4608  7.74575  294.524 -15.9866 -19.0104        0
-0 -0  1
0
     2.1      0.1 0.650001
-92.0928 -15.4923  46.0464        0        0        0
        -1    1.2e-05 7.4951e-05
4
4
   0.999968   0.0500085 2.02944e-05
   62.5348 -0.0671489    283.697   -1.65605    1.29842          0
-0 -0  1
5
   0.999988   -0.249986 3.31991e-06
   62.2779 -0.0671939    284.194   -1.65605    1.29842          0
-0 -0  1
0
 2.09999 0.100011 0.649976
 -62.1371 0.0672634   31.0685         0         0         0
        -1    1.2e-05 7.4951e-05
1
  2.09998 -0.300014  0.649974
 -62.6761 0.0672713    31.338         0         0         0
          -1 -4.44986e-05   8.9258e-05
3
4
   0.999954   0.0500065 2.07805e-05
  159.08 -44.9542  550.757 -44.0643  44.0605        0
-0 -0  1
0
 2.09998 0.100019 0.649955
-15.5806  7.79031  7.79031        0        0        0
        -1    1.2e-05 7.4951e-05
1
  2.09996 -0.300024  0.649954
 -143.5  37.164 71.7499       0       0       0
          -1 -4.44986e-05   8.9258e-05
4
4
   0.999954   0.0500085 2.89899e-05
 60.5909  1.70665  285.038 -8.08103  7.83676        0
-0 -0  1
0
 2.09997 0.100043 0.649966
 -57.5746 -0.822119   28.7873         0         0         0
        -1    1.2e-05 7.4951e-05
1
  2.09996 -0.300011  0.649962
-61.1316 -0.82208  30.5658        0        0        0
          -1 -4.44986e-05   8.9258e-05
5
    1.24999   -0.300003 6.12909e-06
   58.1149 -0.0621898    285.907   -8.08103    7.83676          0
-0 -0  1
3
0
 2.09996 0.100064 0.649976
-179.079 -84.2966 -26.6017        0        0        0
        -1    1.2e-05 7.4951e-05
1
2.09996    -0.3 0.64997
-1.70441e-12 -5.88418e-14 -8.52207e-13            0            0            0
          -1 -4.44986e-05   8.9258e-05
5
    1.24999   -0.300005 1.13028e-05
179.078 84.2991 656.899 52.5534 52.5508       0
-0 -0  1
4
0
 2.09996 0.100053 0.650002
  -55.2792 -0.0475248    27.6396          0          0          0
        -1    1.2e-05 7.4951e-05
1
  2.09993 -0.300055  0.649969
  -55.031 -0.047514   27.5155         0         0         0
          -1 -4.44986e-05   8.9258e-05
5
    1.24998   -0.299991 2.92519e-05
  55.2401 0.0476021   287.431  0.703245   18.3145         0
-0 -0  1
4
    1.24998    0.100052 1.05942e-05
  55.0694 0.0476149   287.712  0.703245   18.3145         0
0 0 1
3
0
 2.09995 0.100042 0.650025
-1.48193e-12  1.22125e-12 -7.40963e-13            0            0            0
        -1    1.2e-05 7.4951e-05
1
   2.0999 -0.300106  0.649969
-347.718  163.732 -99.2967        0        0        0
          -1 -4.44986e-05   8.9258e-05
4
    1.24996    0.100101 2.08548e-05
 347.716 -163.735  729.595 -58.3801  58.3622        0
0 0 1
4
0
 2.09994 0.100048 0.650038
-62.7682  1.24577  31.3841        0        0        0
        -1    1.2e-05 7.4951e-05
1
  2.09989 -0.300152  0.649996
-68.1184  1.24558  34.0592        0        0        0
          -1 -4.44986e-05   8.9258e-05
4
    1.24996    0.100092 4.34708e-05
  67.2973 -0.550383   279.014  -14.8849  -5.81382         0
0 0 1
5
    1.39999    -0.29998 3.15273e-05
 63.5888 -1.94127  285.841 -14.8849 -5.81382        0
-0 -0  1
3
0
 2.09992 0.100041  0.65003
-176.277 -88.1383  19.1182        0        0        0
        -1    1.2e-05 7.4951e-05
1
 2.09987 -0.30017 0.649993
-25.2059 -12.6029 -12.6029        0        0        0
          -1 -4.44986e-05   8.9258e-05
5
    1.39999   -0.299985 6.20258e-05
201.481 100.744 623.782 49.8978 49.9086       0
-0 -0  1
4
0
  2.0999 0.100041 0.650014
-56.502 1.52759  28.251       0       0       0
        -1    1.2e-05 7.4951e-05
1
  2.09985 -0.300176  0.649977
-62.7145  1.52755  31.3572        0        0        0
          -1 -4.44986e-05   8.9258e-05
5
    1.39999   -0.300002 7.74357e-05
 57.3915 -1.52705  288.672 -16.6362  8.55627        0
-0 -0  1
4
    1.40001    0.100009 1.28159e-05
 61.8246 -1.52831  282.017 -16.6362  8.55627        0
0 0 1
3
1
  2.09985 -0.300176  0.649977
 -4.62686 -0.911562   2.31343         0         0         0
          -1 -4.44986e-05   8.9258e-05
5
    1.39999   -0.300002 7.74372e-05
 6.22365 0.455082  309.396  23.1435   24.754        0
-0 -0  1
4
    1.40001    0.100009 1.28161e-05
-1.59681 0.456486  318.588  23.1359  25.4878        0
0 0 1
4
1
  2.09985 -0.300198  0.649983
-27.7239  11.2681   13.862        0        0        0
          -1 -4.44986e-05   8.9258e-05
5
    1.39999   -0.300009 7.85161e-05
 8.02213 -5.63201  319.567 -25.5672  25.5635        0
-0 -0  1
4
        1.4   0.0999964 1.35369e-05
 19.7017 -5.63658  296.869   -23.75  23.7492        0
0 0 1
0
      2.1 0.0999915  0.900024
-1.84674e-12  9.21635e-13 -9.17988e-13            0            0            0
         -1 1.19998e-05 0.000112424
3
5
    1.39999   -0.300013 7.91505e-05
-15.2688 -4.35801  332.751 -26.6218  26.6182        0
-0 -0  1
4
        1.4   0.0999869 1.37937e-05
  37.685 -4.36748  286.338 -22.9076  22.9069        0
0 0 1
0
  2.09999 0.0999846  0.900044
-22.4162  8.72513  11.2081        0        0        0
         -1 1.19998e-05 0.000112424
4
0
      2.1 0.0999959  0.899998
-34.7537  2.61957  17.3769        0        0        0
         -1 1.19998e-05 0.000112424
1
      2.1 -0.300012  0.899995
-44.8445  2.61949  22.4222        0        0        0
          -1 -4.45486e-05  6.37313e-05
4
        1.4   0.0999973 1.58461e-06
 43.9206 -2.61956  290.907 -21.8499  23.2727        0
0 0 1
5
        1.4   -0.299999 4.53815e-06
 35.6776 -2.61957  299.591 -21.8497  23.9673        0
-0 -0  1
