4
0
    1.69999    0.100002 1.24677e-06
-0.000160989     0.000419       200.51            0            0            0
-0 -0  1
1
    1.69999   -0.299999 6.65117e-07
0.000385238 0.000420769     199.293           0           0           0
0 0 1
4
   0.999994   0.0500011 3.16951e-06
-0.000326995 -0.000416126      115.701       3.0413     -9.25605            0
-0 -0  1
5
   0.999994   -0.249999 2.46368e-06
 0.000125045 -0.000423143      114.794      3.04137     -9.18352            0
-0 -0  1
3
1
    1.69999        -0.3 2.58203e-06
0.0250273 0.0940106   242.969         0         0         0
0 0 1
4
   0.999995   0.0500036 8.31523e-06
-0.0452585 -0.0472956    324.838    25.9868   -25.9873          0
-0 -0  1
5
   0.999984   -0.249979 1.75671e-06
0.0201479 -0.046283   62.4909   4.99921  -4.99933         0
-0 -0  1
4
1
    1.69999   -0.299991 1.60672e-06
 14.3261 0.540695  187.778        0        0        0
0 0 1
4
   0.999996   0.0500066 8.66226e-06
16.6646 5.21724 211.875 13.6052 16.9498       0
-0 -0  1
5
   0.999984   -0.249978 1.91877e-06
14.6603 5.21738 207.819 13.6052 16.6254       0
-0 -0  1
0
     2.1 0.100002 0.650002
 -45.651 -10.9752  22.8255        0        0        0
        -1    1.2e-05 7.4951e-05
3
4
   0.999996   0.0500091 8.94775e-06
 50.8303   7.9603  290.445 -8.67265 -20.1496        0
-0 -0  1
5
   0.999984   -0.249978 2.06946e-06
 42.7804  7.96058  293.047 -8.67265 -20.1496        0
-0 -0  1
0
     2.1 0.100003 0.650004
-93.6107 -15.9208  46.8054        0        0        0
        -1    1.2e-05 7.4951e-05
4
4
    0.99998   0.0500068 9.00089e-06
 64.3292 0.355183  283.965  8.82891 -4.13602        0
-0 -0  1
5
  0.999961   -0.24996 7.9205e-06
 65.7005 0.355105  281.317  8.82891 -4.13602        0
-0 -0  1
0
 2.09998 0.100015 0.649985
-66.4527 -0.35483  33.2264        0        0        0
        -1    1.2e-05 7.4951e-05
1
  2.09999 -0.299964  0.649993
 -63.5774 -0.354841   31.7887         0         0         0
          -1 -4.44986e-05   8.9258e-05
3
4
   0.999967    0.050005 9.02585e-06
 157.394 -26.1913    551.6 -44.1293  24.7622        0
-0 -0  1
0
 2.09997 0.100025  0.64997
-65.6743  13.0952  32.8371        0        0        0
        -1    1.2e-05 7.4951e-05
1
  2.09999 -0.299931  0.649988
-91.7199  13.0966  45.8599        0        0        0
          -1 -4.44986e-05   8.9258e-05
4
4
   0.999959   0.0500114 2.63028e-05
58.5141 1.50431  289.53 19.5576 7.26776       0
-0 -0  1
0
 2.09995 0.100023 0.649963
-62.7322 -2.49458  31.3661        0        0        0
        -1    1.2e-05 7.4951e-05
1
  2.09997 -0.299945  0.649978
-57.0688 -2.49472  28.5344        0        0        0
          -1 -4.44986e-05   8.9258e-05
5
    1.24999   -0.300001 8.42268e-06
61.2862 3.48497 280.867 19.5576 7.26776       0
-0 -0  1
3
0
 2.09994 0.100043 0.649946
-402.964 -189.676 -199.067        0        0        0
        -1    1.2e-05 7.4951e-05
1
  2.09997 -0.299936  0.649982
           0 -5.16254e-13 -4.03897e-28            0            0            0
          -1 -4.44986e-05   8.9258e-05
5
    1.24997   -0.299988 5.93542e-06
402.963 189.681 829.364 66.3545 66.3488       0
-0 -0  1
4
0
 2.09994 0.100028 0.649953
 -58.5785 -0.305322   29.2892         0         0         0
        -1    1.2e-05 7.4951e-05
1
  2.09995 -0.299979  0.649998
 -57.0405 -0.305486   28.5203         0         0         0
          -1 -4.44986e-05   8.9258e-05
5
    1.24997   -0.299985 1.70573e-05
 58.3335 0.305142  285.371  4.36695  12.1411        0
-0 -0  1
4
      1.25   0.100008 6.2473e-06
  57.285 0.305256  287.117  4.36695  12.1411        0
0 0 1
3
0
 2.09994 0.100014 0.649959
-3.31735e-13 -1.65867e-13 -1.65867e-13            0            0            0
        -1    1.2e-05 7.4951e-05
1
  2.09994 -0.300019  0.650014
-172.975   81.415  41.7774        0        0        0
          -1 -4.44986e-05   8.9258e-05
4
    1.24999    0.100014 1.21367e-05
 172.974 -81.4173   588.52 -47.0835  47.0803        0
0 0 1
4
0
 2.09994 0.100022 0.649977
-63.7591   1.3062  31.8796        0        0        0
        -1    1.2e-05 7.4951e-05
1
  2.09993 -0.300023  0.650024
-69.4022  1.30696  34.7011        0        0        0
          -1 -4.44986e-05   8.9258e-05
4
   1.24999   0.100012 2.8155e-05
  68.5378 -0.572186   278.079  -15.6889  -8.55611         0
0 0 1
5
    1.39999   -0.299963 9.34122e-06
 64.6233 -2.04052  285.638 -15.6889 -8.55611        0
-0 -0  1
3
0
 2.09993 0.100029 0.649992
-103.725 -15.2877  51.8624        0        0        0
        -1    1.2e-05 7.4951e-05
4
    1.24999    0.100011 4.19291e-05
 71.3635  14.9591  268.333 -21.4668 -21.4668        0
0 0 1
5
    1.39997    -0.29993 1.72291e-05
 32.3611 0.328984  310.102 -24.8069 -24.8098        0
-0 -0  1
4
0
 2.09993  0.10003 0.650021
  -59.5198 -0.0996557    29.7599          0          0          0
        -1    1.2e-05 7.4951e-05
4
       1.25    0.100046 5.94033e-05
56.8006 0.48669 288.335 4.95658 12.0633       0
0 0 1
5
    1.39998   -0.299926 2.80424e-05
 58.0403 0.951881  284.543  4.95658  12.0633        0
-0 -0  1
1
      2.1 -0.300052  0.900041
 -55.321 -1.33871  27.6605        0        0        0
          -1 -4.45486e-05  6.37313e-05
3
0
 2.09995 0.100072  0.65006
-333.044 -166.522 -59.0691        0        0        0
        -1    1.2e-05 7.4951e-05
5
    1.39998   -0.299898 6.01234e-05
380.588 190.298  713.14 57.0431 57.0579       0
-0 -0  1
1
  2.10001 -0.300061  0.900084
-47.5449 -23.7725 -23.7725        0        0        0
          -1 -4.45486e-05  6.37313e-05
4
0
 2.09997 0.100117  0.65012
-67.4146 0.382025  33.7073        0        0        0
        -1    1.2e-05 7.4951e-05
5
    1.39999   -0.299867 8.47708e-05
 66.8556  1.72125  279.729  16.8275 -2.40892        0
-0 -0  1
1
 2.10003 -0.30008 0.900156
-60.8123 -3.82463  30.4061        0        0        0
          -1 -4.45486e-05  6.37313e-05
4
    1.40001     0.10002 3.51083e-05
 61.3719  1.72233  286.458  16.8275 -2.40892        0
0 0 1
3
5
    1.39999   -0.299842 0.000104907
 68.4478 -4.16134  276.436  22.1195 -22.1115        0
-0 -0  1
1
  2.10004 -0.300094  0.900216
-82.9525  8.31555  41.4762        0        0        0
          -1 -4.45486e-05  6.37313e-05
4
    1.40001    0.100035 6.36732e-05
 14.5053  -4.1534  312.387  24.9918 -24.9902        0
0 0 1
4
0
      2.1 0.0999959  0.899998
-34.7544  2.61952  17.3772        0        0        0
         -1 1.19998e-05 0.000112424
1
      2.1 -0.300012  0.899995
-44.8451  2.61943  22.4225        0        0        0
          -1 -4.45486e-05  6.37313e-05
4
        1.4   0.0999973 1.58461e-06
 43.9203 -2.61974  290.908 -21.8498  23.2728        0
0 0 1
5
        1.4   -0.299999 4.53815e-06
 35.6775 -2.61974  299.592 -21.8497  23.9674        0
-0 -0  1
