4
0
    1.69999    0.100002 1.24677e-06
-0.000160989     0.000419       200.51            0            0            0
-0 -0  1
1
    1.69999   -0.299999 6.65117e-07
0.000385238 0.000420769     199.293           0           0           0
0 0 1
4
   0.999994   0.0500011 3.16951e-06
-0.000326995 -0.000416126      115.701       3.0413     -9.25605            0
-0 -0  1
5
   0.999994   -0.249999 2.46368e-06
 0.000125045 -0.000423143      114.794      3.04137     -9.18352            0
-0 -0  1
3
1
    1.69997   -0.300027 2.37714e-05
0.00127728 0.00470656    402.177          0          0          0
0 0 1
4
   0.999996   0.0500017 2.21592e-05
-0.000310573  -0.00168522      195.501      15.6401       -15.64            0
-0 -0  1
5
   0.999996   -0.250014 2.86953e-05
-0.00209361 -0.00356452     32.6217     2.60978    -2.60969           0
-0 -0  1
4
1
    1.69996   -0.300028 2.39118e-05
  15.507 -4.05532  195.894        0        0        0
0 0 1
4
          1   0.0500044 2.43037e-05
  20.845  6.61913  203.822 -1.49666  12.0742        0
-0 -0  1
5
    0.99999   -0.250016 3.19254e-05
 16.2698  6.61931  204.271 -1.49666  12.0742        0
-0 -0  1
0
     2.1 0.100002 0.649997
-52.6218  -9.1831  26.3109        0        0        0
        -1    1.2e-05 7.4951e-05
3
4
          1   0.0500066 2.60055e-05
 68.4086  7.89216  269.621 -21.5695 -21.5696        0
-0 -0  1
5
   0.999984   -0.250017 3.45797e-05
 39.8503  7.89629  306.547 -24.5243 -24.5236        0
-0 -0  1
0
     2.1 0.100003 0.649995
-108.259 -15.7885  54.1294        0        0        0
        -1    1.2e-05 7.4951e-05
4
4
          1   0.0500044 2.72322e-05
   66.9046 -0.0534072    281.547   -1.34441     -7.855          0
-0 -0  1
5
   0.999981   -0.250006 3.83713e-05
   66.6954 -0.0533765     281.95   -1.34441     -7.855          0
-0 -0  1
0
  2.09999 0.0999945  0.650014
 -66.5811 0.0534669   33.2905         0         0         0
        -1    1.2e-05 7.4951e-05
1
  2.09999 -0.299975  0.649996
 -67.0192 0.0534449   33.5096         0         0         0
          -1 -4.44986e-05   8.9258e-05
3
4
          1   0.0500026 2.83251e-05
  173.05 -44.8247  543.773 -43.5018     31.5        0
-0 -0  1
0
  2.09999 0.0999865  0.650028
-28.138  14.069  14.069       0       0       0
        -1    1.2e-05 7.4951e-05
1
  2.09998 -0.299953  0.649993
-144.912  30.7557   72.456        0        0        0
          -1 -4.44986e-05   8.9258e-05
4
4
    1.00001   0.0500418 5.80889e-05
 60.8268  1.68466  285.383 -3.04843  6.39278        0
-0 -0  1
0
  2.09998 0.0999886  0.650014
-59.1197 -1.13852  29.5599        0        0        0
        -1    1.2e-05 7.4951e-05
1
  2.09996 -0.299985  0.649985
-61.0052 -1.13855  30.5026        0        0        0
          -1 -4.44986e-05   8.9258e-05
5
    1.25002   -0.300005 1.68682e-05
 59.2976 0.592529  284.852 -3.04843  6.39278        0
-0 -0  1
3
0
  2.09996 0.0999893  0.650003
-303.362 -142.786 -109.739        0        0        0
        -1    1.2e-05 7.4951e-05
1
  2.09995 -0.300013  0.649978
-8.63309e-13 -7.14984e-13 -4.31655e-13            0            0            0
          -1 -4.44986e-05   8.9258e-05
5
    1.25003   -0.300008 3.06229e-05
303.361  142.79 740.036 59.2035 59.2001       0
-0 -0  1
4
0
 2.09995 0.100012 0.649977
-35.9231 -1.25156  17.9615        0        0        0
        -1    1.2e-05 7.4951e-05
1
  2.09994 -0.300003  0.649964
-34.7639  -1.2515  17.3819        0        0        0
          -1 -4.44986e-05   8.9258e-05
5
    1.25004   -0.300015 3.90196e-05
35.5261 1.22568  298.16 5.16968 23.8525       0
-0 -0  1
4
    1.30002   0.0500033 1.43142e-05
35.1608 1.27752 296.793 5.17153 23.7435       0
-0 -0  1
3
0
 2.09995 0.100001 0.649981
1.38556e-13 1.03229e-12 6.92779e-14           0           0           0
        -1    1.2e-05 7.4951e-05
1
 2.09993 -0.30004 0.649972
-360.363  157.729 -180.181        0        0        0
          -1 -4.44986e-05   8.9258e-05
4
   1.30001  0.0500063 2.1352e-05
  360.36 -157.738  810.477 -64.8395  64.8356        0
-0 -0  1
4
0
 2.09993  0.10002 0.649967
-31.5741  -0.6866   15.787        0        0        0
        -1    1.2e-05 7.4951e-05
1
  2.09993 -0.300028  0.649974
 -33.2188 -0.686573   16.6094         0         0         0
          -1 -4.44986e-05   8.9258e-05
4
    1.30001   0.0500046 3.34186e-05
 33.0848  0.88309  302.141 -2.42045  24.1711        0
-0 -0  1
5
        1.4   -0.300004 8.50676e-06
 31.7077 0.490219  295.761 -2.42131  23.6608        0
-0 -0  1
3
0
 2.09993 0.100019 0.649964
-103.295 -47.0093  51.6476        0        0        0
        -1    1.2e-05 7.4951e-05
1
 2.09992 -0.30003 0.649973
-24.0505 -12.0252  12.0252        0        0        0
          -1 -4.44986e-05   8.9258e-05
5
        1.4   -0.300003 1.07212e-05
127.346 59.0346 566.625 45.3301 45.3307       0
-0 -0  1
4
0
 2.09993 0.100019 0.649963
-56.1182 0.794863  28.0591        0        0        0
        -1    1.2e-05 7.4951e-05
1
 2.09992 -0.30003 0.649973
-59.3617 0.794967  29.6808        0        0        0
          -1 -4.44986e-05   8.9258e-05
5
        1.4        -0.3 1.41842e-05
  56.5815 -0.794833   288.016  -8.68403   13.2256         0
-0 -0  1
4
        1.4   0.0999993 1.12719e-06
  58.8984 -0.794937   284.542  -8.68403   13.2256         0
0 0 1
3
1
  2.09992 -0.300025  0.649982
-80.3085  18.1493  40.1543        0        0        0
          -1 -4.44986e-05   8.9258e-05
5
    1.39998   -0.299979 1.33438e-05
 48.5584 -9.07418  294.398  3.36963 -1.74743        0
-0 -0  1
4
    1.39998    0.100006 3.09431e-06
 31.7497 -9.07441  295.745  3.36963 -1.74743        0
0 0 1
4
1
  2.09992 -0.300027  0.649983
-49.8636 0.687827  24.9318        0        0        0
          -1 -4.44986e-05   8.9258e-05
5
    1.39998   -0.299979 1.41544e-05
 40.6969 -2.62077   296.91 -15.4649  23.7524        0
-0 -0  1
4
    1.39998    0.100006 3.82828e-06
 44.5503 -2.62088  290.764 -15.4648  23.2607        0
0 0 1
0
      2.1 0.0999985  0.900004
-35.3836  4.55381  17.6918        0        0        0
         -1 1.19998e-05 0.000112424
3
5
    1.39998   -0.299977 2.07248e-05
-29.2921 -8.36661  368.242 -29.4571  29.4609        0
-0 -0  1
4
    1.39997    0.100008 9.28856e-06
 62.7676 -8.37126  245.318 -19.6272  19.6248        0
0 0 1
0
      2.1 0.0999964  0.900016
-33.4756  16.7378  16.7378        0        0        0
         -1 1.19998e-05 0.000112424
4
0
      2.1 0.0999959  0.899998
-34.7536  2.61962  17.3768        0        0        0
         -1 1.19998e-05 0.000112424
1
      2.1 -0.300012  0.899995
-44.8443  2.61954  22.4222        0        0        0
          -1 -4.45486e-05  6.37313e-05
4
        1.4   0.0999973 1.58461e-06
 43.9205 -2.61963  290.907 -21.8498  23.2727        0
0 0 1
5
        1.4   -0.299999 4.53815e-06
 35.6777 -2.61963  299.591 -21.8497  23.9673        0
-0 -0  1
