4
0
    1.69999    0.100002 1.24677e-06
-0.000160989     0.000419       200.51            0            0            0
-0 -0  1
1
    1.69999   -0.299999 6.65117e-07
0.000385238 0.000420769     199.293           0           0           0
0 0 1
4
   0.999994   0.0500011 3.16951e-06
-0.000326995 -0.000416126      115.701       3.0413     -9.25605            0
-0 -0  1
5
   0.999994   -0.249999 2.46368e-06
 0.000125045 -0.000423143      114.794      3.04137     -9.18352            0
-0 -0  1
3
1
    1.69998   -0.299992 8.63269e-06
0.00517607 0.00758773    371.374          0          0          0
0 0 1
4
    1.00001   0.0500239 2.46467e-05
-0.00641304 -0.00785314     252.581     20.2064    -20.2066           0
-0 -0  1
5
    0.99999   -0.249992 1.79736e-05
0.000876549  0.00110527     6.34297    0.507442   -0.507433           0
-0 -0  1
4
1
    1.69999   -0.299969 1.87666e-05
 16.7041 -4.77699    198.8        0        0        0
0 0 1
4
    1.00001   0.0500207 2.61171e-05
 22.7005  7.21597  201.052 -3.03908   4.7375        0
-0 -0  1
5
    0.99999   -0.249989 2.15291e-05
 17.5604  7.21624  201.964 -3.03908   4.7375        0
-0 -0  1
0
 2.09996 0.100077 0.650036
-56.9655 -9.65434  28.4827        0        0        0
        -1    1.2e-05 7.4951e-05
3
4
          1   0.0500181 2.74298e-05
 90.2078  8.02179  244.719 -19.5771 -19.5779        0
-0 -0  1
5
   0.999989   -0.249987 2.45197e-05
 37.5736  8.02369  321.688 -25.7343 -25.7359        0
-0 -0  1
0
 2.09993 0.100141 0.650066
-127.782 -16.0448  63.8909        0        0        0
        -1    1.2e-05 7.4951e-05
4
4
         1   0.050018 3.3641e-05
 63.6082 -0.54549   281.83 -13.6305  1.00133        0
-0 -0  1
5
   0.999986   -0.249986 3.67984e-05
  61.4893 -0.545337   285.919  -13.6305   1.00133         0
-0 -0  1
0
 2.09992 0.100146 0.650063
-60.3275 0.546252  30.1638        0        0        0
        -1    1.2e-05 7.4951e-05
1
  2.09999 -0.300004  0.649983
-64.7702  0.54467  32.3851        0        0        0
          -1 -4.44986e-05   8.9258e-05
3
4
          1   0.0500179 3.84439e-05
 43.8234  -8.1032  291.156 -4.00377 -17.8439        0
-0 -0  1
5
  0.999984  -0.249986 4.6383e-05
 49.7437  -8.1035  292.357 -4.00377 -17.8439        0
-0 -0  1
1
  2.09998 -0.300007  0.649969
-93.5674  16.2068  46.7837        0        0        0
          -1 -4.44986e-05   8.9258e-05
4
4
          1   0.0500178 4.05753e-05
  60.7758 -0.760947   283.271  -14.2685   6.70683         0
-0 -0  1
5
   0.999983   -0.249986 4.93237e-05
  58.1751 -0.760663   287.551  -14.2685   6.70683         0
-0 -0  1
1
  2.09998 -0.300024  0.649972
-62.6749 -1.02302  31.3374        0        0        0
          -1 -4.44986e-05   8.9258e-05
0
      2.1 0.0999924  0.899998
-56.2761   2.5443  28.1381        0        0        0
         -1 1.19998e-05 0.000112424
3
4
          1   0.0500178 4.12936e-05
 147.319 -37.4314  556.638 -44.5323  44.5303        0
-0 -0  1
1
 2.09998 -0.30003 0.649967
-121.332  24.4378  60.6661        0        0        0
          -1 -4.44986e-05   8.9258e-05
0
     2.1 0.100001 0.900004
-25.9871  12.9936  12.9936        0        0        0
         -1 1.19998e-05 0.000112424
4
4
          1   0.0500178 4.12938e-05
 50.6789 0.788624  293.991  10.1306  22.8839        0
-0 -0  1
1
 2.09998 -0.30003 0.649966
 -52.2336 -0.162484   26.1168         0         0         0
          -1 -4.44986e-05   8.9258e-05
0
     2.1 0.100003 0.900005
-50.9158 -2.69543  25.4579        0        0        0
         -1 1.19998e-05 0.000112424
5
        1.25         -0.3 -4.13937e-10
52.4704  2.0693 284.732 10.1306 22.7786       0
-0 -0  1
3
1
  2.09997 -0.300039  0.649946
-6.26767  3.13383 -3.13383        0        0        0
          -1 -4.44986e-05   8.9258e-05
0
  2.09999 0.0999996  0.900007
-106.951 -53.4754 -39.2364        0        0        0
         -1 1.19998e-05 0.000112424
5
       1.25   -0.300001 7.12871e-06
113.218 50.3434 672.667 53.8132 53.8133       0
-0 -0  1
4
1
  2.09996 -0.300018  0.649918
-39.9838 0.493803  19.9919        0        0        0
          -1 -4.44986e-05   8.9258e-05
0
 2.09998 0.100023 0.899986
-20.431 5.05942 10.2155       0       0       0
         -1 1.19998e-05 0.000112424
5
    1.24999   -0.299999 6.34096e-06
 28.1847 -2.77616  303.673 -18.2566  24.2932        0
-0 -0  1
4
     1.24999          0.1 -1.22805e-06
 32.2296 -2.77631  296.416 -18.2566  23.7127        0
0 0 1
3
0
 2.09997 0.100028 0.899989
-82.6644 -15.5137  41.3322        0        0        0
         -1 1.19998e-05 0.000112424
5
    1.24998   -0.300004 1.34375e-05
 32.9593  7.75688  297.219  -13.681 -5.40642        0
-0 -0  1
4
    1.24999   0.0999958 8.81454e-07
 49.7046  7.75654  291.747  -13.681 -5.40642        0
0 0 1
4
0
 2.09997 0.100053 0.899956
-20.4901 0.977181  10.2451        0        0        0
         -1 1.19998e-05 0.000112424
5
    1.24997   -0.299999 1.71065e-05
  20.9893 -0.976456   305.887  -10.8044   24.4702         0
-0 -0  1
4
     1.24996    0.0999957 -7.67358e-06
  24.6455 -0.976857   301.592  -10.8043   24.1266         0
0 0 1
1
  2.10001 -0.299989  0.899967
-25.1448 0.976957  12.5724        0        0        0
          -1 -4.45486e-05  6.37313e-05
3
0
 2.09997 0.100048 0.899954
4.03897e-28 1.10134e-12 6.05845e-28           0           0           0
         -1 1.19998e-05 0.000112424
4
    1.24997   0.0999966 3.04408e-06
 372.274 -175.179  655.488  -52.446  52.4395        0
0 0 1
1
  2.10001 -0.299992  0.899963
-372.274  175.178 -25.1901        0        0        0
          -1 -4.45486e-05  6.37313e-05
4
0
 2.09998 0.100032 0.899953
-50.2248  10.3261  25.1124        0        0        0
         -1 1.19998e-05 0.000112424
4
    1.24997   0.0999959 6.15272e-06
 87.8911 -4.05901  259.352 -20.7481 -18.0833        0
0 0 1
1
      2.1 -0.300005  0.899968
-92.1423  10.3255  46.0712        0        0        0
          -1 -4.45486e-05  6.37313e-05
5
        1.4   -0.300002 3.96928e-06
  54.476 -16.5927  299.761 -23.9809 -18.0877        0
-0 -0  1
3
0
 2.09998 0.100019 0.899951
-64.3828 -18.3953  32.1914        0        0        0
         -1 1.19998e-05 0.000112424
1
  2.09999 -0.300016  0.899972
-86.7262 -18.3963  43.3631        0        0        0
          -1 -4.45486e-05  6.37313e-05
5
        1.4   -0.300004 7.19477e-06
151.109 36.7915 554.743 5.05284 14.2851       0
-0 -0  1
4
0
      2.1 0.0999959  0.899998
-34.7539  2.61954   17.377        0        0        0
         -1 1.19998e-05 0.000112424
1
      2.1 -0.300012  0.899995
-44.8446  2.61945  22.4223        0        0        0
          -1 -4.45486e-05  6.37313e-05
4
        1.4   0.0999973 1.58461e-06
 43.9206 -2.61965  290.907 -21.8498  23.2728        0
0 0 1
5
        1.4   -0.299999 4.53815e-06
 35.6777 -2.61966  299.591 -21.8497  23.9673        0
-0 -0  1
