   0.375431  -0.0968118    0.736999    0.160123      1.4966   -0.167712  -0.0275845    -1.59199  -0.0151363    0.664783   -0.570418  0.00772875   0.0327892    -1.59046   0.0453382    0.655796    -0.56298  0.00893742  -0.0528316 -0.00699379   -0.687385    0.391496    0.412926    -1.13812   -0.204272    0.438762    0.205728   -0.677028   -0.420759    -0.41611      -1.062   0.0754917    0.356733   -0.189807
  0.163018 -0.0149958   0.766873  0.0791045    1.52471  -0.154488   0.301897   -1.88155   0.328269   0.585012  -0.244112   0.174416  -0.522286   -1.65414  -0.518499   0.210168  -0.092152  0.0342256  0.0658307  0.0421824   -1.26156   0.512998   0.316623   -0.80706  -0.250617   0.640085   0.237225    -1.4301  -0.617198  -0.487204  -0.546442  0.0623896   0.538887   0.283484
 0.261601 0.0448589  0.732125 0.0255905   1.53806 -0.200365  0.234305  -1.91684  0.258407  0.870573 -0.502953  0.261799 -0.516427  -1.67161 -0.513603  0.447398 -0.327394  0.125378 0.0853423  0.205977  -1.05519  0.191886  0.385567  -1.04235 -0.528346  0.602434  0.386594  -1.69337 -0.793987 -0.448968 -0.510129 0.0725284  0.757891  0.398709
   0.280836  -0.0465002    0.747375    0.077329     1.50068   -0.143787     0.20072    -1.81169    0.220688    0.803221   -0.498437    0.119239   -0.504147    -1.72128   -0.503827    0.633615   -0.432009 -0.00581476  -0.0392096   0.0813278   -0.999096    0.345475    0.351281   -0.975937   -0.364918     0.54776    0.254314    -1.51498   -0.720696   -0.492036    -0.54987   0.0383276    0.658748    0.248699
   0.35846 -0.0163764   0.755579  0.0296571    1.50352  -0.171069  0.0730967   -1.57901  0.0846188   0.582756  -0.508228   0.142449  -0.599488   -1.65689  -0.592925   0.240237  -0.102425  0.0935928  0.0543089  0.0963844  -0.844328   0.274216   0.534399  -0.956737  -0.474649   0.343486   0.344713   -1.41234  -0.631046  -0.461174  -0.518453  0.0150326   0.528797   0.276767
  0.394451  -0.122316   0.762316  0.0696868    1.45917  -0.137273   0.234492   -1.36526   0.249271   0.381335   -0.46995  0.0177751  -0.735989   -1.77824  -0.747083   0.563139  -0.298235 -0.0728247  -0.138951  0.0376658  -0.811649   0.402751   0.511442  -0.838551  -0.272102   0.272495  0.0693506   -1.22903  -0.561128  -0.519797  -0.526276 -0.0151303   0.382425  0.0989037
  0.412384 -0.0343842   0.771948   0.109507    1.52368  -0.128397   0.317922    -1.7546   0.331917     0.4927   -0.27192  0.0786903  -0.737214   -1.53592  -0.730321   0.186329   -0.16557  0.0423124  0.0466425 -0.0611296  -0.791579     0.2797   0.674435  -0.910754  -0.388979   0.192216   0.188501    -1.3356      -0.55  -0.440007  -0.531761   0.027119    0.42508   0.213261
  0.286874  -0.109517   0.774141   0.119868    1.51407  -0.124031   0.672667   -1.60917   0.681385          0  0.0861036  0.0285811  -0.706618   -1.66302  -0.704991  0.0707727  0.0559445 -0.0554556  -0.120224  0.0488415    -1.1519   0.406446   0.404935  -0.690974  -0.338585    0.39244  0.0922443   -1.54865  -0.734386  -0.504047  -0.398349  0.0993052   0.520076   0.141198
  0.370348  -0.195182   0.769376   0.129298    1.51181  -0.104329    0.67539   -1.46993   0.680276  0.0115189  -0.031268 -0.0882575  -0.714513   -1.79581  -0.729779   0.445969  -0.217647  -0.174354  -0.275225 -0.0993835   -1.44742   0.592668   0.339836   -0.62187  -0.307067   0.644647  -0.140696    -1.3479  -0.511549  -0.568456  -0.437874   0.083227   0.339454 -0.0240086
  0.396966   -0.14557   0.776804   0.125434    1.50743  -0.105588   0.586381   -1.54682   0.592323   0.170567  -0.127472 -0.0330149  -0.713204   -1.70256  -0.716195   0.393421  -0.230511  -0.106166  -0.177615 -0.0700963   -1.32029   0.550137   0.400369  -0.672426   -0.28092   0.569921 -0.0646956   -1.29999  -0.536301  -0.542135  -0.451369  0.0538528   0.321609  0.0521219
   0.474141   -0.170787    0.775637    0.106479     1.47602    -0.10414    0.537581    -1.43371    0.544842    0.229572   -0.252567  -0.0730093   -0.706427     -1.7772   -0.719986    0.254781 -0.00349233   -0.137997   -0.229504  -0.0208978    -1.16437    0.525841    0.415251   -0.667007   -0.240223    0.449635  -0.0877501    -1.11728   -0.480436    -0.58598     -0.4528   0.0249827    0.167709  0.00117073
   0.47613 -0.0452889   0.771824  0.0713856    1.46851  -0.117347   0.446813   -1.66128   0.464507   0.587887  -0.405341  0.0873264  -0.754406   -1.59831  -0.744403  0.0390473  0.0827971  0.0278648  0.0707348  0.0079039   -1.04159   0.432148    0.57788  -0.704907  -0.254866    0.34042   0.106949   -1.19902  -0.549821  -0.466027  -0.428163  0.0628717   0.256416   0.167823
   0.503074 -0.00193807    0.756127   0.0489613     1.51249   -0.135486    0.412721    -1.71145    0.427609    0.659498   -0.473539    0.145077   -0.773846    -1.57171   -0.765922           0    0.058437    0.086138   0.0963391    0.120033    -1.04911    0.220882     0.61511   -0.839009   -0.452671    0.352507    0.194262    -1.60761   -0.720141   -0.411362   -0.416679    0.141963    0.594043    0.255486
    0.503111 -0.000674811     0.755817    0.0483069      1.51249    -0.135903     0.413316      -1.7134     0.428389     0.662782    -0.475091     0.147051    -0.776924     -1.57123    -0.768957            0    0.0580862    0.0875405    0.0986406     0.121194     -1.04895     0.218723     0.616673    -0.839727    -0.454848     0.352158     0.196488     -1.60902    -0.720518    -0.410393    -0.415949     0.142527     0.594839     0.257039
  0.630406 -0.0287407   0.745064 0.00116163    1.46533  -0.165972   0.400418   -1.44002   0.415422   0.622118  -0.637745   0.112797  -0.813759   -1.72681  -0.814205  0.0970809   0.115162  0.0518713  0.0981145  0.0604248   -0.71678     0.2332   0.758142  -0.851212  -0.433445   0.105684   0.240505   -1.31115  -0.515522  -0.452508  -0.412987  0.0890369   0.347015   0.205638
   0.525209   -0.230485    0.747768    0.116664     1.43222  -0.0414668    0.611137    -1.43908    0.610346    0.453263   -0.422619   -0.150846   -0.742591    -1.80381   -0.773232 8.67362e-19    0.308537   -0.238379   -0.353379  -0.0205371    -1.15172    0.446569    0.593306    -0.59144   -0.261993    0.377011   -0.364094    -1.31405   -0.648103   -0.615632   -0.367367   0.0377499    0.375005  -0.0367099
  0.554318  -0.243962   0.744123  0.0949843    1.46663 -0.0558705   0.568625    -1.3194   0.574563   0.275927  -0.383363  -0.175128  -0.808952   -1.86818  -0.848929   0.083454   0.222982  -0.261799   -0.35116  -0.112356   -1.55165    0.59706   0.424882  -0.489775  -0.424892   0.640891  -0.233471   -1.34475  -0.474462  -0.597969  -0.419094   0.149777   0.350911   -0.13064
  0.590175  -0.178332   0.758205  0.0530264    1.44302 -0.0875856    0.47335   -1.29015   0.484065   0.328658  -0.450166 -0.0950115  -0.788135   -1.83713  -0.819872   0.175759   0.137998   -0.15996  -0.230752 0.00499969    -1.3863   0.569272   0.375753  -0.500749  -0.323751   0.518349 -0.0677435   -1.26126  -0.528898   -0.56373  -0.423699  0.0685813   0.307404 -0.0122711
  0.653968 -0.0700651   0.748832 -0.0158278    1.47901  -0.137065   0.365845   -1.27872   0.383173   0.378491  -0.559038  0.0452035  -0.999112   -1.78173   -1.01306   0.181092  0.0241465 -0.0258936 -0.0275757   0.235695   -1.19421   0.293115   0.523948  -0.695404  -0.426244   0.413297   0.100318   -1.61686  -0.777415  -0.475704  -0.416647   0.153481   0.627823   0.194687
  0.751903 -0.0761404     0.7271 -0.0756119    1.38791  -0.181509   0.386268    -1.0393   0.433713   0.425006  -0.731002  0.0419564   -0.95158   -1.90125  -0.995284   0.676265  -0.304713 -0.0202113  0.0136318   0.249078   -0.84818   0.291409   0.618038  -0.778298  -0.330431   0.264793   0.103145    -1.3296  -0.617857  -0.501775  -0.402872   0.101669   0.443109   0.139726
    0.855967    0.0884842     0.702239   -0.0495708      1.50629    -0.213934     0.178438     -1.55974     0.192025     0.810619    -0.758436     0.261799    -0.780104     -1.62205    -0.769248     0.431448    -0.331547     0.228198     0.419332    0.0984534    -0.700419 -8.67362e-19     0.983397    -0.942636    -0.387453    0.0234865     0.257029     -1.40055    -0.462142    -0.287368    -0.447788     0.195252     0.504452     0.290859
   0.727988   -0.239769    0.759763    -0.14415     1.44089    0.162075    0.553321    -1.26396    0.532909    0.147183     -0.2839   -0.174595   -0.873393    -1.86853   -0.947476    0.523196   -0.213888   -0.261799   -0.349415   0.0317637    -1.16414    0.548664    0.267734   -0.556528   -0.184425    0.388922    -0.13677    -1.31421   -0.656217   -0.630102   -0.397659 -0.00687121    0.382417  -0.0109005
  0.648564  -0.198279   0.752611  -0.964016    1.59737   0.996101   0.862719   -1.52526   0.886033   0.201464  -0.244775  -0.067483  -0.983473   -1.78638  -0.969464          0   0.108636   -0.20959  -0.293983   -0.18534   -1.95553    0.64766  0.0709977  -0.292261  -0.405223   0.728863 -0.0452637   -1.73711    -0.6003  -0.384716  -0.250279  0.0785484   0.467015 -0.0576799
 0.769864 0.0716423  0.731025  -1.17994   1.36191  0.982402  0.688537  -1.71786   0.52725  0.894873 -0.651943  0.261799 -0.809254  -1.60481 -0.987249  0.376999 -0.242837  0.158887  0.327514  0.156056  -1.27532  0.414456  0.225359 -0.609023 -0.459493  0.567691  0.581384  -1.49992 -0.789611 -0.507342 -0.213077 -0.103198  0.423377  0.558036
   0.824612 -0.00219052     0.74474    -1.17023     1.30007    0.980821    0.794615    -1.53583    0.565364    0.806404   -0.686656    0.153555   -0.830945    -1.71048    -1.08029    0.208648   0.0080004   0.0478848    0.314039    0.134652      -1.144    0.450696    0.311117   -0.581395   -0.439485    0.428189    0.485066    -1.31335   -0.680849   -0.556175    -0.21982   -0.159268    0.261826    0.500132
  0.902421  -0.136443   0.736165   -1.09764    1.18407   0.931786   0.953116   -1.26503   0.618485   0.746384  -0.767735 -0.0504208  -0.809365   -1.86117   -1.20389   0.646717  -0.304286  -0.148257   0.208709   0.130777  -0.976513    0.54812   0.203421  -0.573844    -0.2292    0.33455    0.29141   -1.05997  -0.492878  -0.690137  -0.251764  -0.318002  0.0411474   0.497648
  0.946407  -0.190702   0.761141   -1.03751    1.28042    1.04824   0.971584   -1.45942   0.710728   0.506082  -0.446837  -0.102398   -0.81132   -1.78735   -1.10247   0.554876  -0.309738  -0.223932  0.0102828  0.0129741   -1.07021   0.588672   0.144514  -0.444211   -0.17458    0.22498   0.160299   -1.00601  -0.453873  -0.636751  -0.288899  -0.303832 -0.0608261   0.307803
   0.803539  -0.0157358    0.772507    -1.25639     1.28291     1.25023     1.02383    -1.78019    0.774031    0.486511   -0.245072    0.140135   -0.988391    -1.56329    -1.26167 3.46945e-18   0.0872663 0.000975015    0.286952  -0.0279387    -1.32843    0.466417    0.346318   -0.461745   -0.525844    0.403762    0.415193    -1.36843     -0.7052   -0.486219   -0.284141   -0.175049    0.307697    0.418498
  0.861769 -0.0816599    0.77031   -1.31469    1.40052    1.30387   0.873974   -1.64698   0.713211   0.403053  -0.300544  0.0569348  -0.900348   -1.65667   -1.06958  0.0602071  0.0259298 -0.0682296 -0.0248363   0.052975   -1.28932   0.344387   0.286727  -0.588642  -0.611932   0.447348   0.324409   -1.62375  -0.900167  -0.525393   -0.24455  -0.121578   0.490177    0.34483
   0.837357   -0.195593      0.7637    -1.26818     1.40866     1.30839    0.955021    -1.50893    0.797355    0.180546   -0.181809  -0.0878549   -0.891818    -1.77737    -1.06523   0.0978947   0.0457863   -0.224091   -0.224894 -0.00484343    -1.48229    0.426466    0.245586   -0.422342    -0.53646     0.48408   0.0620131    -1.60605   -0.892009    -0.56477   -0.211219   -0.136792     0.46231    0.198589
  0.886126  -0.232562   0.750929    -1.3401    1.52196    1.35453   0.908046   -1.43011   0.864038   0.198541   -0.27965  -0.121576  -0.947335   -1.86247    -1.0171   0.215242 -0.0478967  -0.261799  -0.354525  -0.207057   -1.86241   0.584451   0.219432   -0.37744  -0.598986   0.760141  -0.110605   -1.61502  -0.590173  -0.504644  -0.196082 -0.0852621   0.342151  0.0386524
  0.898812  -0.188008   0.759354    -1.3247    1.47176    1.32191     0.8938    -1.4695   0.798506   0.264002  -0.310329 -0.0709594  -0.920116   -1.81091   -1.03402   0.229917 -0.0805246  -0.204273  -0.241058  -0.146397   -1.76202   0.556097   0.247735  -0.416741  -0.573243   0.712232 -0.0334957   -1.57583  -0.631438  -0.524182  -0.211655  -0.119046   0.340244    0.14458
   1.04944  -0.142627   0.757513   -1.16717    1.22481    1.07145   0.858742   -1.30967   0.545086   0.515087  -0.575057 -0.0656908  -0.796109   -1.81504    -1.1512   0.389012  -0.120557  -0.155253   0.123971  0.0637164    -1.2399   0.495585    0.42344  -0.477711  -0.427816   0.383156  0.0837427   -1.14255  -0.567134  -0.549596  -0.315191  -0.220992   0.152384    0.22924
    1.0675 -0.0777831   0.754169   -1.16515    1.27504    1.00852    0.74625   -1.33515   0.488055   0.584621  -0.636554  0.0256669  -0.719235   -1.78854   -1.01164   0.399803  -0.124229 -0.0496556   0.202234   0.102274   -1.11302   0.363851   0.653808   -0.67782  -0.463816   0.380239  0.0371338   -1.11584  -0.578061  -0.520008  -0.371471  -0.285988   0.197065   0.373552
   1.08068 -0.0642551   0.745265   -1.24009    1.31424    1.05362   0.751328   -1.33826   0.524098    0.59027  -0.665763  0.0557024  -0.774632   -1.80417   -1.03663   0.384195  -0.135356 -0.0297031   0.105741   0.202514   -1.14301   0.239488   0.525813  -0.749697  -0.634472   0.437089   0.185213    -1.4746  -0.848765  -0.484012  -0.342245  -0.190483   0.521904   0.327523
   1.09847  -0.210401   0.736844    -1.1638    1.13455    1.08716   0.953621   -1.16386   0.556687   0.465067   -0.61346   -0.17772  -0.789197   -1.87958    -1.2557   0.609313  -0.304009  -0.261799 0.00204986   0.117816   -1.27528   0.424556   0.364676  -0.415434   -0.56151   0.380401  0.0439856   -1.32635   -0.80127  -0.645714  -0.223823  -0.270847   0.354457   0.235027
     1.1613   -0.209558    0.755393    -1.10974      1.2144     1.15367     0.94737    -1.42537    0.612214    0.445571   -0.422535   -0.151722   -0.808614    -1.77985    -1.17238    0.597356   -0.370663   -0.261799  -0.0598666 -0.00616666    -1.15519    0.471568    0.396415    -0.40084   -0.508214    0.241231   0.0428213    -1.22993   -0.699516   -0.637439   -0.263385   -0.287591    0.251591    0.216643
  1.09363 -0.218797  0.763188  -1.13531   1.32235   1.16563   1.02885  -1.45204  0.794931  0.319772 -0.305707 -0.126614 -0.861682  -1.81445  -1.12417   0.36487  -0.15838 -0.261799 -0.163817 0.0117639  -1.35862  0.474186  0.329767 -0.371386 -0.506225  0.355503 0.0078057  -1.40562 -0.791079 -0.574788 -0.268379 -0.184611  0.376525  0.128437
   1.10231     -0.234   0.752604   -1.24187    1.46402    1.25292   0.921752   -1.40696   0.822868   0.218236  -0.296633  -0.132699  -0.845804   -1.87262  -0.977302   0.324078  -0.117257  -0.261799  -0.280213  -0.172418    -1.7842   0.574922   0.348235  -0.427428  -0.612176   0.728079  -0.162637   -1.54625  -0.572005  -0.470504  -0.256689 -0.0565968   0.347471 -0.0275984
   1.11789  -0.232956   0.752951   -1.20938    1.42361    1.22008   0.914186   -1.39068   0.777473   0.236892  -0.315119  -0.140389  -0.798685   -1.87188  -0.971317   0.399659  -0.174173  -0.261799  -0.246164  -0.154578   -1.73173   0.570738   0.362227  -0.426067  -0.599662   0.696454  -0.154027   -1.49731  -0.572127  -0.486067   -0.25403 -0.0751322   0.317008  -0.014329
   1.37916 -0.0452019   0.741769    2.77419    1.73201   -2.80766   0.199848   -1.59846   0.147274   0.806989  -0.627383  0.0335152  -0.362771   -1.46298  -0.411544   0.620283  -0.566775  0.0729728   0.238731  0.0357891   -0.89306   0.403775   0.511243  -0.411215   0.566071  -0.042367  -0.485923  -0.794039  -0.437168  -0.477672  -0.848047   0.157772   0.335566  0.0409536
