4
0
    0.699984     0.100015 -5.36576e-08
0.000831839 -0.00112915     220.267           0           0           0
0 0 1
1
    0.699995    -0.299988 -4.54467e-06
 0.000160046 -0.000913014      201.015            0            0            0
-0 -0  1
4
-1.16295e-05 -9.20368e-06  4.82732e-06
-0.000246454   0.00100311      109.321    0.0481351     -0.15162            0
0 0 1
5
-5.55721e-06    -0.200009  5.16095e-06
-0.000973383  0.000987028      99.6955    0.0481351     -0.15162            0
-0 -0  1
3
0
   0.699985    0.100014 2.90414e-06
 0.00143671 -0.00243708     298.293           0           0           0
0 0 1
4
-9.83138e-06 -6.00574e-07  7.47554e-06
-0.000579693 -0.000571339      30.3504     -1.35645    -0.576594            0
0 0 1
5
-3.18237e-06    -0.200012  1.00982e-05
-0.000853191   0.00298608      301.654     -1.35645    -0.576594            0
-0 -0  1
4
0
   0.699988    0.100016 5.69885e-06
 0.000342116 -3.29225e-05      282.814            0            0            0
0 0 1
4
-8.06702e-06   2.5276e-05  5.50275e-06
0.000196145  0.00116749     191.781    0.548672  -0.0516747           0
0 0 1
5
-2.66025e-06    -0.200011  1.29166e-05
-0.000499249  -0.00290021      82.0297     0.548672   -0.0516747            0
-0 -0  1
1
   0.899991   -0.300005 1.32546e-06
-5.64011e-05   0.00205434       73.673            0            0            0
-0 -0  1
3
0
   0.699997    0.100014 2.51446e-05
-0.000694963 -0.000779448      158.221            0            0            0
0 0 1
4
-1.17205e-05  1.44952e-05  2.59228e-05
-0.000616065 -0.000288749      292.252    -0.139746     0.171511            0
0 0 1
1
    0.89999    -0.30004 3.50172e-05
0.000779981 0.000491062     179.826           0           0           0
-0 -0  1
4
0
   0.699994    0.100004 2.71578e-05
-0.00155825 0.000344103     249.412           0           0           0
0 0 1
4
-7.00438e-06  3.50746e-05   2.5314e-05
-0.000806449  -0.00324766      158.727     0.336256   -0.0815324            0
0 0 1
1
   0.899985    -0.30005 3.78049e-05
-1.93142e-05   -0.0020327        131.2            0            0            0
-0 -0  1
5
   0.200004   -0.250004 4.39236e-06
0.00240372 0.00499062    90.9582   0.336256 -0.0815324          0
0 0 1
3
0
   0.699985   0.0999998 3.75262e-05
-0.00406611  0.00377041     275.496           0           0           0
0 0 1
1
   0.899981     -0.3001 6.52216e-05
 0.00480544 -0.00468928     89.2196           0           0           0
-0 -0  1
5
   0.199994       -0.25 3.77157e-05
-0.00175584 0.000464716     265.583    0.352242    0.226747           0
0 0 1
4
0
   0.699976   0.0999917 4.45582e-05
 -0.001313 0.00314716    215.865          0          0          0
0 0 1
1
   0.899969    -0.30014 8.57699e-05
-0.00160388  -0.0030066     157.528           0           0           0
-0 -0  1
5
   0.200002   -0.250004 4.93197e-05
0.00147053 -0.0024149    99.3031    0.19433 -0.0971037          0
0 0 1
4
        0.2   0.0500058 2.72799e-05
0.000828329  0.00186799     157.603     0.19433  -0.0971037           0
-0 -0  1
3
1
   0.899968   -0.300142 8.62956e-05
-0.00203382 -0.00157308     234.016           0           0           0
-0 -0  1
5
   0.200002   -0.250004 5.18255e-05
0.00721915 -0.0124624    30.2819    1.11903  -0.371225          0
0 0 1
4
   0.200004   0.0500099 2.81221e-05
-0.00518158    0.014062         366     1.11903   -0.371225           0
-0 -0  1
4
1
   0.899964   -0.300174 9.92266e-05
0.000681847  0.00602986     178.256           0           0           0
-0 -0  1
5
   0.199999   -0.250005 7.16992e-05
0.000141985  0.00264997     185.824   -0.139767   0.0208295           0
0 0 1
4
   0.200007   0.0500115 3.76239e-05
-0.000367411  -0.00211256      143.892    -0.139767    0.0208295            0
-0 -0  1
0
        0.9   0.0999905 5.38482e-06
-0.00100554 -0.00708591     122.327           0           0           0
0 0 1
3
1
   0.899961    -0.30017 9.96962e-05
0.0121272 0.0266596   288.634         0         0         0
-0 -0  1
4
   0.200011   0.0500166 4.46671e-05
-0.000354344   0.00527406      311.305    -0.645397     0.355283            0
-0 -0  1
0
   0.899994    0.100002 9.11812e-06
 -0.011975 -0.0317986    30.3584          0          0          0
0 0 1
4
1
   0.899963    -0.30016 0.000105034
-0.00177765  0.00453331     181.584           0           0           0
-0 -0  1
4
  0.20001 0.0500121 4.956e-05
0.000224437  0.00126683     135.703   -0.086837  -0.0221068           0
-0 -0  1
0
   0.899992    0.100022 2.05679e-05
0.000976137  -0.0028014     146.835           0           0           0
0 0 1
5
   0.399999   -0.250001 7.77771e-06
0.000483458 -0.00280438     166.176   -0.086837  -0.0221068           0
-0 -0  1
3
4
   0.200009    0.050011 5.67612e-05
-0.0113949  0.0149949    30.5918  -0.647208   -0.41861          0
-0 -0  1
0
    0.89999    0.100031 2.49256e-05
0.00163699 -0.0014865    291.232          0          0          0
0 0 1
5
       0.4  -0.250002 1.0986e-05
0.00953356 -0.0134527    308.474  -0.647208   -0.41861          0
-0 -0  1
4
4
  0.200009   0.050011 5.9658e-05
-0.000133853  -0.00496261      177.594     0.273392   -0.0466423            0
-0 -0  1
0
   0.899989    0.100032 2.64043e-05
0.00191395 -0.0028238    223.917          0          0          0
0 0 1
5
 0.400002 -0.250002 1.242e-05
-0.000910367   0.00596522      104.903     0.273392   -0.0466423            0
-0 -0  1
1
        1.1   -0.300001 2.07949e-06
-0.000924666   0.00183974      123.883            0            0            0
0 0 1
3
4
   0.200009    0.050011 6.20029e-05
  0.00350631 -0.000981179      274.133    -0.192244     0.156114            0
-0 -0  1
0
   0.899988    0.100033 2.75891e-05
-0.00251525  0.00148758     155.243           0           0           0
0 0 1
1
        1.1   -0.300002 3.74692e-06
 -0.00104554 -0.000500067      200.922            0            0            0
0 0 1
4
4
   0.200006   0.0500045 7.82136e-05
-0.00330068 -0.00352144     129.866    0.279488   -0.139259           0
-0 -0  1
0
   0.900003     0.10006 4.21119e-05
 0.00251876 -0.00450824     241.334           0           0           0
0 0 1
1
       1.1  -0.299995 1.4898e-05
-2.19082e-05 -6.72013e-05      157.378            0            0            0
0 0 1
5
 0.600008 -0.250008 1.326e-05
0.000997175  0.00830241      101.72    0.279488   -0.139259           0
0 0 1
3
4
   0.200015   0.0500096 0.000106943
-0.00564671  -0.0217642     263.805     1.58484   -0.668514           0
-0 -0  1
1
    1.10001    -0.29998 4.17742e-05
-0.00163582  -0.0201982     310.786           0           0           0
0 0 1
5
   0.600013   -0.250024 3.81155e-05
0.0064559 0.0421075   55.7092   1.58484 -0.668514         0
0 0 1
4
4
   0.200015   0.0500093 0.000107531
0.000721276  0.00587048     149.581   -0.289592   0.0644517           0
-0 -0  1
1
    1.10001   -0.299981 4.25818e-05
0.00384616 0.00586203    192.929          0          0          0
0 0 1
5
    0.60001   -0.250024 3.98281e-05
0.00262514 -0.0053798    210.687  -0.289592  0.0644517          0
0 0 1
0
       1.1   0.100001 4.3661e-07
-0.00722521 -0.00634287     77.1005           0           0           0
0 0 1
3
4
   0.200017   0.0500115 0.000108477
-0.0216031  0.0134682     30.464  -0.876914  -0.245889          0
-0 -0  1
5
   0.600009   -0.250023 4.18798e-05
 0.0208519 -0.0101615    391.914  -0.876914  -0.245889          0
0 0 1
0
        1.1    0.100001 7.23627e-08
0.000706507 -0.00336168     207.919           0           0           0
0 0 1
4
4
   0.200023   0.0500171 0.000118747
-0.000312463  -0.00243833      161.622      0.13488   -0.0269768            0
-0 -0  1
5
   0.600009   -0.250023 5.33488e-05
-0.00187546  0.00194692     131.944     0.13488  -0.0269768           0
0 0 1
0
    1.09999    0.100036 1.58113e-05
0.00301903 0.00146556    192.646          0          0          0
0 0 1
1
    1.30001   -0.299994 1.36975e-05
 -0.00135995 -0.000467377      144.087            0            0            0
-0 -0  1
3
5
  0.600009  -0.250023 5.5812e-05
 0.00654624 -0.00317672     295.123    0.516798    0.341808           0
0 0 1
0
    1.09999    0.100036 1.57192e-05
0.00234051 0.00397701    305.136          0          0          0
0 0 1
1
        1.3   -0.299997 1.44398e-05
 -0.00895071 -0.000788815      30.0385            0            0            0
-0 -0  1
4
5
    0.60001   -0.250022 5.91691e-05
-0.00577836  -0.0161439      44.643    0.453399   -0.179645           0
0 0 1
0
    1.09999     0.10005 2.01012e-05
 0.0003483 0.00284238    293.179          0          0          0
0 0 1
1
    1.30001    -0.29999 1.65084e-05
0.00201252  0.0049807    147.737          0          0          0
-0 -0  1
4
        0.4   0.0499979 3.52297e-06
 0.0034539 0.00857602    144.739   0.453399  -0.179645          0
-0 -0  1
3
5
   0.600015   -0.250028 6.60115e-05
-0.0153726 -0.0346711    50.5554    1.01362  -0.450367          0
0 0 1
1
        1.3   -0.299988 2.07729e-05
0.00501013  0.0113118    315.161          0          0          0
-0 -0  1
4
   0.400002   0.0499957 8.68775e-06
0.0103881  0.023395   264.581   1.01362 -0.450367         0
-0 -0  1
4
5
   0.600016    -0.25003 6.82449e-05
0.00212641 0.00774768    199.961  -0.160298  0.0611298          0
0 0 1
1
       1.3  -0.299986 2.2245e-05
-0.000839032  -0.00177729      165.179            0            0            0
-0 -0  1
4
   0.400005   0.0499974 1.08256e-05
-0.000461398 -0.000841586      164.094    -0.160298    0.0611298            0
-0 -0  1
0
        1.3    0.100003 1.67249e-06
-0.000867218  -0.00507493      101.064            0            0            0
-0 -0  1
3
1
    1.30001   -0.299966 2.35176e-05
-0.000250142  -0.00105758      135.754            0            0            0
-0 -0  1
4
   0.400015   0.0500086 2.37796e-05
0.00027736 0.00020603    259.853    0.24734  0.0417099          0
-0 -0  1
0
    1.29999    0.100043 1.18293e-05
-0.000147223   0.00183335      234.691            0            0            0
-0 -0  1
4
1
        1.3   -0.299973 4.18693e-05
-0.00108752 -0.00309134     120.246           0           0           0
-0 -0  1
4
   0.400021   0.0500269 4.51813e-05
-0.00074691 -0.00266078     167.299    0.297874  -0.0635589           0
-0 -0  1
0
    1.29999    0.100051 2.68512e-05
0.000496871  0.00138204     239.399           0           0           0
-0 -0  1
5
   0.799999   -0.249997 1.82531e-05
0.000492156  0.00473042     103.354    0.297874  -0.0635589           0
0 0 1
3
1
    1.29999   -0.300001 5.45233e-05
 0.00671035 -0.00862301     32.7681           0           0           0
-0 -0  1
0
    1.29998    0.100044 3.16609e-05
-0.00420903  0.00431049     259.082           0           0           0
-0 -0  1
5
   0.799994   -0.249997 3.63248e-05
-0.00316545  0.00387733     338.448    0.565722    0.554803           0
0 0 1
4
1
    1.29999   -0.299988 5.99372e-05
-0.00243132  0.00087601     217.464           0           0           0
-0 -0  1
0
    1.29998    0.100095 6.06582e-05
-0.00109014 0.000970212     165.206           0           0           0
-0 -0  1
5
  0.799998  -0.249999 4.5668e-05
-0.000647631  0.000789747      154.661    -0.130618    -0.112551            0
0 0 1
4
   0.600003   0.0500011 1.85075e-05
 0.00347577 -0.00204682     92.9676   -0.130618   -0.112551           0
-0 -0  1
3
0
    1.29996    0.100083 5.70955e-05
-0.00176838 0.000506526     270.706           0           0           0
-0 -0  1
5
   0.800019   -0.250001 5.50846e-05
-0.00355747  0.00313076     258.642   -0.347372    -0.26738           0
0 0 1
4
  0.599987  0.0499957 3.1241e-05
 0.00481156 -0.00382215      100.95   -0.347372    -0.26738           0
-0 -0  1
4
0
    1.29996    0.100084 5.88422e-05
0.000600485   -0.004356     192.001           0           0           0
-0 -0  1
5
   0.800019       -0.25 5.76278e-05
-0.000650885  -0.00235909      131.492     0.166736  -0.00427993            0
0 0 1
4
  0.599988  0.0499965 3.3709e-05
0.000528271  0.00234693     180.655    0.166736 -0.00427993           0
-0 -0  1
1
        1.5   -0.300004 2.37842e-06
-0.000593905   0.00434031       126.15            0            0            0
-0 -0  1
3
5
    0.80002   -0.250002 6.30859e-05
-0.0167349 -0.0245158    32.0868    1.24831   -0.44398          0
0 0 1
4
   0.599994   0.0500011 3.96536e-05
0.0103737 0.0158726    317.77   1.24831  -0.44398         0
-0 -0  1
1
        1.5   -0.300002 5.23275e-06
0.00616598 0.00872377    280.441          0          0          0
-0 -0  1
4
5
   0.800021   -0.250002 6.36826e-05
0.00281162 0.00452875    199.375  -0.192357  0.0431612          0
0 0 1
4
  0.599994  0.0500009 3.9637e-05
-0.000702833  -0.00174779      150.302    -0.192357    0.0431612            0
-0 -0  1
1
        1.5   -0.300002 5.48557e-06
 0.000712583 -0.000887084      178.781            0            0            0
-0 -0  1
0
        1.5    0.100001 2.86933e-07
-0.00281396 -0.00188703      101.84           0           0           0
-0 -0  1
3
4
   0.599996   0.0500015 3.98694e-05
0.00403756 0.00322737    297.482  -0.678629   0.258747          0
-0 -0  1
1
        1.5   -0.300001 6.20419e-06
 0.00295787 3.84715e-06     302.132           0           0           0
-0 -0  1
0
        1.5    0.100003 1.38321e-06
-0.00701054 -0.00326768     30.6832           0           0           0
-0 -0  1
4
4
        0.6   0.0499963 4.77278e-05
-0.00117405 0.000366435     130.394  -0.0158257  -0.0451053           0
-0 -0  1
1
        1.5   -0.299975 1.37787e-05
0.000456349 8.41593e-05     176.526           0           0           0
-0 -0  1
0
        1.5    0.100057 2.56296e-05
-0.000191509  0.000271701      170.195            0            0            0
-0 -0  1
5
         1  -0.250001 1.2946e-05
  0.00047975 -7.06731e-05      153.183   -0.0158257   -0.0451053            0
-0 -0  1
3
4
   0.599999   0.0499984 5.40565e-05
-0.00689455  0.00694847     31.6418   -0.541948   -0.307655           0
-0 -0  1
0
    1.49998    0.100081 3.11042e-05
-0.000270359   0.00236315      281.377            0            0            0
-0 -0  1
5
   0.999996   -0.249999 1.80948e-05
 0.00678681 -0.00905003     317.279   -0.541948   -0.307655           0
-0 -0  1
4
4
   0.599997   0.0500005 7.32672e-05
-0.000707189  -0.00238515      158.227     0.237522   -0.0582862            0
-0 -0  1
0
  1.49997  0.100093 4.021e-05
 0.00169029 -0.00299085     222.579           0           0           0
-0 -0  1
5
   0.999992   -0.249997 3.11589e-05
-0.0010721 0.00385739    110.286   0.237522 -0.0582862          0
-0 -0  1
1
        1.7   -0.300012 1.32476e-05
-0.000498146   0.00153342      139.206            0            0            0
0 0 1
3
0
   1.49996   0.100093 4.6362e-05
  0.0053008 -0.00317579     227.934           0           0           0
-0 -0  1
5
  0.999994  -0.249997 3.5538e-05
 0.00185105 -0.00206496     351.352    0.236122    0.412197           0
-0 -0  1
1
       1.7  -0.300008 1.3104e-05
-0.00725145  0.00525505     51.0119           0           0           0
0 0 1
4
0
    1.49996    0.100093 4.65262e-05
-0.000525691   0.00244739      141.778            0            0            0
-0 -0  1
5
   0.999994   -0.249997 3.55957e-05
-0.000713023   0.00192718      167.008     -0.12711   -0.0385399            0
-0 -0  1
1
    1.69999   -0.300006 1.33172e-05
5.86349e-05 -0.00212142     200.342           0           0           0
0 0 1
4
        0.8        0.05 7.44199e-08
 0.00117744 -0.00224017     121.169    -0.12711  -0.0385399           0
-0 -0  1
3
5
   0.999995   -0.249997 3.67064e-05
-0.00891101  -0.0248449     30.3712       1.193   -0.481914           0
-0 -0  1
1
   1.69999  -0.300007 1.3794e-05
0.00250262 0.00769715    308.043          0          0          0
0 0 1
4
        0.8   0.0499996 2.57086e-07
0.00642201  0.0171503    291.883      1.193  -0.481914          0
-0 -0  1
4
5
   0.999997   -0.249999 3.73927e-05
0.000979838   0.0048234     199.371   -0.211664   0.0334955           0
-0 -0  1
1
    1.69999   -0.300007 1.41644e-05
0.000255827 0.000663016     186.509           0           0           0
0 0 1
4
   0.800001   0.0499996 3.93604e-07
-0.000583475  -0.00322381      142.573    -0.211664    0.0334955            0
-0 -0  1
0
        1.7    0.100002 3.64666e-07
-0.000638453  -0.00225783      101.844            0            0            0
-0 -0  1
3
5
   0.999997   -0.249999 3.76209e-05
0.00636115 0.00287447    373.063   0.374856   0.429539          0
-0 -0  1
1
      1.7 -0.300007  1.45e-05
-0.00468169 -0.00402029     53.6471           0           0           0
0 0 1
0
        1.7    0.100002 7.15705e-07
-0.00170992  0.00114664     203.588           0           0           0
-0 -0  1
4
0
    1.69999    0.100002 1.24677e-06
-0.000106113  0.000363029      223.023            0            0            0
-0 -0  1
1
    1.69999   -0.299999 6.65117e-07
 0.00039122 0.000392624     202.671           0           0           0
0 0 1
4
   0.999994   0.0500011 3.16951e-06
-0.000359068 -0.000444385      109.934    0.0508826    -0.157925            0
-0 -0  1
5
   0.999994   -0.249999 2.46368e-06
 5.65028e-05 -0.000408471      94.6695    0.0508826    -0.157925            0
-0 -0  1
