    0.892671   -0.0191674      0.95783   -0.0105976   -0.0353956    0.0267116    0.0788019    -0.458175   -0.0334518     0.741072     -0.24991   -0.0829859   -0.0311674    -0.446869   -0.0289934     0.740588     -0.25764    0.0292569   0.00010873  -0.00163887     0.956914   0.00772743   0.00150577     -1.91999 -0.000490356    -0.524224  -0.00193652     0.960553  -0.00986163  6.40194e-05     -1.91815  0.000557603    -0.523711  0.000680927
  0.890175   0.181508   0.935559 -0.0340582  0.0233506  0.0712725  -0.165921  -0.586328 -0.0883802   0.844452  -0.271168   0.150754  -0.262193  -0.424709 -0.0820989   0.618086  -0.198694   0.261799  0.0916276   0.127422    0.84158  0.0407345    0.23646   -2.12177   0.205167  -0.420122   0.161199   0.714795  -0.526652  -0.847154   -1.58995   -0.43964  -0.146173  -0.373731
    0.95722    0.177935    0.934251  -0.0098336    0.209272 -0.00372978   -0.162021   -0.665668  -0.0334088    0.752335   -0.294036    0.154491   -0.274614      -0.527  -0.0558153    0.517129   -0.193166    0.261799    0.101786   -0.128086    0.533633    0.260933    0.302259    -2.23198    0.208905  -0.0364665    0.171795    0.539015   -0.578349   -0.716861    -1.94475   -0.394968 -0.00510931   -0.320109
   0.934481    0.176586    0.930403 -0.00328286     0.24096  -0.0180777   -0.163436   -0.734816  -0.0244519    0.750766   -0.256727     0.15489   -0.281017   -0.603549   -0.052896    0.521683   -0.155189    0.261799    0.102208   -0.111179    0.486026    0.302303    0.337738    -2.23307    0.222793 -0.00480259    0.193805    0.483357   -0.609058   -0.732743    -1.95148   -0.395892    0.042245   -0.316781
   0.960228    0.117879    0.951931 -0.00269895    0.219007 -0.00518914  -0.0866581   -0.600188  -0.0148332    0.622835   -0.241299   0.0831027   -0.201995   -0.484658  -0.0401149    0.423778   -0.154976    0.190592  -0.0826661  -0.0963309    0.577202    0.405376    0.342066    -2.29442    0.199704   0.0757107    0.169455     0.52955   -0.905694   -0.888978    -1.93035   -0.622518    0.203861   -0.533256
   0.959354    0.117873     0.95203 -0.00130396    0.220428 -0.00809869  -0.0867366    -0.60056  -0.0119138    0.618663   -0.238403   0.0835328   -0.202462   -0.485464  -0.0376008    0.418461   -0.150767    0.190952  -0.0877338  -0.0972411    0.577327    0.404661    0.345543    -2.29982    0.195304   0.0826617    0.170995    0.528005   -0.910329   -0.881766    -1.92195    -0.61405    0.193939   -0.546116
   0.904079     0.18431    0.980168   -0.378858    0.241574    0.105122    0.210241   -0.675392  -0.0543705    0.511649   -0.095184    0.127638   -0.110521    -1.21495   -0.240825     1.23608   -0.261872    0.261799    0.383167    -0.11819    0.317278    0.346985    0.254474    -2.05603    0.161663 -0.00740056    0.141563    0.568797    -1.17759   -0.883204    -1.67296   -0.656319   0.0601763   -0.580163
  0.817626   0.184302   0.921944  -0.316457   0.237839  0.0521145   0.146137    -1.0248 -0.0222136   0.932736  -0.150872   0.146743  -0.328348   -1.44892  -0.385752     1.3731  -0.153718   0.261799   0.423481 -0.0404009  0.0840892    0.57431   0.262195   -1.85976   0.316793  0.0372024   0.270624   0.522537   -1.59671  -0.858537   -1.40279  -0.774279   0.164062  -0.613183
 0.843884   0.19814  0.934801 -0.313638   0.13282   0.13428 0.0449424 -0.864815 -0.168913  0.912384 -0.194446  0.139282 -0.398812  -1.27147 -0.469676   1.42962 -0.265097  0.261799  0.523599 -0.126885  -0.24055  0.793033  0.381758  -1.84225  0.459768   0.46784  0.405831  0.427333  -1.56229 -0.820427  -1.51771  -0.73556  0.329431 -0.525298
  0.84419  0.198119  0.935115 -0.313216   0.12947  0.135873 0.0435603 -0.860541 -0.171426  0.912372 -0.195467   0.13881 -0.398148  -1.26716 -0.469068   1.43125 -0.267347  0.261799  0.523599 -0.129585 -0.236143  0.799265  0.375701  -1.83868  0.451613  0.460978  0.421385   0.42635  -1.56272 -0.814928  -1.51611 -0.731864  0.327322 -0.530045
  0.871034   0.166229   0.962213  -0.373137   0.172014   0.177498    0.15357   -0.80037    -0.1769   0.742469  -0.148508  0.0899324  -0.279066   -1.22794  -0.470982    1.34776  -0.282428   0.205695   0.419116 -0.0631384  -0.354764   0.827017   0.165792   -1.96345   0.273408   0.596639   0.494248   0.151281   -1.77364  -0.802584   -1.20621  -0.722743   0.578899  -0.614033
  0.841865  -0.189653    0.87291   -46.5689   -3.22898   -47.2597  -0.265316  -0.264311    0.10845          0   0.142937  -0.261799  -0.611995   -1.87481  -0.333315    2.02011   -0.28545  -0.261799  -0.523599   0.148418  -0.660504       1.56  -0.445784  -0.574262 -0.0818315  -0.837702    1.59244   -1.76149  -0.598814   0.285626  -0.585372   0.419294   0.847622  -0.611562
  0.805613  -0.100569   0.900325   -9.32074    2.52238    15.4423    0.41748  -0.967378   0.487964   0.257367   0.148934  -0.110471   -1.43006   -1.91986    -1.5708   0.903165  0.0901238  -0.261799  -0.396471  -0.941293    -2.6643   0.373697  -0.319564  -0.981128    1.76715  -0.958584       2.55   0.841259   -3.10726    2.19889   0.255266    1.98538 -0.0726011   -1.78072
  0.870011 -0.0502361   0.932808   -4.01287   -3.31693   -2.52162   0.939488  -0.974681  -0.211568   0.137619   0.215916  -0.261799  -0.107537   -1.37752   -1.15931    1.17006  -0.299955  -0.170794   0.172033  -0.857652    1.00766    3.17028     1.9095 -0.0839957       2.55   -1.07022   -2.48796    -1.2407   -1.02568   0.720686  -0.226251  0.0796147   -0.33969    -1.9415
    0.996985    -0.274598      1.13237    -0.175965    -0.212218    -0.312433     0.503858     0.394413    -0.558505 -1.07553e-16    -0.307909    -0.261799     0.440089   -0.0329693     0.188402     0.559078    -0.204045    -0.261799     0.110334     0.180585    -0.394698     0.928675     0.665581    -0.582536         2.55    -0.239804     -2.35302      -1.1809    -0.252504      1.01385    -0.168201     0.399264     0.581501      -1.7728
  0.956948  -0.249023    1.12498   -0.44513  -0.402794  -0.538287   0.540486   0.516449  -0.519873   0.461836  -0.547699  -0.261799   0.523599   0.574208   0.207644          0  0.0525595  -0.249626  -0.440454   0.517189   -1.47328   0.764337  -0.901682  -0.597406  -0.509015   0.943967   0.610566  -0.699854  -0.418174  -0.492263   -0.48437   -1.47872 0.00903361   0.673008
   0.74236   0.210346   0.961486   0.235664   0.496382  -0.685717   0.570514   -1.77536   0.407209    1.12199   0.104946 0.00629313   0.423767   -1.91986 -0.0103241   0.671243   0.698132  -0.261799  -0.220227   0.530881    -2.2184   0.358835  -0.563328  -0.656009  -0.836158    1.30387   0.869864  -0.208734   -2.27962   -0.55427  -0.541402   -1.94355   0.432058   0.324989
  0.890149   0.345721    1.02714   0.183936   0.228774  -0.883758  -0.080149   -1.31697    0.15082   0.995826  0.0160252   0.261799  0.0380167   -1.58968   0.186368   0.599356   0.698132   0.199489 -0.0206239    0.90317   -1.62764    0.23432  -0.511907  -0.697593   -0.78414    1.45293     1.2715  -0.340097    -1.8581  -0.430335  -0.570373   -1.87695   0.508407   0.805472
 0.952812  0.296244   1.13473 -0.057286  0.451552 -0.658021 0.0800663 -0.872308 -0.122974  0.426633  0.143323  0.175898 0.0234768  -1.17648 -0.287605  0.281179  0.601056 0.0751752  0.523599   1.06723  -1.66921         0  0.744712     0.298   1.01331  -1.08807  -1.05298  0.159495   -2.2675  -0.27011 -0.321355   -1.6138  0.464726  0.181996
  0.936474 -0.0223951    1.17911    2.38659   -3.31617    2.74101   0.760792  -0.386228  -0.392559     1.0045  -0.501518  -0.198958   0.523599  -0.765672  -0.614898    1.11518  -0.199379  -0.261799   0.482674   0.633338   -1.22681   0.437512   -0.73406  -0.503657     2.3462  -0.948522   -1.76033  -0.952963    -1.2641   0.362907  -0.224219  -0.728664   0.138245  -0.548449
  0.979506   0.147532    1.35319   0.225261  -0.201252   0.756164 -0.0954596  -0.039079   0.687261    0.48314  -0.256438   0.261799  -0.548439   0.393687    -1.3256    0.49087 -0.0196695   0.159993   0.200232  -0.832315  -0.547009   0.219355   0.394798  -0.547631   -1.68948   0.732418    2.23909   -1.28564  -0.885288   0.923433  -0.566533   0.286547   0.548691   -1.11462
   1.0775 -0.285557   1.31425 -0.041474  -0.18984  0.508927  0.494513  -0.24951  0.892598  0.100679  0.430987 0.0653266 0.0699756 -0.101321  -1.34923  0.656787 -0.542253 -0.226768 -0.185958 -0.370909 -0.536355  0.518946   1.17697 -0.667867  -1.13518   -0.1127  0.495323   -0.9616 -0.522444  0.689288 -0.550328  0.371272  0.916717  -1.67659
   1.00853  0.0841168    1.32674   0.151129   0.108287   0.872754  -0.199003  -0.434571   0.551493   0.562833   -0.15385   0.261799  -0.835318   0.198347    -1.5708   0.982301   -0.32278   0.110387  -0.374253  -0.796903   -1.11969   0.518684   0.499747  -0.123825   -1.25181 -0.0970581   0.998951   -0.67293  -0.966711    0.44759  -0.450171   0.640206   0.294033    -1.8588
  1.00734   0.16934   1.33484  0.211693 0.0642696  0.832016 -0.302354 -0.198619  0.571711  0.424023 -0.218756  0.261799   -0.8423  0.291158  -1.44239  0.788165 -0.151846  0.195781 -0.293845 -0.744114  -1.02162  0.403573  0.307683 -0.335427  -1.04597 0.0152887   1.09107 -0.618426  -1.08205  0.306654 -0.471881  0.621805  0.196199  -1.68984
   1.11733   0.367114    1.25972   0.119139   0.372117 -0.0464797  -0.246751  -0.558807    1.31051   0.559675  -0.638352   0.206422  -0.766439   -0.51027   -1.02768   0.216491    0.33653   0.261799 -0.0315897   0.107711   -1.09984  0.0222464  -0.283287   -1.99351  -0.732072    1.34115   0.404794 -0.0121882   -2.32518  -0.791658  -0.263161  -0.503375   0.687463  -0.558665
   1.11661   0.365457    1.26183   0.118884   0.351511 -0.0542119  -0.235488  -0.538059    1.32776   0.567056  -0.642787   0.202921  -0.756743  -0.501063   -1.00522   0.217872   0.335688   0.261799 -0.0284718   0.149976    -1.0793 0.00697358  -0.269688   -1.94958  -0.713526    1.28948     0.4347 -0.0344396   -2.29387  -0.793956  -0.292259  -0.435916   0.699337  -0.568367
    0.986915   -0.0172536      1.32123    0.0955715     0.365318    -0.130229    0.0945051    -0.641655       1.5708    0.0706711    0.0704674     0.261799   -0.0820622    -0.691148    -0.752816 -4.64906e-16     0.254316    -0.194203    -0.292092     0.108332     -2.00036     0.593136    -0.101737     -0.75592   -0.0312784      0.83632    -0.121998     -2.30131    -0.744524      1.71488        0.292    -0.343847     0.770451     -1.10257
  0.986903 -0.0178398    1.32123   0.094866   0.365469  -0.129511  0.0957925  -0.641762     1.5708  0.0706851  0.0712197   0.261799 -0.0807782   -0.69102  -0.752907          0   0.253678  -0.194675  -0.290243   0.108782   -1.99971   0.595547  -0.101398  -0.756493 -0.0275991   0.836033  -0.123289   -2.30257  -0.742376    1.70475      0.292  -0.328862   0.771419   -1.10644
   1.13585  0.0980731    1.35926 -0.0938504   0.230608   0.361039   0.161999  -0.469027    1.09732   0.442122  -0.208255   0.122257  -0.183543  -0.225055   -1.20183     0.1084  0.0549058  0.0919853 0.00567872   0.236918    -1.5429   0.134914  -0.111481   -1.01941 -0.0362454   0.749973   0.221828  -0.578051   -2.26753  -0.402472  -0.539056  -0.406798   0.940583  -0.413304
    1.1343  -0.066146    1.30654  0.0636485    0.33937   0.112362   0.443761  -0.529663    1.49649   0.742322  -0.212893   0.091888  -0.570213  -0.684694   -1.22103   0.980091  -0.457235  -0.123152  -0.331986   0.220497   0.240067     3.2171 -0.0892922   -1.06649  -0.939025  0.0135428   -2.38057   0.199593   -2.69212    2.04293   -0.27713    2.54718   0.817365  -0.404221
   1.05658  0.0234075    1.39668    3.25916    2.68746   -2.52035  -0.523599   -1.28782  0.0332117    1.04219 -0.0504493   0.172377  -0.537972  -0.321876    -1.5708   0.119604  0.0388495 -0.0278271  -0.197459 -0.0174606   -2.03793   0.510414   -1.56758  -0.482464    -2.0289  -0.123792   -2.51197  -0.045366   -2.28449   -1.36226  -0.516209   0.207772    1.02507  -0.428629
  1.23563 -0.298766   1.25644  -6.77562   0.69165   1.07445   1.48712  -1.63953   1.53534  0.455374  0.327388 -0.189749 0.0475176  -1.00895  -1.49384  0.136564 -0.432828 -0.223369 -0.441012  -1.47329  0.113446   3.25675  0.864762 0.0978029  -1.67808  -1.28379   2.49868  0.433823  -2.97071   1.03867 -0.531376      2.55   0.81111 -0.565428
  1.13395 -0.347819   1.39631 -0.541687  0.484357  0.446058   1.33824 -0.989812   1.25807  0.267856   0.45939 -0.145046  0.523599 -0.891245   -1.5708  0.499036 -0.629245 -0.261799 -0.299328 -0.636467  0.291307   3.13923  0.887667 0.0384611  -1.47879  -1.00654   2.44326    -1.849 -0.909383  -0.11629 -0.766023  0.241535   1.22126 -0.819738
   1.14383  -0.360713    1.42035 -0.0933235   0.274859  0.0358826     1.0342  -0.686909    1.13249   0.774092   0.127877  -0.201621  0.0372603  -0.540681   -1.54416   0.898671  -0.842074  -0.261799  -0.490374  -0.141252   -2.18643    1.01232   -0.47167  -0.914225   0.443446    1.20586   -0.56629   -2.02243   -0.69755 -0.0480306  -0.394615   0.722878    1.10733  -0.970614
   1.13886  -0.232081    1.47825 -0.0059808   0.329226 -0.0564726   0.775298  -0.691776    1.18918   0.711406  0.0256364 -0.0603456  -0.167144  -0.602845   -1.55729   0.804106  -0.611477  -0.261799  -0.241993  -0.191503   -2.39498    1.06859  -0.537041  -0.735621 -0.0146693   0.967783  -0.193789   -1.99125  -0.376068   0.124469   -0.47948   0.847696    1.13914   -1.01706
    1.13918   -0.232382     1.47866 -0.00548695    0.325751  -0.0648017    0.779298   -0.682621     1.19337     0.71768   0.0203754  -0.0622551   -0.162759    -0.60074    -1.54735    0.803544   -0.610156   -0.261799    -0.24328   -0.182723    -2.38955     1.06904   -0.533133   -0.737961  -0.0157734    0.968227   -0.193474    -1.98737   -0.377107    0.123516   -0.482449    0.846762      1.1394    -1.01663
    1.3226 -0.0368146    1.27789  -0.101364  0.0828107  -0.484362    1.65806    1.01036    1.35719    2.44346  -0.872665  -0.261799  -0.837903  -0.506903    -1.3235    1.90863  -0.872665 -0.0445866   -0.11572   0.236063   -3.03334   0.244297       2.55  -0.703485    2.45303   0.825578   0.421626   -2.13566  -0.936487   0.709542  -0.669654  -0.103065    1.21452   -0.57898
   1.32483  0.0940786    1.51042    5.66059  0.0071467   -13.0448    1.65806    1.05396     1.5708    1.95874  -0.872665  -0.261799   0.255674   0.183251   -1.02111   0.275919  0.0319339  0.0773813   0.366551   0.528778     -1.826   0.257791   -1.92357  -0.147266   -2.35165  -0.871588   -2.20524     -3.359   -2.40989    2.48849   -1.05634 -0.0390687   0.822367  -0.727433
  1.07392  0.354968   1.65848 -0.106809  0.119563  0.873899 -0.523599 -0.219979   1.06911 0.0114957 -0.437146  0.261799 -0.711997 0.0740681  -1.49819  0.419119  0.265419  0.261799  0.381143 -0.717981  0.945478   2.98946   1.19505 -0.666626  0.439658   1.07555   1.66927  -2.57419  -1.13995  0.816171   0.16802    1.0535  0.153805    -1.107
