2
4
   0.899993    0.150011 2.72273e-05
2.07919e-05 1.14816e-05     314.463
0 0 1
5
   0.899991   -0.149991 2.19901e-05
-2.25939e-05 -1.24539e-05      315.834
0 0 1
3
4
   0.899997    0.150016 4.39357e-05
-17.6056   35.934  249.214
0 0 1
5
   0.899993   -0.149987 3.56605e-05
-13.7128  35.9352  215.598
0 0 1
3
  1.40001 -0.299967   1.00003
 31.3189 -71.8687  165.486
0 0 1
4
4
   0.899993    0.150059 7.73766e-05
-25.3352  13.5106  176.434
0 0 1
5
   0.899991   -0.149941 5.71584e-05
-23.5138  13.5113  167.593
0 0 1
3
  1.39999 -0.299976   1.00006
  26.247 -13.5106  134.119
0 0 1
2
1.40002 0.30002 1.00005
 22.6019 -13.5103  152.153
0 0 1
3
4
   0.899994    0.150078 9.05154e-05
-6.30108 0.493016  213.324
0 0 1
5
   0.899993   -0.149926 6.62541e-05
 -5.7011 0.493074   212.58
0 0 1
2
 1.40002 0.300022  1.00008
  12.0023 -0.985665   204.394
0 0 1
4
4
    0.89999    0.150091 0.000108662
-25.2513  8.31245  173.843
0 0 1
5
   0.899992   -0.149914 7.88235e-05
-24.3633  8.31305  168.913
0 0 1
2
 1.40003 0.300021   1.0001
 19.4088 -6.80157  151.005
0 0 1
3
  1.49999 -0.300005   1.20004
 30.2057 -9.82357  136.537
0 0 1
3
4
   0.899986    0.150106 0.000126485
-94.8415  8.11788  265.618
0 0 1
2
 1.40004 0.300022  1.00012
 38.7413 -2.95202      190
0 0 1
3
  1.49999 -0.300007   1.20007
 56.1001 -5.16541   174.68
0 0 1
4
4
  0.899985   0.150116 0.00013955
-42.1052  15.1311  185.306
0 0 1
2
 1.40004 0.300015  1.00013
 26.8376 -10.0893  148.699
0 0 1
3
  1.49998 -0.299994   1.20008
 42.5718 -15.1328    125.7
0 0 1
5
  1.00001 -0.149985  0.200016
-27.3042  10.0913  170.593
0 0 1
3
4
   0.899974    0.150104 0.000142925
-28.1931  35.6463  246.012
0 0 1
3
1.49998    -0.3 1.20009
 42.6967 -56.0248  167.446
0 0 1
5
 0.999988 -0.149972  0.200015
-14.5038  20.3787  216.839
0 0 1
4
4
   0.899973    0.150077 0.000152775
-51.7049  10.0436  188.712
0 0 1
3
  1.49998 -0.299993    1.2001
 44.3132 -8.50036   127.75
0 0 1
5
 0.999974 -0.149967  0.200027
-34.9878  6.95547  175.852
0 0 1
2
1.5 0.3 1.2
 42.3794 -8.49869  137.984
0 0 1
3
4
   0.899973    0.150047 0.000163367
 -26.8084 -0.655648   224.565
0 0 1
5
 0.999961 -0.149961   0.20004
 -13.9686 -0.374503   218.624
0 0 1
2
     1.5 0.299999  1.20001
40.7768 1.03013 187.108
0 0 1
4
4
   0.899964    0.150055 0.000221257
-44.8131  10.3958  184.438
0 0 1
5
 0.999949 -0.149946   0.20007
-31.4058  7.42744  173.396
0 0 1
2
 1.49999 0.300029  1.20001
 31.0464 -7.42629   144.22
0 0 1
3
  1.59998 -0.300007   1.39998
 45.1717 -10.3967  128.243
0 0 1
3
4
   0.899965    0.150015 0.000218089
-28.1864 -1.11473  224.806
0 0 1
5
 0.999956 -0.149966  0.200097
 -19.3514 -0.697161   221.046
0 0 1
3
  1.59998 -0.300027   1.39997
47.5378 1.81127 184.445
0 0 1
4
4
    0.89996    0.150005 0.000226609
-43.4998 -3.90819  180.564
0 0 1
5
 0.999952 -0.149964  0.200117
-32.6299 -2.86659  176.724
0 0 1
3
  1.59996 -0.300034   1.39997
37.2252 3.38726 138.489
0 0 1
2
 1.59999 0.299996      1.4
38.9037 3.38733 134.521
0 0 1
3
5
 0.999959 -0.149984  0.200124
-139.925  19.8304  288.166
0 0 1
3
  1.59997 -0.300025   1.39996
 78.3193 -9.91565  159.453
0 0 1
2
1.60001     0.3 1.39996
  61.607 -9.91444  182.678
0 0 1
4
5
0.999961 -0.14998 0.200126
-41.9852 -27.5316   189.91
0 0 1
3
  1.59997 -0.300042   1.39998
35.3077 27.5357 149.974
0 0 1
2
     1.6 0.299987  1.39997
44.2182  27.535 117.977
0 0 1
4
0.999999 0.150002 0.200004
-37.5404 -27.5395  172.437
0 0 1
3
3
  1.59995 -0.300078   1.39996
 49.442 27.1217 203.206
0 0 1
2
1.59999     0.3 1.39997
75.5264 27.1205 149.471
0 0 1
4
0.999999     0.15 0.200004
-124.969 -54.2424   277.62
0 0 1
4
3
  1.59996 -0.300083   1.39994
 58.4717 -32.4663  105.545
0 0 1
2
 1.59999 0.299991  1.39995
 49.4788 -32.4666  145.463
0 0 1
4
0.999978 0.150004 0.200005
-66.037 38.3691 204.044
0 0 1
5
  1.09998 -0.149989  0.399989
-41.9136  26.5635  175.245
0 0 1
3
2
 1.59999 0.299997  1.39995
 56.4167 -45.9538  188.596
0 0 1
4
0.999977 0.150008 0.200008
-39.4005  29.2438  235.719
0 0 1
5
  1.09993 -0.150024  0.400001
-17.0168  16.7098  205.983
0 0 1
4
2
 1.59999 0.299995  1.39995
 31.5856 -24.1591  152.733
0 0 1
4
0.999961 0.150006 0.200009
-51.7418  33.8251  194.156
0 0 1
5
 1.09991 -0.15003 0.400003
-33.5658  24.1604  170.735
0 0 1
3
      1.7 -0.300008       1.6
 53.7217 -33.8265  112.672
0 0 1
3
2
 1.59998 0.300006  1.39993
 47.0971 -10.9728  193.108
0 0 1
5
   1.0999 -0.150044  0.400037
-149.262  30.1783  296.308
0 0 1
3
      1.7 -0.300018   1.59997
 102.164 -19.2063   140.88
0 0 1
4
2
 1.59998 0.300012  1.39992
  38.533 -5.14469   137.89
0 0 1
5
   1.0999 -0.150049  0.400044
-47.2773  6.28834  184.213
0 0 1
3
 1.69999 -0.30003  1.59998
 56.2773 -7.43222  122.159
0 0 1
4
 1.10001 0.149993 0.400003
-47.5328   6.2888  186.035
0 0 1
3
5
   1.0999 -0.150049  0.400044
-25.1601 -12.9756  225.579
0 0 1
3
  1.69999 -0.300043   1.59999
46.0141 25.9543 189.942
0 0 1
4
 1.10001 0.149992 0.400003
 -20.854 -12.9788  214.777
0 0 1
4
5
 1.09992 -0.15003 0.400054
-46.8827  8.39387  183.076
0 0 1
3
  1.69998 -0.300038   1.60001
 48.9215 -8.39422  125.455
0 0 1
4
 1.10001  0.15001 0.400017
-48.2451  8.39477  186.559
0 0 1
2
 1.69999 0.299997  1.60002
 46.2062 -8.39429  135.207
0 0 1
3
5
  1.09992 -0.150026  0.400055
-22.5615 0.675852  222.474
0 0 1
4
 1.10001 0.150017 0.400021
-24.7664  0.67661  223.733
0 0 1
2
 1.69998 0.299979  1.60001
 47.3277 -1.35254   184.09
0 0 1
4
5
  1.09992 -0.150027  0.400055
-26.7522  34.6119  165.684
0 0 1
4
 1.10001 0.150018 0.400022
-32.5254  34.6156   185.76
0 0 1
2
 1.69998 0.299979      1.6
 19.3097 -29.2887  160.568
0 0 1
3
      1.8 -0.300001       1.8
  39.968 -39.9388  118.286
0 0 1
3
5
  1.09992 -0.150022  0.400052
-3.88536  48.2917  211.883
0 0 1
4
 1.10002 0.150029  0.40002
-13.0617  48.2981  244.974
0 0 1
3
 1.80001 -0.29999      1.8
 16.9473 -96.5895   173.44
0 0 1
4
5
  1.09992 -0.150022  0.400052
-39.4147  5.71466  178.472
0 0 1
4
 1.10002 0.150029 0.400021
-40.4966  5.71511  180.898
0 0 1
3
  1.80001 -0.299983       1.8
 41.0348 -5.71487  132.474
0 0 1
2
     1.8 0.300001      1.8
 38.8764 -5.71488  138.453
0 0 1
3
5
  1.09992 -0.150022   0.40005
-16.5441 -6.03496  222.075
0 0 1
4
 1.10002 0.150028 0.400024
-16.7723 -6.03528  218.151
0 0 1
2
     1.8 0.300001      1.8
33.3164 12.0703 190.071
0 0 1
4
5
  1.09992 -0.150026  0.400052
-27.1761  9.61381  170.184
0 0 1
4
 1.10002 0.150024 0.400024
-28.8374  9.61466  175.077
0 0 1
2
 1.79998 0.299995  1.79998
 22.6122 -8.33208  149.062
0 0 1
3
      1.9 -0.299988   2.00001
 33.4012 -10.8964  135.975
0 0 1
3
5
  1.09992 -0.150029  0.400057
-95.6578  19.5664  261.772
0 0 1
2
 1.79997 0.299987  1.79996
  32.124 -7.82607  197.986
0 0 1
3
      1.9 -0.299978         2
 63.5339 -11.7403  170.539
0 0 1
4
5
 1.09992 -0.15003 0.400058
-39.3373  2.97596  178.386
0 0 1
2
1.79997 0.29999 1.79996
 29.3142 -2.23189  142.301
0 0 1
3
      1.9 -0.299972   1.99999
 39.7927 -2.97604  134.829
0 0 1
4
 1.19999 0.150007 0.600001
-29.7697  2.23216  174.781
0 0 1
3
2
 1.79997 0.299991  1.79996
56.8062 25.4374 158.009
0 0 1
3
      1.9 -0.299969   1.99999
48.2074 40.7024 208.093
0 0 1
4
 1.19998 0.149996 0.599997
-105.014   -66.14  264.195
0 0 1
4
2
 1.79997 0.299989  1.79996
35.6657 17.3164 127.597
0 0 1
3
  1.89999 -0.299962   2.00002
38.9636 23.6159  144.84
0 0 1
4
 1.19998 0.149989 0.599994
-35.2679 -20.4663  172.853
0 0 1
5
  1.19999 -0.150002       0.6
-39.3617 -20.4662  185.007
0 0 1
3
3
      1.9 -0.299992         2
32.4499 11.2564 195.225
0 0 1
4
 1.19996 0.149984 0.600004
-14.9328 -5.62834  215.114
0 0 1
5
  1.19998 -0.149976  0.600009
-17.5162  -5.6285  219.959
0 0 1
4
3
  1.90002 -0.300018   1.99997
31.8895 15.6271 146.409
0 0 1
4
 1.19994 0.149992 0.600014
-33.3633 -15.6269  172.743
0 0 1
5
  1.19996 -0.149958  0.600009
-36.3123 -15.6275  181.081
0 0 1
2
 1.90003 0.299987  1.99997
 37.787 15.6269 130.064
0 0 1
3
3
  1.90004 -0.300046   1.99994
60.3296 7.29063 180.541
0 0 1
5
  1.19995 -0.149937  0.600011
-116.928 -14.5817  276.726
0 0 1
2
 1.90006 0.299974  1.99994
56.5999 7.29076  173.03
0 0 1
4
3
 1.90004 -0.30005  1.99994
  24.6328 -0.507277   144.072
0 0 1
5
  1.19995 -0.149945  0.600014
-28.0226 0.584748  172.534
0 0 1
2
 1.90006 0.299973  1.99993
  24.1497 -0.507257   144.781
0 0 1
4
 1.30001 0.149996 0.799999
-20.7593  0.42914   168.91
0 0 1
3
3
  1.90004 -0.300051   1.99994
 56.6725 -8.27553  169.471
0 0 1
2
 1.90006 0.299975  1.99994
 60.5739 -8.27575  179.931
0 0 1
4
 1.30001 0.149996 0.799999
-117.246  16.5513  280.896
0 0 1
4
3
  1.90004 -0.300045   1.99992
 55.1971 -34.7722  107.906
0 0 1
2
 1.90005 0.299989  1.99992
 43.9483 -34.7719  148.306
0 0 1
4
 1.30001 0.149996 0.799999
-52.384 34.7727 197.604
0 0 1
5
  1.3 -0.15   0.8
-46.7616  34.7715  176.481
0 0 1
