    0.892671   -0.0191674      0.95783   -0.0105976   -0.0353956    0.0267116    0.0788019    -0.458175   -0.0334518     0.741072     -0.24991   -0.0829859   -0.0311674    -0.446869   -0.0289934     0.740588     -0.25764    0.0292569   0.00010873  -0.00163887     0.956914   0.00772743   0.00150577     -1.91999 -0.000490356    -0.524224  -0.00193652     0.960553  -0.00986163  6.40194e-05     -1.91815  0.000557603    -0.523711  0.000680927
   0.905327   0.0947512    0.954221  -0.0246097   0.0361133   0.0799525  -0.0681786   -0.537254  -0.0940064    0.755398   -0.250667   0.0445742   -0.171275   -0.429767  -0.0925254     0.62673   -0.220526    0.156894   0.0103427    0.173258    0.763436 0.000469463    0.260267    -2.07558    0.274277   -0.396659    0.128737    0.635288   -0.286983   -0.799834    -1.69992   -0.394934   -0.161272    -0.26837
     1.0012   0.0121981    0.964341 -0.00956709    0.113515   0.0337307   0.0420813   -0.406225  -0.0300715    0.592581    -0.30132  -0.0446639  -0.0706951   -0.372179  -0.0429769    0.556721    -0.29567   0.0649837  0.00858625   0.0208474     0.45321    0.010693    0.459419    -2.07478    0.255226 -0.00607303  -0.0378709     0.57956  -0.0054264   -0.572754    -2.09556   -0.288329   -0.069225  -0.0385775
   0.999913  -0.0008519    0.965089 -0.00779766    0.126145   0.0162283   0.0615799   -0.404197 -0.00875243    0.564387   -0.287052  -0.0576682  -0.0521872   -0.386878   -0.023517    0.545244    -0.28353   0.0515021 -0.00869553  0.00488641    0.497061   0.0212623    0.505608      -2.106    0.284512  -0.0128913  -0.0343003    0.535352           0    -0.52995    -2.08515   -0.304209   -0.067542  0.00895554
   1.05239   -0.02077   0.968637 -0.0154111   0.113151  0.0507537   0.089145  -0.238381 -0.0405734   0.410442  -0.289427 -0.0838963 -0.0208046  -0.197708 -0.0530497   0.373563  -0.288149  0.0258034  -0.244581  0.0603451   0.545164  0.0209346   0.403456   -2.40462  0.0952315   0.243376  -0.107486   0.537411   -0.15907  -0.909221   -2.33123   -0.45414   0.374749  -0.382803
    1.02639  -0.0269111    0.971576   -0.015247    0.156174   0.0206996    0.100449   -0.253106 -0.00488487    0.295557   -0.199858  -0.0877484  -0.0103409   -0.222341  -0.0221861    0.254699   -0.188305   0.0206794   -0.255135   0.0751409    0.480406   0.0641414    0.433921    -2.40463   0.0727222    0.272499  -0.0735077    0.474217   -0.200273   -0.914543    -2.31817   -0.414838    0.388135   -0.420732
    1.02441  0.00765315    0.978655  0.00546349 -0.00379512   0.0434669    0.039579  -0.0654077  -0.0437773    0.298406   -0.230931  -0.0479412  -0.0685093  -0.0348235  -0.0432119    0.275047    -0.23343   0.0614646  -0.0304213   0.0313127  -0.0115161    0.341831     0.52955     -2.2058    0.145918    0.802465    0.161789    0.284318   -0.386608   -0.742763    -2.26621   -0.215157     0.69308   -0.338899
    1.02444  0.00766008    0.978697  0.00547726 -0.00378523   0.0434729   0.0395605  -0.0653803  -0.0437628    0.298394   -0.230955  -0.0479239   -0.068512  -0.0347945  -0.0432091    0.275035   -0.233453   0.0615356  -0.0303963   0.0313094  -0.0113637    0.341664    0.529585    -2.20589    0.145798    0.802314    0.161742    0.284385   -0.386334   -0.742737    -2.26627   -0.215033    0.692898   -0.338867
  0.890386   0.137042    0.99044   0.465601  0.0769555  -0.110869  -0.523599   -1.12762   0.106508    1.29954  -0.296708   0.155739  -0.712713  -0.371018  0.0341297   0.222521  0.0177419   0.261799  -0.275898  0.0930747  -0.375303   0.163209   0.537783   -1.81534 -0.0356295     0.5447   0.173297 0.00980962  -0.930429  -0.708904   -1.80233  -0.455741   0.637206   -0.16814
 0.879767  0.137553  0.988423  0.460505 0.0833645 -0.108672 -0.523599  -1.14774 0.0996005   1.29554 -0.276639  0.155982 -0.708585  -0.38511 0.0287332  0.215298 0.0358698  0.261799  -0.27717 0.0991613 -0.413557  0.182807   0.51918  -1.77089 -0.051905  0.538388   0.18535 0.0292443 -0.968069 -0.707376  -1.76645 -0.454536  0.605945 -0.208234
  0.812772   0.214205    1.08949 -0.0797078   0.162101   0.385855   -0.45623  -0.764339  -0.558505   0.570659   0.132137   0.124891  -0.548475  -0.673374  -0.532978   0.687986 -0.0269466   0.261799   0.422225  -0.285789  -0.572514  0.0456768   0.559355   -1.59112   -0.15687   0.225727   0.230421   0.124179   -1.16896    -0.8521   -1.71623  -0.528181   0.485279  -0.162578
  0.624586  -0.126772   0.932521 -0.0633569   0.462167   0.107333   0.418295    -1.3144   0.141507   0.189739   0.654903   -0.25171  -0.121005   -1.60244  -0.353997   0.707598   0.419503  -0.197323 -0.0621455   -0.31188  -0.691889     1.6356   0.299937   -1.13118   0.810033   0.467008   0.074326   -1.47662  -0.396267  -0.353311  -0.797367  0.0846806    0.28001 -0.0219147
   0.68719 -0.0779298    1.00105  -0.142596    0.44905   0.134293   0.329641   -1.22469  0.0365887   0.221294     0.5365  -0.186116  0.0409397   -1.35707  -0.164287    0.52337   0.370401   -0.08132  0.0763229  -0.444934  -0.263756    1.98978   0.776585  -0.827204      1.049   0.575208 -0.0492649   -1.26639  -0.271309  -0.250882  -0.967313 -0.0284042   0.228517 0.00852504
 0.761563 -0.114239   1.05439 0.0182367  0.258308  0.192495  0.085232 -0.791701 -0.186813 0.0472255  0.459671 -0.242635  -0.29106  -1.22128   -0.4598  0.928606 0.0434582 -0.165747  0.115695  -0.44908  -0.30128   1.45875  0.982097 -0.638749   1.52239   0.49635 -0.865065  -1.03503 -0.112139 -0.232217 -0.990349  0.751938  0.217392 -0.501483
  0.819784  -0.149193    1.08016   0.105914    0.20656   0.144933  0.0690242  -0.648715  -0.139663  0.0925559   0.334782  -0.261799  -0.206512   -1.12588  -0.304799   0.998659 -0.0707432  -0.176793 0.00186963  -0.322567  -0.393612    1.28089   0.870543  -0.703774    1.53873   0.502173  -0.962154   -1.44307  -0.340305  0.0829794   -0.60648   0.598759   0.421433  -0.687533
  0.712347  0.0304533    1.02769  -0.190994   0.405142   0.220998  0.0632456   -1.02925   -0.21385          0   0.593372 -0.0766742  -0.281094   -1.22971  -0.464002   0.540908   0.287869  0.0193022   0.347481  -0.206193   -1.43848    1.61577  -0.584823   -1.10251    0.63213   0.416198   0.678996   0.801488   -2.69837   -1.28709  -0.335928   -1.28991    0.26496  -0.241845
   0.803029    0.127734     1.08205 -0.00748655    0.352179    0.110731   -0.193079   -0.754903   -0.184747           0     0.41942   0.0770971   -0.431016    -1.00965   -0.316949    0.550885    0.151564    0.175947    0.312197   -0.411513    -1.96182     1.53429    -0.29441   -0.808321    0.596343    0.774856  -0.0214368    0.932929    -2.78126    -1.25591   -0.484789    -1.27498    0.168331   -0.350999
 0.762934  0.139483   1.05236 -0.201216  0.430859  0.285704 -0.249647  -1.06688  -0.45371  0.239242  0.402528 0.0357233 -0.428809  -1.03423 -0.537818  0.408379  0.247063  0.153605  0.444501 -0.510614  -2.89924   1.10389 -0.710159 -0.303473  0.272283   0.70254 -0.230341  0.774314  -2.78145  -1.41565 -0.408815  -1.61592  0.239169  0.116067
 0.812856  0.162484   1.01612  0.531585  0.335924 -0.217243 -0.523599  -1.91986  0.230788   1.48983 0.0310623  0.261799  -1.30931  -1.42713 -0.573212   1.04421 0.0151395  0.261799 -0.179873 -0.140111   -2.5009   1.12749 -0.303952 -0.232731  0.271371  0.602001 -0.199043   0.60625  -2.60886 -0.974944 -0.680046  -1.41931  0.308725 -0.284521
  0.933277 -0.0189848    1.19322   0.476995 -0.0729379 -0.0712736  -0.278785   -1.01109   0.180182    1.29468  -0.239909 -0.0458732  -0.506122   -0.56258   0.118097   0.759808   -0.17102  0.0912415  -0.416396  -0.222297   -1.00396    1.72227   -1.19936  -0.783931    0.52022  0.0560382     1.3683   -1.13109  -0.384115 -0.0644799  -0.229628   0.169903  -0.129168   -0.30711
  0.898533 -0.0230849    1.30139   0.198629   0.116043  0.0717433  -0.169123  -0.636686  -0.104113   0.283199   0.248278 -0.0911584  -0.372311   -1.02198  -0.182739    0.97102 -0.0395926  0.0178033  -0.310784  -0.190954   -1.33258    1.25357   -1.08284  -0.656492   0.232942   0.179052    1.07467  -0.680588  -0.509814   -0.33763  -0.583913  0.0986592  -0.256478  -0.399493
   0.782067  -0.0831785     1.20459    0.118414     0.46132   -0.130377    0.282272    -1.11616    0.306707     0.14639    0.527613   -0.123971    0.125373    -1.24668    0.244016    0.265465    0.517839 0.000150031   -0.120852   -0.365058   -0.846043     2.13338  0.00187472   -0.856542     1.29765    0.496981  -0.0434514     -1.3955    -0.19496   -0.228208   -0.769414   0.0411719     0.12646 -0.00200099
  0.801043    -0.1766    1.22405   0.266287   0.358229  -0.348002   0.345405  -0.845918   0.509939  0.0843826   0.453053  -0.214597   0.295238     -1.034   0.554165   0.167263    0.51757 -0.0671249  -0.523599 -0.0302198   -2.47769    1.07522  -0.777361   -0.44691   0.611078    0.65907  -0.515173   -1.69257  -0.602689  -0.151958  -0.696245 -0.0968365    0.39919  -0.176966
 0.812956 -0.232733   1.20746  0.260769  0.420672  -0.35536  0.621137   -1.0017  0.703104  0.407182   0.28927 -0.261799  0.368001 -0.959983  0.558505         0   0.58003 -0.150993 -0.500821 -0.227695  -2.99056  0.971179 -0.601404 -0.227921  0.209541  0.781086 -0.820009  -2.20546 -0.373653   0.56518  0.127522  -1.07893 0.0128196  0.200982
  0.811873  -0.220302    1.20592   0.396488   0.631829 -0.0579828    0.99119   -1.59519    1.09991   0.407699   0.540332  -0.261799  -0.309279   -1.45712  -0.200587   0.372556   0.453077  -0.260043  -0.523599  -0.606532   -3.04053    1.00191  -0.571169  -0.228765   0.254421   0.793961  -0.861473   -1.90831  -0.520646   0.428212  -0.730759  0.0538227   0.529791  -0.801484
  0.849912  -0.108069    1.21433  -0.554895   0.442407   0.747743    1.47845   -1.91986   0.764449   0.309261   0.698132  -0.261799  -0.462442   -1.31106   -1.21466   0.539536     0.1196   -0.25594 -0.0970776    -0.8961   0.713471     2.6915    1.59129  -0.553355   0.599849   0.759346   0.053242   -1.41572   -1.18396    1.03786   -0.54754  -0.913045  -0.175291   -1.07928
  0.893235   0.138065    1.25838   0.139765   0.467685 0.00410533   0.164123   -1.91986   0.554125    1.26088   0.176417   0.261799   -0.68387   -1.19069   -0.41449    0.58712   0.188431   0.189344   0.249368  -0.235149  -0.492558    2.07502   0.408185  -0.697722    1.41401   0.509597   0.204905    -2.2641  -0.849052    1.36599  -0.822748   -0.69232   0.549785  -0.366478
 0.889341    0.1277   1.26847  0.322732  0.441539 -0.138229  -0.14362  -1.85788  0.352047   1.23245  0.157172  0.213186 -0.716404  -1.15505 -0.249753  0.432121   0.28339  0.218588 0.0647885 -0.185721  -0.35131   2.03744  0.545614 -0.656374   1.39548  0.488361  0.159738  -2.10588 -0.818797   1.13042 -0.768386 -0.608321  0.520382 -0.276727
  0.942421 -0.0361556     1.3157   0.376782   0.476454  -0.102126 0.00369509   -1.72496   0.283195     1.1426  0.0916451 -0.0650122  -0.517367   -1.13905  -0.189228   0.476197   0.189185  0.0126439  -0.215843  -0.120686  -0.304631    2.06185   0.489132  -0.945998     1.3335   0.445498   0.280785   -2.37968  -0.793624    1.19034  -0.604811  -0.577434    0.67308  -0.373183
  0.942411 -0.0361644     1.3157    0.37678   0.476472  -0.102124 0.00370226   -1.72498   0.283178    1.14257  0.0916783 -0.0650274  -0.517359   -1.13909  -0.189237   0.476214     0.1892  0.0126403  -0.215828  -0.120699  -0.304672    2.06183   0.489145  -0.946064    1.33344   0.445417   0.280834    -2.3797  -0.793567    1.19035  -0.604768  -0.577273   0.673059  -0.373373
  0.880675  0.0731877      1.348   0.406677   0.631688  -0.296484  -0.344743   -1.30931  0.0274902          0   0.620381  0.0596566   -1.10594   -1.54288   -0.70424   0.312346   0.548305  0.0992375  -0.322734   0.208995   -2.74112   0.537647   0.717078      0.298    1.60901  -0.345707      -2.55  -0.384116   -2.45875   -0.44475  -0.729108   -1.63969   0.509277 -0.0318751
  0.864587  0.0356933    1.33899   0.718946   0.473084  -0.512844  -0.167995   -1.46703   0.533749   0.381167   0.418938  0.0880502  -0.971118   -1.53145  -0.197482   0.151125   0.698132   0.183821  -0.523599   0.344842   -2.40665    0.57424   0.601024  -0.356919   -0.21346   0.508954  -0.434371   -2.77807  -0.716293   0.463266  -0.230564 -0.0718494   0.660788   0.328703
  0.988055 -0.0175582    1.44292  -0.601723   0.271824   0.647186   0.338279    -1.1241  -0.558505          0   0.524142  -0.261799 -0.0819969    -1.1141  -0.842026   0.560936  0.0735577 -0.0877021   0.523599 -0.0354408   -1.65154   0.603355 -0.0773437   -1.21505   0.242832   0.764179  0.0573096   -3.02308  -0.879761   0.390995  -0.173475    0.14053   0.741765   0.366847
  0.988055 -0.0175562    1.44292  -0.601724   0.271824   0.647183   0.338282   -1.12409  -0.558505          0    0.52415  -0.261799 -0.0819804    -1.1141  -0.842003   0.560924  0.0735745 -0.0876899   0.523599 -0.0354315   -1.65151   0.603326 -0.0773665   -1.21507   0.242795   0.764246  0.0573426   -3.02308  -0.879763   0.391025  -0.173477   0.140502   0.741773   0.366871
    1.06653   0.0383249     1.51423   -0.159239    0.169424   0.0751657     0.45614    -1.73321    0.335353     1.64122  -0.0943543   0.0327127   0.0114713   -0.786046   -0.088227    0.595572   0.0180138   0.0843464    0.119194    0.374116    -1.42361    0.371725   -0.216007   -0.394804 -0.00602666   0.0834911    0.388873   -0.841041    -1.65576   -0.428994   -0.757395   -0.842431    0.676325    0.220851
   1.0977 0.0653703    1.4723   0.96111  0.768841 -0.547659  0.790179  -1.91986    1.5708  0.616065 0.0955333  0.207014  -1.51921  -1.21986 -0.847841  0.160652  0.289981 0.0915926 -0.522504 -0.773092     1.603  0.826776     -2.55  -2.11822   -1.9362    -1.562     -2.55  0.327808  -2.60948  -2.19966  -1.09862 -0.876596  0.917331 -0.410866
    0.946254 -0.000315199      1.56823      0.12159     0.436917    -0.211223     0.701605     -1.41769     0.897904     0.679388     0.327192    0.0874858    0.0835312     -1.28882     0.339254     0.229436     0.600705     0.146326    -0.227587     0.518069     -1.73306     0.369997    0.0500715    -0.316268     0.755695    0.0416669    -0.767317     -2.50955      -1.2642      0.15866    -0.389468    -0.306789     0.624009     0.654141
   1.02275 -0.0134028    1.52738  -0.962243   0.451399   0.780821   0.812794   -1.83044  -0.205054   0.410972   0.538168  -0.261799  -0.571897   -1.53073   -1.50647   0.557899   0.133648  -0.141957   0.190289  -0.288317   -1.97079   0.266868  -0.751883   -1.13358  -0.202808    1.09111   0.150905   -1.70906   -2.15308    1.20501  -0.418295 -0.0646628  -0.654383    -2.1267
     1.35548  -0.00122826      1.78233 -0.000595782     0.017421    0.0301185    0.0548577    -0.117392   -0.0293313      0.18532   -0.0869682   -0.0576443   -0.0549022    -0.155794   -0.0314119     0.273305    -0.133266    0.0505724 -0.000828284   -0.0245487   0.00309155     0.537416     0.538394     -1.98381     0.118169     0.655286      0.36424   0.00824191    -0.523752    -0.547279     -1.99699    -0.108621     0.662396    -0.364016
