    0.892671   -0.0191674      0.95783   -0.0105976   -0.0353956    0.0267116    0.0788019    -0.458175   -0.0334518     0.741072     -0.24991   -0.0829859   -0.0311674    -0.446869   -0.0289934     0.740588     -0.25764    0.0292569   0.00010873  -0.00163887     0.956914   0.00772743   0.00150577     -1.91999 -0.000490356    -0.524224  -0.00193652     0.960553  -0.00986163  6.40194e-05     -1.91815  0.000557603    -0.523711  0.000680927
    0.86992    0.146296    0.947932  -0.0151568  -0.0130147   0.0924508    -0.14373   -0.522183   -0.105037     0.76022   -0.214242    0.106018   -0.240788   -0.390807  -0.0952127    0.598749   -0.174809    0.218812   0.0937781    0.187595    0.762078 0.000422516    0.262065    -2.07666    0.276171   -0.395782    0.129626    0.697318   -0.467946   -0.851879    -1.58098   -0.408073   -0.127076   -0.335441
   0.999421   0.0218375    0.962472 -0.00580407    0.187311   0.0395819   0.0227396   -0.470448   -0.036205      0.5429   -0.260888  -0.0339739  -0.0926312   -0.440585  -0.0580077    0.518933   -0.261864   0.0748253 -0.00556484   0.0324817     0.51524    0.117538    0.515901    -2.11521    0.315483  -0.0470576   0.0322609     0.63631           0   -0.617243     -2.1538   -0.295653   -0.123679  -0.0926282
  0.996624 0.00938931   0.962858 -0.0052787   0.199028  0.0215693  0.0444608  -0.474552 -0.0129494   0.523267  -0.248521 -0.0460448 -0.0720137  -0.456264 -0.0366738   0.506517  -0.247468  0.0622712 -0.0216772  0.0170594    0.55652   0.124258   0.568736   -2.14068   0.318956 -0.0525154  0.0606167   0.586747          0  -0.576937   -2.14509  -0.287188  -0.113991 -0.0693941
    1.06516 -0.00429891    0.965653  -0.0099002    0.161468   0.0402554   0.0647552   -0.267226  -0.0295271    0.394416   -0.291005  -0.0635267  -0.0462408   -0.229159  -0.0473571    0.355033   -0.285522   0.0458463   -0.241978   0.0643599    0.664393   0.0879238     0.49811      -2.462    0.176462    0.171578  -0.0256079    0.662774   -0.146575   -0.965335    -2.38986   -0.492103    0.292168   -0.445039
    1.06513 -0.00429628    0.965686 -0.00989098    0.161428   0.0402316   0.0647488   -0.267197  -0.0295076    0.394398   -0.290957  -0.0635292  -0.0462423   -0.229148  -0.0473177    0.355027   -0.285474   0.0458461    -0.24197    0.064319    0.664459   0.0882343     0.49817    -2.46194    0.176589    0.171609  -0.0254624     0.66271   -0.146876   -0.965241    -2.38971    -0.49219    0.292109   -0.445083
   0.999465  -0.0177965    0.978823 -0.00651938  -0.0376057   0.0355281   0.0799948   -0.122214  -0.0389956    0.411464   -0.254647  -0.0781744  -0.0281223  -0.0988093  -0.0348534    0.395325   -0.257929   0.0312904  -0.0291489   0.0308449  -0.0185449     0.45268    0.534588    -2.03593    0.200162    0.723886    0.187485    0.136122   -0.367039   -0.652443    -2.13196   -0.146841    0.690425   -0.294028
   0.999474  -0.0177956    0.978849 -0.00652076  -0.0375944   0.0355344   0.0800045   -0.122213  -0.0389911    0.411458   -0.254652  -0.0781512  -0.0281054  -0.0988083  -0.0348531    0.395322   -0.257935   0.0313418  -0.0291284   0.0308499  -0.0184943      0.4526    0.534609    -2.03598    0.200111    0.723827    0.187461    0.136147   -0.366901   -0.652469      -2.132   -0.146787     0.69038   -0.294046
  0.703506   0.047582    0.87718  -0.182758   0.422969   0.253621  0.0029542  -0.957183  -0.263403  0.0902901   0.416051 -0.0559209  -0.248321   -1.07026  -0.419695   0.484548   0.172178  0.0486854   0.153455   0.491054   -1.81954    0.13252   0.195312  -0.303999   0.606527   0.102512  -0.598234  -0.531341   -2.40181   -0.82382  -0.390368   -1.07305   0.820385   0.426077
  0.722989  -0.146267   0.845871 -0.0346465   0.491575   0.149163   0.251176   -1.01777  -0.011104   0.132096   0.373835  -0.261799 -0.0612848   -1.38581  -0.253829   0.830584  0.0510685  -0.178945  -0.377057   0.153457   -1.97232   0.392214  -0.156906  -0.592577   0.198482   0.596037  -0.306505  -0.931672    -1.8222  -0.634552  -0.943665  -0.797754   0.863309  -0.122288
 0.783554   0.21627  0.910303 -0.173968  0.277563  0.400799 -0.357043  -0.78332 -0.558505  0.460137  0.105464  0.117975  -0.35801 -0.527602 -0.495367  0.256514 0.0880077  0.261799  0.393346   0.10447  -2.09335  0.636101  -1.09794 -0.530818  0.587163   0.43341  0.850961 -0.457413  -2.45491 -0.287857  -0.57068  -1.68325  0.744913  0.381945
  0.787948  -0.115728   0.905797  -0.167012   0.366873  0.0440695   0.481284   -1.04167   0.168362   0.672901  0.0150399  -0.192057   0.276986   -0.73967  0.0629032   0.161229   0.212904 -0.0841029  -0.144756  -0.356699   0.129961    3.10676   -1.00563  -0.834745   0.666196  -0.319861    2.35186   -1.74241   -0.94054   0.600874  -0.654142  -0.833553   0.385281  -0.337386
  0.904817 -0.0295331   0.946395 -0.0852196   0.374155   0.114066   0.137839  -0.750992 -0.0587387   0.377273 -0.0135235  -0.105795  0.0157771  -0.620552  -0.103359   0.218928  0.0225386 0.00405008  -0.191718    0.20988   0.178054    3.22089 -0.0205994   -1.22662   0.598624   0.203435    2.31395  -0.644808    -2.2575  -0.340339  -0.462263   -1.64796    0.79077   0.231035
    0.905404    -0.020404     0.947339    -0.092193     0.369345      0.13833     0.117767    -0.740476   -0.0912202      0.35947  -0.00467348   -0.0997563 -0.000316358     -0.61002    -0.132762     0.217484    0.0180416    0.0113446    -0.155524     0.199232     0.180493      3.14291    0.0488329     -1.26363     0.564575     0.256258      2.28233    -0.603497     -2.27518    -0.359564    -0.469053      -1.6348     0.791614     0.217165
  0.875348 -0.0144499   0.999764   0.409681   0.222222 -0.0589439  -0.369899   -1.24085 -0.0492827    1.22093  -0.208961 -0.0780004  -0.489878  -0.503063 -0.0551709   0.225862  0.0531711  0.0658267  -0.523599   0.436519    1.19574    3.21067    -2.1157  0.0467737   -1.01045   0.136755  0.0114545   0.381003   -2.42142    2.40075  -0.403476   0.919808   0.762803   0.736445
  0.894805 0.00984905   0.993305   0.425641   0.203341  -0.183799  -0.163779   -1.26804   0.277075    1.30619  -0.288311  0.0112721  -0.491296  -0.548597  0.0651713   0.239661  0.0422755   0.111207  -0.523599   0.576185    -1.6441   0.596521  -0.675873  -0.965421   0.288089   0.600727   0.571128  -0.734436   -2.19354  -0.291728   -0.62831   -1.29405   0.803039   0.157505
  0.828709   0.023302    1.09964   0.168415     0.3057  -0.302919   0.163758  -0.985898   0.433983   0.616832  0.0526425  0.0407537 -0.0730636  -0.876651   0.305836    0.19899   0.318061   0.152075  -0.372375   0.602205   -1.61325   0.607799  -0.704144   -1.06426 -0.0231285   0.638502   0.728283   -1.05055    -1.9677  -0.220869  -0.684551   -1.28537   0.677883   0.298272
  0.831209  0.0201752    1.10301   0.161641   0.291911  -0.304965   0.169571  -0.963339   0.434991   0.619202  0.0443066  0.0360354 -0.0641996  -0.850902   0.312101   0.192618   0.314197   0.147602  -0.382376   0.592876   -1.59765   0.612368  -0.696965   -1.07227 -0.0291305   0.648616   0.710251   -1.14941   -1.90975  -0.179816  -0.696191   -1.23638    0.68231   0.309988
 0.888024  0.095965   1.11282  0.168156  0.281405 -0.315516 0.0229207 -0.924615  0.378196  0.645351 -0.043599  0.120544 -0.196803 -0.807638  0.266987  0.218778  0.227397  0.233521 -0.260462  0.312702  -1.97574  0.737829 -0.690032 -0.784214    0.1698  0.802643   0.44622  -1.73808   -1.3962  0.140991 -0.735016 -0.915223  0.737709  0.380983
  0.890319  -0.184828    1.08092   0.304987   0.373542  -0.304913   0.227614  -0.829382   0.410251   0.417211  0.0579601  -0.219243   0.296919   -1.16162   0.558505   0.812885 -0.0254646 -0.0699528  -0.494427 -0.0302609   -2.71508   0.882444  -0.510049  -0.413208   0.254188   0.926075  -0.501645   -1.81509  -0.835627   0.189666    -1.2147   -0.19969    1.00752  -0.405417
  0.98916 -0.213244   1.11434  0.142243  0.333896  -0.28775   0.35608 -0.608445  0.399506  0.454673 -0.105099 -0.261799  0.330504 -0.850776  0.439617  0.695493 -0.132037 -0.132707 -0.523599  0.267608  -2.34507  0.804339 -0.597808  -0.96645  0.414719   1.17425  -0.17702  -2.70091  -1.03451  0.420927 -0.465569 -0.250069  0.952188 0.0260985
   1.03306 -0.0790169    1.06735   -0.69372   0.589081   0.742358   0.557267   -1.28361   -0.19861   0.252344   0.126527  -0.261799   0.305617   -1.08677  -0.387665    0.27585 -0.0569595  -0.108267   0.301249  -0.847233  -0.708671    3.29286   0.599591  -0.988011    1.59216    1.26151   0.200435  -0.384691   -2.49566  -0.765094  -0.436088   -2.22783   0.807641  0.0472344
   1.04574  -0.114886    1.11284   0.121341    0.79189  0.0701425  0.0159532   -1.91986 -0.0878545    1.35583  -0.231052  -0.261799  -0.149264   -1.02235  -0.159782   0.181655  0.0555913  -0.103389  -0.523599   -1.14026  -0.628214    3.28333   0.460448   -1.23034    1.41736    1.39425   0.185392   0.713476    -2.8573    1.68567  -0.364131   0.228639   0.832072   0.570053
  0.994639 -0.0724385    1.13674   0.107711   0.614106   0.102075   0.506758   -1.78927   0.527524    1.30289  -0.155544 -0.0951115  -0.204015    -0.8735  -0.207666   0.181332  0.0940156  -0.054428  -0.523599  -0.333181 -0.0857446    2.80921   0.667341   -1.36202     1.0789   0.931407   0.824792  -0.320173   -2.43293   0.597576  -0.455553  -0.410771  -0.592056      -2.55
   0.929948   0.0693543     1.30482  -0.0546126    0.353618    0.106984  -0.0633075   -0.896146   -0.142805     0.28132    0.261478  0.00311339   -0.184689   -0.765657   -0.179018    0.132367    0.294778    0.117985    0.164225    0.169073     -1.0493    0.622066    0.143182    -1.35208     0.11301    0.571629    0.313686    -2.37973   -0.934614 -0.00898233   -0.309931   0.0770844    0.649451    0.487914
    0.92994   0.0693577     1.30481  -0.0546103    0.353623    0.106985  -0.0633149   -0.896161   -0.142806     0.28132    0.261494  0.00312823   -0.184699    -0.76567   -0.179025    0.132366    0.294795    0.117994    0.164236     0.16906    -1.04932    0.622093    0.143179    -1.35205    0.113043    0.571619    0.313678    -2.37972   -0.934589 -0.00897659   -0.309935   0.0770224    0.649405    0.488041
  0.932709  0.0511728    1.25711   -0.59276   0.406598   0.646632   0.180323   -1.12272  -0.558505          0   0.465828  -0.151126  -0.137353   -1.07961  -0.767404   0.429747  0.0907931 0.00686771   0.523599  -0.147277    -2.7693   0.685864   -1.31423  -0.476649   0.866059    0.71491   0.235794  -0.560959   -2.58324  -0.363596  -0.769932   -1.65749   0.682741  -0.100916
  0.955243 -0.0372086    1.29113  -0.317855   0.372082   0.386534   0.257321  -0.886233  -0.271695          0   0.400331  -0.181561 -0.0135887   -1.00944   -0.43672   0.497881  0.0720121 -0.0622853   0.184405  -0.262354   -2.39587    0.88947  -0.933014  -0.449461   0.680616   0.658262 -0.0661614   -1.93569   -1.23697    0.48907   -1.01898  -0.545479   0.829155  -0.234055
    1.04294   -0.121885     1.29021     11.5489    0.433181    -5.68016     1.44851     -1.1286    0.403775    0.217573    0.232693   -0.261799    0.451191    -1.80271   -0.594743     1.20325   -0.156209    -0.20098    0.523599   -0.855096 -0.00777812     3.35834   -0.258122    0.297258   -0.787998    -1.29936        2.55  -0.0707111     -2.4617   -0.145927     -1.4845       -2.55   -0.443535   -0.358187
   0.915553   0.0304914     1.30069   -0.287232    0.549792   0.0211369    0.491655    -1.09231    0.277843    0.255316    0.316095  0.00279784   -0.444406    -1.77279   -0.704305    0.987562    0.201995 -0.00432868    0.224029   0.0986864    -3.02891    0.893151       -2.55   -0.720259    -1.75213   -0.452491       -2.55    -2.70467   -0.819916     1.84751   0.0977223     1.08798   -0.559112    -2.47964
  0.870125  -0.118727    1.37155   0.539613    0.44778  -0.462241   0.216525    -1.1576   0.655057   0.180367   0.467889   -0.11112 0.00670743   -1.27321   0.558505 0.00314687   0.698132  0.0496202  -0.523599 0.00114982   -2.79645    1.07891  -0.892186  -0.296907   0.804878   0.638026  -0.576383   -2.45421  -0.433371   -1.07899 -0.0172619    1.53338    0.30595  -0.333015
  0.917153   0.229576    1.43089  -0.136076    0.28412   0.397687   -0.41601  -0.739332  -0.558505          0    0.54434   0.152854  -0.749707  -0.900811    -0.7355   0.686338   0.122674   0.261799   0.523599  0.0314194   -1.92405   0.566624  -0.471781 -0.0550794   -0.93178 -0.0320209    1.86288   0.355669   -2.46377   -1.75212  -0.224673  -0.966986   0.633371    0.66899
   1.03859  0.0142871     1.4739 -0.0990307   0.426373   0.392962  -0.178418  -0.910499  -0.485992   0.112663   0.357018  -0.129348  -0.672912   -1.13176  -0.863354    0.89367 -0.0953225 -0.0474802  -0.191363  -0.796728    -2.4845   0.697367 -0.0806515  -0.086699  -0.656952   0.621458 -0.0879975    -1.1738  -0.471668  -0.580784  -0.921729  -0.868378   0.464121   0.696999
   1.03749  0.0199227    1.47435 -0.0988631    0.42609   0.389421  -0.184502  -0.908342  -0.485148   0.112701   0.357809  -0.121651  -0.672117    -1.1279  -0.855356   0.886497 -0.0901912 -0.0390867  -0.183699  -0.782283   -2.47942   0.690357 -0.0781521 -0.0848215  -0.658144    0.61605 -0.0721231   -1.16538  -0.491749  -0.573804  -0.935031  -0.867905   0.470643   0.681866
    1.02029 -0.00459759     1.51977   -0.225189    0.293312   0.0819986     0.30482   -0.983255    0.015408    0.507159    0.172042  -0.0802488   -0.541234    -1.58708   -0.844977     1.22424   0.0533476  -0.0925011    0.475332   -0.370303   -0.709126     1.98825   -0.270292   -0.326604   -0.682275   -0.457754     2.35392    -1.75108  -0.0478487   -0.931125   -0.397301    0.526652    0.148398    0.548762
     1.0203 -0.00460695     1.51977   -0.225214    0.293313   0.0820146     0.30485   -0.983244   0.0154129    0.507161    0.172041  -0.0802663   -0.541289    -1.58705   -0.845086     1.22424   0.0533232  -0.0925584    0.475357   -0.370314    -0.70915     1.98822   -0.270322   -0.326513    -0.68237   -0.457819     2.35402    -1.75106  -0.0478361   -0.931086   -0.397261    0.526609    0.148411    0.548786
  0.990399 -0.0748385    1.63692   0.134867   0.327576  -0.165687   0.237289   -1.02401   0.305417   0.300741   0.412362  -0.107963  0.0712608     -1.065   0.242109    0.23556   0.494347  0.0135885  -0.228496  -0.162261   0.584468    2.05145    1.21713  -0.594757    1.26245   0.314431  -0.042364   -1.19818  -0.455775   -0.13834   -0.60478  -0.221716 -0.0580031 -0.0263402
    1.07142    0.180589     1.65907 -0.00213866  -0.0401665    0.388504   -0.510252   -0.786589   -0.558505    0.928464   0.0155891    0.089104   -0.583357   -0.696685   -0.487624     1.03954   -0.146488    0.240216    0.320442   -0.526665    -1.21409      1.0048   -0.458379   -0.289057    0.766827  0.00852438     0.36676     1.47931    -2.34754   -0.960159   -0.668652    -2.05227   -0.294241    0.148063
     1.35548  -0.00122826      1.78233 -0.000595782     0.017421    0.0301185    0.0548577    -0.117392   -0.0293313      0.18532   -0.0869682   -0.0576443   -0.0549022    -0.155794   -0.0314119     0.273305    -0.133266    0.0505724 -0.000828284   -0.0245487   0.00309155     0.537416     0.538394     -1.98381     0.118169     0.655286      0.36424   0.00824191    -0.523752    -0.547279     -1.99699    -0.108621     0.662396    -0.364016
