    0.892671   -0.0191674      0.95783   -0.0105976   -0.0353956    0.0267116    0.0788019    -0.458175   -0.0334518     0.741072     -0.24991   -0.0829859   -0.0311674    -0.446869   -0.0289934     0.740588     -0.25764    0.0292569   0.00010873  -0.00163887     0.956914   0.00772743   0.00150577     -1.91999 -0.000490356    -0.524224  -0.00193652     0.960553  -0.00986163  6.40194e-05     -1.91815  0.000557603    -0.523711  0.000680927
  0.940928  0.0606568   0.963366  0.0270525   0.145687  -0.169934  0.0230847   -0.49193   0.182062   0.577789  -0.235033  0.0365221  -0.102393  -0.463424   0.159046   0.410962  -0.115221   0.147049  -0.171939 -0.0258301   0.793114 0.00149601   0.220956   -2.05206    0.23285  -0.415832   0.109292   0.289643  -0.501681  -0.276782   -1.58004  -0.768783  -0.314751  0.0644456
  0.965372  0.0036568   0.973981 0.00325819  0.0915835 -0.0858701    0.06927  -0.328813  0.0942998   0.460543  -0.218554 -0.0419462 -0.0430693  -0.334036  0.0837201   0.409966   -0.17223  0.0674242 -0.0784068   0.023164   0.421042          0   0.578878    -2.0845   0.139558   0.066508  0.0224965   0.376052  -0.181332  -0.426462   -1.81122  -0.650625  -0.135231   0.258057
  0.965356 0.00365306   0.973985 0.00325553  0.0915551 -0.0858724  0.0692738  -0.328797  0.0942943   0.460542  -0.218536  -0.041952 -0.0430641  -0.334019  0.0837183   0.409963  -0.172211  0.0674177 -0.0784454  0.0231581   0.420967          0     0.5789    -2.0845   0.139467  0.0666178  0.0225399   0.375949  -0.181279  -0.426542   -1.81116  -0.650585  -0.135177   0.258132
   0.946207   0.0256997    0.977693 -0.00208487  0.00892508   -0.070785    0.040541   -0.270091   0.0735026    0.480675    -0.21732  -0.0187169  -0.0708067   -0.249133   0.0718168     0.39481    -0.16018   0.0904328   -0.278169  0.00169153    0.284854           0    0.496069    -2.14328   -0.202137    0.313947   0.0497171   0.0770042   -0.579602   -0.553141    -1.54292   -0.747707    0.176321  -0.0771895
   0.946197   0.0257025    0.977694 -0.00208476  0.00891483  -0.0707906   0.0405373   -0.270097   0.0735062    0.480684   -0.217313  -0.0187155    -0.07081   -0.249136   0.0718218    0.394811   -0.160168   0.0904343    -0.27819  0.00168025    0.284828           0    0.496078    -2.14327   -0.202173    0.313973   0.0497332   0.0769383   -0.579579   -0.553159    -1.54287   -0.747618    0.176335  -0.0771445
  0.834967  -0.123699   0.952959  0.0893883  0.0182573  -0.122231   0.126052  -0.229917   0.126649   0.165455  0.0598744  -0.185578  0.0631072  -0.605974   0.148262   0.731912  -0.141684 -0.0677072  -0.366629 -0.0201312  -0.198544    1.03551   0.617997   -1.66566   0.358499   0.783773   0.123814  -0.645706  -0.283382  -0.531468   -1.26664  -0.261615   0.351873  0.0442865
  0.834963  -0.123714    0.95297  0.0894343  0.0182478  -0.122223   0.126045  -0.229907   0.126647   0.165437  0.0598774  -0.185529  0.0631098  -0.605965   0.148299   0.731899  -0.141688 -0.0676693   -0.36669 -0.0201282  -0.198542    1.03548   0.618027   -1.66565   0.358449   0.783753   0.123833  -0.645699  -0.283349  -0.531478   -1.26665   -0.26161   0.351842  0.0442923
  0.857144 -0.0931834    1.00079  -0.389488  0.0481138  -0.006054    0.59198  -0.295446  0.0328358   0.234449  0.0242926  -0.193212   0.507878   -1.08704  0.0571438    1.28299  -0.235764 -0.0682607   0.114413 -0.0745372   -0.19066   0.848587   0.560994   -1.72761   0.234418   0.723117   0.119509  -0.455344  -0.307398   -0.52934   -1.29527  -0.385998   0.238337  0.0659881
   0.857132  -0.0931956     1.00079   -0.389501   0.0481382 -0.00612328    0.592001   -0.295434   0.0329029    0.234469   0.0243056   -0.193271    0.507839    -1.08706    0.057051     1.28299   -0.235734  -0.0683648    0.114406  -0.0744615   -0.190715    0.848546    0.561049    -1.72761    0.234297    0.723206     0.11955   -0.455398   -0.307372   -0.529361    -1.29524   -0.385938     0.23837    0.065996
  0.823381  -0.152961   0.941682   -6.27958  0.0820793   -6.20089   0.216588  -0.382626 -0.0652067    0.15696   0.127045  -0.244948  -0.227884   -1.44464  -0.488739    1.63559  -0.276818  -0.261799  -0.523599   0.160316    -1.3193   0.476811   0.030207  -0.836491  0.0842988   0.609415  -0.374017 -0.0434015   -1.68756   0.284491  -0.777386    1.48816    0.11534    2.45183
  0.721024  -0.009859   0.940579  -0.382126   0.285141  0.0673018   0.537659  -0.917762   0.110113   0.445398   0.190088 -0.0871847   0.523599   -1.49294    0.23653    1.11219  0.0906945  0.0818563   0.201744   0.359158   -1.39944   0.413449 0.00453123   -0.72933  0.0656804   0.301481 -0.0134246   -1.36356   -1.48368  -0.275172  -0.722697  -0.708451   0.659509   0.326768
 0.643656 -0.205806   0.95598 0.0934021  0.477265 -0.146212  0.725312  -1.17648  0.609028  0.288318  0.504415 -0.261799  0.523599  -1.21367  0.503575  0.188808  0.596144 -0.145637 -0.523599   0.10793  -1.95692   0.70093 -0.133233 -0.648688  0.339133  0.587012 -0.587011  -1.87345  -1.12812 -0.123524 -0.613785 -0.412396  0.530216 0.0475616
  0.641158 0.00411119   0.945852   0.171328   0.533873  -0.181674   0.612692   -1.50851   0.836503   0.553128   0.416582  0.0880437  -0.035273   -1.49023   0.231645   0.348591   0.583025   0.139258  -0.204695   0.452424   -1.57143   0.389819   0.169008   -0.90953   0.182085   0.393108  -0.189607    -2.7149   -1.05835   0.230134  -0.386691 -0.0624089   0.692587   0.546104
   0.64565  0.0410184    1.00576  -0.271054   0.488417  0.0183809   0.538148   -1.28612   0.338846   0.246699   0.574468  0.0315783 -0.0972225   -1.81616   -0.25462    0.72326   0.600093   0.101233   0.282508   0.486314   -1.64382    0.53351  -0.643202  -0.234288   0.796281  -0.180239  0.0711929   -2.33892    -1.1813   0.180101  -0.458425  -0.283527   0.610303   0.603136
  0.647026  0.0507129   0.996321  -0.275451   0.544366  0.0146444   0.590017   -1.33156   0.416554   0.225914   0.588642  0.0608763 -0.0897495   -1.84987  -0.223446   0.675212   0.626613   0.129082   0.233355   0.617617   -1.76508   0.342149   -0.45277   -0.18088   0.656397  -0.165097  -0.034798  -0.556421    -2.1704  -0.509892  -0.659603   -1.24847    0.57404   0.218198
 0.687245 0.0802127   1.01188  -0.18726  0.481901  0.028456  0.290685  -1.42733   0.18734  0.559288  0.388628 0.0684916  0.107885  -1.91986  0.184989  0.993072  0.442517  0.261799  0.320966  0.202305  -1.81462  0.859587 -0.212022 -0.516443   0.45521  0.342089 0.0296391  -2.21353 -0.928066  0.286835 -0.352243 -0.382761  0.501165  0.469985
 0.723102  0.233162   1.00159 -0.487184  0.660756  0.131204  0.315388  -1.51033  0.138281  0.396977  0.442359  0.261799  -1.12028  -1.57954  -1.29767  0.415836  0.485739  0.261799  0.523599  0.410143  -1.83708  0.305102  0.123053  -1.17312 -0.334992  0.845965  0.239648  -2.95636 -0.994948  0.266549 -0.241064 -0.242787  0.802748  0.892353
  0.874405   0.222565     1.1271  -0.193349   0.269991   0.133175  -0.114154  -0.778078  -0.182041   0.368207   0.146476   0.178441  -0.834393   -1.35496  -0.779328    1.23545 -0.0797215   0.261799   0.523599    0.66267   -1.48868          0  0.0591623  -0.297638   0.652045  -0.133402  -0.217071   -3.09474   -1.03207   0.556395   -0.22536   0.281126   0.867893   0.828393
  0.781859   0.022939    1.09401  -0.356145   0.420172   0.149947   0.414068   -1.07078  0.0483055    0.25819   0.369049 -0.0529722  -0.772839   -1.61327   -1.17841   0.956348   0.187835 -0.0900518   0.296239    0.52355   -1.75829    0.31095 -0.0391057  -0.350441    0.55067   0.111674  -0.343421   -3.01161    -1.0829   0.401162  -0.195001   0.121788   0.687166    0.59529
   0.71767  -0.176856    1.12203   0.159963   0.551657  -0.164657    0.73252   -1.27661   0.711257   0.210749    0.59037  -0.209435   0.487972   -1.32422   0.558505   0.102516   0.698132 -0.0938592  -0.416883   0.227195   -2.13059    0.69315  -0.231184  -0.348906   0.719843   0.396458  -0.737378   -2.58416  -0.994789   0.266047  -0.244048  -0.107185   0.496211   0.139334
    0.76854    0.107535     1.19653   -0.268256    0.411523    0.256463  -0.0534612    -1.10552   -0.328585 0.000709399    0.666317  0.00618184   -0.316368    -1.14581   -0.491031    0.306992    0.441928    0.121469    0.522621    0.339118    -1.30203    0.449342   0.0204017   -0.682408    0.831954  -0.0263068   -0.285317    -2.56961   -0.870584   0.0893799   -0.276599    0.281669    0.621673     0.58171
  0.762325  0.0812768    1.19452   0.129601   0.539592  -0.291973    0.39017   -1.35681    0.65913   0.358192   0.448408   0.169479  -0.636684   -1.88552  -0.367034   0.570172   0.698132    0.20357   0.114542   0.634021   -1.30102   0.835257  -0.603815  -0.958415  -0.727137   0.310732    1.88521   -2.63146  -0.836331 -0.0875324  -0.121766   0.436444    0.51304   0.538176
   0.726821  -0.0168453     1.17078   -0.207881    0.572353  -0.0133724    0.735241      -1.326    0.565055    0.163773     0.64002 -0.00941747   -0.204416    -1.91986   -0.434947    0.635625    0.698132  -0.0367479  0.00102635    0.345278    0.527505     2.84479    0.292069   -0.960437  -0.0525664    0.453453        2.55    -2.72883    -1.05847   -0.418446   -0.168541    0.256922    0.503326    0.723258
  0.778029  -0.107016    1.20804 -0.0710874    0.51601 -0.0868794   0.700772   -1.21306   0.551375   0.304122   0.466659  -0.130613  -0.459953   -1.91986  -0.788419   0.823499   0.532218  -0.261799 -0.0374249 -0.0523701   0.109785    2.59242  -0.261106  -0.482752   0.152382  -0.242606    2.32816   -1.98719    -0.5473  -0.365652  -0.455615    0.10104   0.369056   0.174876
  0.781295  -0.129536    1.19995  -0.445504   0.488454   0.180679    1.01276    -1.2333   0.450568   0.216718   0.548833  -0.221227   0.148679   -1.91986  -0.497716   0.946796   0.439899  -0.261799   0.230509  -0.212123   -2.53531   0.898255   0.109893  -0.236874  -0.068897   0.575299   -0.71595   -2.07897  -0.647623   0.268894  -0.189963  -0.368711   0.202483 -0.0582769
   0.79534  -0.216828    1.32915   0.147889   0.385574  -0.219083   0.831219   -1.18729    0.75955    0.45694   0.469619  -0.261799   0.523599   -1.14306   0.558505   0.119845   0.698132  -0.154823  -0.513439  -0.114437   -2.27019   0.945852  0.0950512  -0.264586   0.183566   0.504678  -0.970925   -1.65856  -0.576993   -0.13888  -0.213778  -0.341425 -0.0837904  -0.045187
  0.795345  -0.216834    1.32916   0.147882   0.385546  -0.219111   0.831275   -1.18727   0.759602   0.457035   0.469555  -0.261799   0.523599     -1.143   0.558505   0.119817   0.698132   -0.15483  -0.513935  -0.114596   -2.27045   0.945314  0.0945837  -0.264462   0.182948    0.50469  -0.970594    -1.6585  -0.577009  -0.140543  -0.213401  -0.340537 -0.0840555 -0.0449953
 0.878788 -0.203093   1.39587  0.175867  0.389048 -0.208549  0.490643  -1.01824  0.470812  0.255208  0.442171 -0.261799   0.47573  -1.21349  0.558505  0.440186  0.424552 -0.118521 -0.426046 0.0136651 -0.387464    1.8841 0.0883271  -1.24118  0.530918  0.257899  0.786976  -1.89728 -0.813053  0.374416  -0.39508 -0.215396  0.301124 -0.446209
  0.843595 0.00873815    1.32001  -0.548524   0.595358   0.402094   0.811207   -1.65662   0.319846    0.27796   0.670189 -0.0590043   0.125407   -1.34993  -0.323741          0   0.659596 0.00745724   0.295594    0.10596   -1.78565   0.887432   -0.52703   -1.40747   0.128251   0.841579   0.490379    -3.0585  -0.943108   0.288265 -0.0941953  -0.094196   0.608267    0.54521
  0.867788  0.0128215    1.36879  -0.137142   0.562139  0.0688953   0.452372   -1.55619   0.335354   0.541244    0.44992 -0.0013543 -0.0407188   -1.30757  -0.108929   0.160726   0.583277  0.0610532   0.151033  0.0330235   -2.25637   0.949413  -0.559624  -0.483481   0.557017   0.518364  -0.102983   -2.40375  -0.815409   0.366201    -0.2445   -0.36669   0.464295    0.31664
   0.867785   0.0127925     1.36879   -0.136932    0.562163   0.0687208    0.452094    -1.55625    0.335088    0.541369    0.449896 -0.00154765  -0.0407084    -1.30761   -0.108738    0.160717    0.583318   0.0610507    0.150827   0.0330276    -2.25643    0.949448   -0.559641   -0.483476    0.556991    0.518389   -0.103048    -2.40371   -0.815378    0.366202   -0.244487   -0.366658    0.464252    0.316521
  0.855758 -0.0440971    1.38705  0.0360368   0.623039   0.165163   0.397706   -1.91986   0.351998    0.56963   0.698132  -0.115995  -0.537626   -1.34525  -0.602832   0.187818   0.565596  -0.100977  -0.130193  -0.327615   -2.52486    0.80778  -0.256658  -0.222075   0.178653   0.505875  -0.436178   -2.14524  -0.824062   0.239821  -0.470167  -0.405194   0.452778   0.109489
  0.909413   0.146989    1.42592   0.126902   0.410886 -0.0345703 -0.0211511   -1.91986   0.356227     1.1586   0.345565   0.261799  -0.547398   -1.08397  -0.238306    0.23586   0.462208   0.238619   0.114435   0.213167   -1.84441   0.647476  0.0510664  -0.172331   0.474109   0.101151  -0.217388   0.374117   -2.36253  -0.743762  -0.405126   -1.91057   0.357039    0.40441
 0.890215  0.143272   1.48982  0.195602  0.448904  -0.16798 0.0160704   -1.6555  0.417921   0.69748   0.47476  0.251688 -0.893522  -1.50711 -0.501117  0.407384  0.631204  0.243541 0.0421497  0.296455  -1.75558  0.631498 0.0558435 -0.222398  0.425219 0.0241608 -0.154509  -2.05106  -1.20961  0.584909 -0.548061 -0.795869  0.499355  0.513702
  0.898566  -0.212531    1.52478   0.153266   0.429033  -0.195287   0.787147   -1.20298   0.719684   0.359088   0.522669  -0.261799   0.523599   -1.19921   0.558505    0.12381   0.698132  -0.149301   -0.37493 -0.0722697   0.210629    2.38993 -0.0692361  -0.441901   0.368802  -0.268072    1.77221   -1.50809   -0.59734  0.0554172  -0.736101   0.375244    0.31673  -0.831211
    0.9339  -0.228573    1.53663   0.162874   0.490273  -0.218582   0.905437   -1.21495   0.847223   0.430933   0.430084  -0.261799   0.523599   -1.14215   0.558505  0.0142095   0.698132  -0.170346  -0.462667   0.200818   0.386511    2.62552   0.258609  -0.539786   0.404861  -0.158794     1.7607   -2.18358  -0.966604   0.109357  -0.566625 -0.0868905   0.596326 -0.0999701
  0.933899  -0.228573    1.53663   0.162874   0.490271  -0.218582   0.905435   -1.21495   0.847221   0.430933   0.430085  -0.261799   0.523599   -1.14215   0.558505   0.014212   0.698132  -0.170345  -0.462642   0.200846   0.386542    2.62556   0.258461  -0.539746   0.405063  -0.158938    1.76076   -2.18359   -0.96659   0.109377  -0.566626 -0.0868377   0.596338 -0.0999902
     1.35548  -0.00122826      1.78233 -0.000595782     0.017421    0.0301185    0.0548577    -0.117392   -0.0293313      0.18532   -0.0869682   -0.0576443   -0.0549022    -0.155794   -0.0314119     0.273305    -0.133266    0.0505724 -0.000828284   -0.0245487   0.00309155     0.537416     0.538394     -1.98381     0.118169     0.655286      0.36424   0.00824191    -0.523752    -0.547279     -1.99699    -0.108621     0.662396    -0.364016
