    0.892671   -0.0191674      0.95783   -0.0105976   -0.0353956    0.0267116    0.0788019    -0.458175   -0.0334518     0.741072     -0.24991   -0.0829859   -0.0311674    -0.446869   -0.0289934     0.740588     -0.25764    0.0292569   0.00010873  -0.00163887     0.956914   0.00772743   0.00150577     -1.91999 -0.000490356    -0.524224  -0.00193652     0.960553  -0.00986163  6.40194e-05     -1.91815  0.000557603    -0.523711  0.000680927
   0.963757   0.0387717    0.960184  -0.0204415   0.0913247   0.0486713   0.0129203   -0.489275  -0.0513877    0.692627   -0.295849  -0.0167104  -0.0981671   -0.422947  -0.0606968    0.611838   -0.275692   0.0938954  -0.0715792   0.0937567    0.772848 0.000795039    0.247799    -2.06812    0.261138    -0.40274     0.12257    0.586785   -0.110138   -0.663613    -1.86131   -0.344983    -0.19169    -0.19509
    1.00795  0.00453679    0.965035 -0.00157125    0.123018   0.0196185   0.0473573   -0.383693  -0.0142312     0.55342   -0.293541  -0.0514514  -0.0662024   -0.373389   -0.028553    0.549247   -0.297411   0.0577975  0.00577569 -0.00681026    0.526941           0    0.494636    -2.10103    0.308227  -0.0504296  -0.0451011    0.557454 1.38778e-16   -0.526729    -2.11425   -0.281195  -0.0563088 -0.00365174
    1.00806   0.0045513    0.965022  -0.0015714    0.123131   0.0196177   0.0473408   -0.383685  -0.0142323    0.553441   -0.293668  -0.0514333  -0.0662188    -0.37337  -0.0285532    0.549247   -0.297529   0.0578169  0.00576381 -0.00680138    0.527463           0    0.494478    -2.10142    0.308252  -0.0506053   -0.044914    0.558006           0   -0.526653    -2.11458   -0.281291  -0.0565391 -0.00386549
   0.987791    0.025047    0.970244 -0.00694028     0.01019   0.0581528   0.0207708    -0.30026  -0.0605494    0.590691   -0.302296  -0.0316494  -0.0867712   -0.242655  -0.0606115     0.53044   -0.293271    0.079035   -0.198043   0.0376818    0.284027           0    0.375921    -2.08201  -0.0585668    0.256299  -0.0399167    0.415139   -0.485916    -0.77234    -1.92017   -0.347273    0.319042   -0.512749
   0.987776   0.0250479    0.970247 -0.00694047   0.0101677   0.0581488   0.0207697    -0.30026  -0.0605479    0.590704   -0.302286  -0.0316486  -0.0867716   -0.242653  -0.0606074    0.530447   -0.293257   0.0790354   -0.198045   0.0376714    0.283983           0    0.375946    -2.08196   -0.058577    0.256314  -0.0398962    0.415055   -0.485958   -0.772313    -1.92012   -0.347202    0.319086   -0.512699
   0.992776  0.00931655    0.979476  0.00673882   -0.117018 -0.00499155   0.0361583  -0.0334551 0.000664739    0.427533   -0.276904  -0.0431208  -0.0720074  -0.0470801   0.0134416    0.447694   -0.284207   0.0664782  0.00988128  -0.0154217    0.072671    0.439454    0.536578    -1.93328    0.119717    0.633682    0.328457   0.0527355    -0.52163    -0.47746     -1.9042   -0.120526    0.639336   -0.366496
   0.992807  0.00931394    0.979548  0.00678577   -0.117005 -0.00499807   0.0361232  -0.0334248 0.000724003    0.427524   -0.276934  -0.0431575  -0.0720306  -0.0470496   0.0134685    0.447679   -0.284235   0.0665268  0.00984297  -0.0154453   0.0728324    0.439152     0.53668    -1.93339    0.119571    0.633571    0.328483   0.0528001   -0.521271   -0.477553    -1.90432   -0.120229    0.639265   -0.366494
 0.868689  0.168761   1.00383 -0.396732 0.0199733   0.21671  0.235015 -0.380943 -0.215833  0.283457 0.0197493 0.0868396 -0.120415 -0.951485 -0.366552   1.19832 -0.273427  0.218202  0.523599 -0.187051 -0.459739  0.145283  0.475487  -1.76656 -0.215212  0.547067  0.218814   0.17757  -1.07532 -0.658981  -1.58523 -0.480143  0.333371 -0.399152
   0.865383   0.0237929     1.00542   -0.410534    0.012497    0.255385    0.420204    -0.39459   -0.236133    0.196771   0.0728182   -0.088739 -0.00367329    -1.04941   -0.474178     1.28705    -0.30218  0.00701535    0.323796   -0.168262   -0.419914    0.489882    0.374557    -1.66928   0.0153208    0.590219    0.162784  -0.0171361   -0.641709   -0.623043    -1.63879   -0.229013    0.353404   -0.389641
 0.863152  0.125651   1.00361 -0.388671 0.0336669  0.242354  0.277018 -0.369435 -0.231306   0.18336  0.078665 0.0353343 -0.131386  -1.00818 -0.435826   1.24237 -0.281521  0.151176  0.523599 -0.268005 -0.877856  0.805178   0.33875  -1.44526  0.108991  0.844308  0.300484 -0.142591 -0.960107  -0.46919  -1.65282 -0.342848  0.475738 -0.344142
  0.681228 -0.0250908   0.887702  -0.407481    0.47516   0.134177   0.660881   -1.14586   0.241562   0.331261    0.34249 -0.0895191  -0.412851    -1.7213  -0.893078   0.956831   0.229515  -0.128324   0.320051  -0.574171  -0.358465     2.5648   0.293618   -0.30221    1.67778   0.683817  -0.343145   -1.84211  -0.434056   0.764153  -0.316062   0.766729 -0.0277957   -1.80479
  0.667983 0.00393993   0.997189 -0.0296287   0.408941   0.119562 -0.0391756   -1.15154  -0.169456   0.159977   0.577072 -0.0963971  -0.487542   -1.38084  -0.544343     0.6664   0.327275  -0.023349   0.180792  -0.460318   -1.66447    1.63106  -0.154302  -0.749131    0.85422   0.595825  -0.280183   -1.66198  -0.402252   0.231511  -0.280083  -0.539189 -0.0384812   0.297584
   0.66845   0.189034     1.0058  -0.120219   0.330085    0.17814  -0.278178  -0.938249  -0.316134  0.0162017   0.619666   0.141232   -0.43538  -0.915956  -0.369563   0.143432   0.503261   0.261799   0.523599  -0.209669   -1.46981    1.20353 -0.0361498  -0.619435   0.607294   0.341716   0.167967   -1.64555  -0.856335   0.316339  -0.667876   -0.63188   0.390796    0.48443
  0.719768 0.00701459    1.05562  -0.110813   0.330252   0.114194   0.107297  -0.939532 -0.0875802  0.0843344   0.511999 -0.0772765 -0.0531179  -0.909934  -0.149125   0.118647   0.459888  0.0424557   0.197731 -0.0916159   -1.40399    1.04813   0.035897  -0.671679   0.675786   0.361408  -0.238632   -1.78162  -0.768837  0.0405856  -0.347806  -0.309619   0.278234   0.293972
  0.719761 0.00704736    1.05563  -0.110805   0.330235   0.114207    0.10723  -0.939514 -0.0876145   0.084325    0.51201 -0.0772189 -0.0531706  -0.909931  -0.149132   0.118677    0.45988    0.04253   0.197701 -0.0916342   -1.40404    1.04807  0.0358149  -0.671738   0.675761   0.361418  -0.238689    -1.7816  -0.768941  0.0404901  -0.347707   -0.30954    0.27818   0.293884
 0.644054 0.0134896  0.968553 -0.441772  0.681604   0.11169   1.06577  -1.37629  0.772846 0.0871899  0.665545 0.0519069   -0.1284  -1.91986 -0.489206  0.510462  0.698132 0.0100943  0.346726  0.200909  -2.48611  0.724957  -0.27663 -0.305906   0.20727  0.509635 -0.208375  -2.59205 -0.786653  0.200555 -0.240247 -0.200976  0.524619  0.396856
  0.648401 -0.0534888   0.972903  -0.453032   0.647744   0.136202    1.20654   -1.33833    0.82052   0.149372   0.620514 -0.0487359  -0.241038   -1.91986  -0.771815   0.547306   0.658202  -0.170032    0.33229  0.0343439   -2.61447   0.869377   -0.36799  -0.282314   0.331586   0.572201  -0.443358   -2.43679  -0.666289    0.20338  -0.202024  -0.173121   0.399723   0.159183
   0.770144    0.026577     1.08449   -0.366242    0.516657   0.0750881     0.56928    -1.12811    0.264927    0.235915    0.395482  -0.0119357   -0.304976    -1.75455   -0.635161    0.920061    0.288239 -0.00411326    0.523599   -0.289188   -0.363513      2.5115   -0.784831   -0.282467   0.0932401   -0.523844     2.53217    -1.85351   -0.422204     0.36795   -0.563132   -0.209524    0.342296   -0.127598
   0.774482 -0.00182384     1.08738   -0.365063    0.493604   0.0887521    0.588429    -1.09887      0.2462     0.23323    0.388649  -0.0533967   -0.285867    -1.75323   -0.664169    0.965914    0.260126   -0.055506    0.434501   -0.390746   -0.325494     2.58952   -0.841409    -0.24956   0.0683194    -0.56923        2.55    -1.77542   -0.400651    0.309716   -0.580612   -0.212736    0.281467   -0.188043
  0.752827 -0.0397666    1.16881  -0.243372   0.429767   0.264508   0.145411   -1.34527  -0.269916   0.263887   0.592312  -0.208346  -0.402419   -1.42773  -0.746793   0.635696   0.338462  -0.129588    0.16448  -0.588543  0.0504596    2.57612  -0.786475  -0.277839   0.326847  -0.404376    2.44551   -1.63088  -0.507755   0.463257  -0.342057  -0.809088 -0.0782947  0.0861689
   0.837764   0.0864951     1.24701    0.142136    0.201387   -0.372419    0.362793    -1.12548    0.734471    0.886993   0.0362583    0.171228   -0.113684   -0.823712    0.394946           0    0.531972    0.261799   -0.181313     0.31245    -1.90126    0.675022   -0.618026    0.129431    -1.24875 -0.00534971     1.81029   -0.452194    -1.09978   -0.135558   -0.979809   -0.592753  -0.0379909   -0.315964
 0.800595 0.0128311   1.20534  0.414956   0.29327 -0.512395  0.453299  -1.21434   1.01314  0.738472  0.129382  0.113972 -0.132051  -1.10863  0.558505         0  0.633138  0.238244 -0.322569  0.462967  -2.16768   0.82545 -0.664343  0.110483  -1.27959 -0.234144   1.89991  0.337949  -2.39623 -0.554945 -0.738498  -1.11403  0.259444 -0.776927
 0.800594 0.0128211   1.20535  0.414934  0.293253 -0.512384  0.453287   -1.2143    1.0131  0.738471  0.129381  0.113953 -0.132025   -1.1086  0.558505         0  0.633131  0.238226 -0.322606  0.462986  -2.16763  0.825394 -0.664343  0.110452  -1.27957  -0.23411   1.89991  0.337877  -2.39611 -0.554833 -0.738658  -1.11416  0.259391 -0.776949
  0.843012    0.12206    1.28074    -0.4044   0.386175   0.055712   0.459573   -1.24304   0.186663   0.594341   0.268444   0.099107   0.168627   -1.61279  0.0366155   0.903889   0.318896   0.261799   0.523599   0.363993   -1.62424   0.549032 -0.0922591  -0.349453  -0.144504  0.0996423   0.547671   -1.10718   -1.44087  -0.199789   -1.07098  -0.674369   0.669452   0.204239
   0.846144   -0.107923      1.2893   -0.546328     0.21267     0.20105    0.796573   -0.800896   0.0163623 1.73472e-18    0.509532   -0.261799     0.26132    -1.55549   -0.461027     1.05966    0.206074   -0.196403    0.523599    -0.12601    -1.63984     1.26952   -0.830684   -0.248735   -0.829351   -0.296194     1.81687    -1.48049   -0.552522   -0.235519   -0.549672    0.244642    0.251041   -0.188457
  0.918661   0.159326    1.47961   0.267683 -0.0889586   0.625622  -0.523153  -0.161585  -0.558505     0.1044   0.411652  0.0911526   -0.83158  -0.406336  -0.537979    1.03384  -0.154926   0.256276   0.523599  -0.731195  -0.719607   0.787745   -0.13381  -0.283212   0.733258   -0.54934   0.719842   0.797028   -2.63758  -0.479601   -1.00933  -0.243305   0.447351   -1.54622
   0.839827  -0.0221167     1.39519   0.0640066    0.351725  -0.0563649    0.160966    -1.22733    0.169486    0.394131    0.486067   -0.065297  -0.0752544    -1.03214   0.0350192 6.93889e-18    0.676903   0.0481733  -0.0800355    0.118613    -1.33183    0.941257   -0.399243   -0.550292    0.547524   0.0157771    0.181459   -0.865424    -1.20412    0.142579    -1.05536    0.139978    0.300065    -1.03529
  0.888321  -0.020597    1.30339    1.07477   0.403238  -0.799941   0.525785   -1.53512    1.53036   0.496632   0.198069  0.0855001  -0.779021   -1.86149   0.352732   0.354372   0.619192   0.261799  -0.523599  0.0462818   -1.02007    2.53855  -0.823327  -0.374769   0.182306  -0.700447    2.34215   -2.21759  -0.482633   0.939998   -1.30975 -0.0384049     1.1351  -0.461268
    0.855906   -0.0301492      1.38369     0.224889     0.436548    -0.190866    0.0659099     -1.07432     0.248853 -2.60209e-17     0.627051   -0.0560901   -0.0141702      -1.3941     0.281697     0.421207     0.508144    0.0975499    -0.245083    -0.258793      -2.6354      1.33029     -1.34547    -0.555532     0.829575     0.563764    -0.160838     -1.86784    -0.882206      1.72616    -0.717613     0.643237     0.351934     -2.47996
  0.892096 -0.0909837    1.42242   0.330723   0.347754  -0.324182   0.161553  -0.990408   0.447682   0.195135   0.432497  -0.102929   0.144293   -1.23375   0.543589   0.393333    0.44547  0.0621932  -0.523599 -0.0169404    -2.4756    1.18615    -1.4763  -0.644178   0.844799   0.527864  0.0527388   -2.11446  -0.881548    1.77459  -0.154321   0.373491  -0.133515   -2.29626
    0.926705    0.0197549      1.41445     0.196747     0.529717    -0.163265   -0.0438465     -1.08485     0.138006 -2.51535e-17     0.540153  -0.00439829    -0.251427     -1.39883    0.0158889     0.446795     0.400165     0.113933     0.184575     0.159178    -0.623605       1.4769     0.402689     -1.06596      1.02513     0.318894     0.276929     -2.11929    -0.481424     0.280037    -0.527536     0.192966     0.651775    0.0337157
  0.929482   0.104425    1.45419  -0.140974   0.482783 -0.0493349    0.17052   -1.06474    0.14705   0.088529   0.500522  0.0940538 -0.0800415     -1.824  0.0278011   0.962359   0.376496   0.261799   0.523599   0.313542   -1.19078   0.887414   0.289861  -0.823042   0.709005   0.309094 -0.0684077   -1.96375  -0.780178   0.255334  -0.633514 -0.0784907   0.657719   0.297328
   0.943632   0.0642234     1.49423   -0.259879    0.121284    0.409779 -0.00948642   -0.786012   -0.499788    0.173419    0.422583  -0.0797692    -1.04856    -1.20839    -1.37897      1.2603 -0.00240533  -0.0393538    0.523599   -0.399513   -0.966061     1.38698   -0.433264   -0.916842 -0.00853511    0.186875     1.40272    -1.92073   -0.631991   -0.602061  -0.0387565    0.400685    0.116233    0.436955
   1.01401  0.0152297    1.53492  -0.498997  0.0444812   0.437046   0.304061   -0.88854  -0.507297   0.413389   0.225009  -0.172361  -0.466031   -1.19669   -1.12339    1.20635 -0.0924869 -0.0904093   0.523599  -0.054524   -1.46669   0.735385  -0.821392  -0.488028  -0.520676  0.0698137    1.57068   -2.08136   -1.05083  -0.664453  -0.313087   0.269863    0.50013   0.672238
     1.014  0.0152262    1.53492  -0.498964  0.0444974    0.43704   0.304026  -0.888547   -0.50729   0.413386   0.225021   -0.17236  -0.466101   -1.19671   -1.12342    1.20637 -0.0924778 -0.0904183   0.523599 -0.0545289    -1.4667   0.735432  -0.821406  -0.488017  -0.520649  0.0697819    1.57071   -2.08146   -1.05075  -0.664547   -0.31304   0.269806   0.500117   0.672552
  0.986916  -0.163805    1.61136  0.0199622   0.334541 -0.0442936   0.378331  -0.879142   0.191738 0.00108938   0.571756  -0.261799   0.324377   -1.23626   0.239361   0.570324   0.346209  -0.123227  -0.520576   0.133573    -1.6768   0.703148  -0.429304  -0.550173   0.431746   0.334821  -0.332161   -1.74264   -1.22569   -1.02449  0.0342607  -0.918937    0.23187    1.41078
  0.930559  -0.210752    1.52919  0.0938864   0.536184  -0.127183     0.8336   -1.24432   0.712859   0.264291   0.544473  -0.261799   0.523599    -1.2218   0.489868  0.0342587   0.698132  -0.161734  -0.435524   0.075851   0.594597    2.43136    1.34222  -0.671797    1.27134   0.336609 -0.0646964   -2.47608  -0.889074  -0.526518 -0.0907426   0.488844   0.335786   0.108807
     1.35548  -0.00122826      1.78233 -0.000595782     0.017421    0.0301185    0.0548577    -0.117392   -0.0293313      0.18532   -0.0869682   -0.0576443   -0.0549022    -0.155794   -0.0314119     0.273305    -0.133266    0.0505724 -0.000828284   -0.0245487   0.00309155     0.537416     0.538394     -1.98381     0.118169     0.655286      0.36424   0.00824191    -0.523752    -0.547279     -1.99699    -0.108621     0.662396    -0.364016
