    0.892671   -0.0191674      0.95783   -0.0105976   -0.0353956    0.0267116    0.0788019    -0.458175   -0.0334518     0.741072     -0.24991   -0.0829859   -0.0311674    -0.446869   -0.0289934     0.740588     -0.25764    0.0292569   0.00010873  -0.00163887     0.956914   0.00772743   0.00150577     -1.91999 -0.000490356    -0.524224  -0.00193652     0.960553  -0.00986163  6.40194e-05     -1.91815  0.000557603    -0.523711  0.000680927
    0.92407    0.126848    0.956356 -0.00580702     0.02524   0.0709611   -0.116496   -0.462321  -0.0814287    0.703458   -0.259266   0.0857718   -0.218992   -0.350389  -0.0794128    0.559363   -0.219187    0.197031   0.0317859    0.140216    0.766619 0.000579583     0.25605    -2.07306    0.269833   -0.398715    0.126651    0.701176   -0.344312    -0.78738    -1.70486   -0.398687   -0.177225    -0.30259
  0.969452  0.0826221   0.959274 0.00336552   0.201686  0.0448594 -0.0687704  -0.526911 -0.0609801   0.547147  -0.219238  0.0355274   -0.18242  -0.466528 -0.0828505   0.476502  -0.201625   0.144396  0.0606472  0.0148437   0.366848          0   0.468837   -2.07509   0.274852 -0.0225054 -0.0365727   0.633035  -0.190633  -0.740384   -2.13837  -0.360272 -0.0355389  -0.144444
  0.966343  0.0822172   0.958433 0.00336973   0.215884  0.0413265 -0.0679056  -0.545148 -0.0580886   0.542041    -0.2103  0.0353392  -0.182527  -0.485786  -0.081936   0.471024  -0.191505   0.143969  0.0604839  0.0154105   0.365076          0   0.477271   -2.09103      0.268 -0.0178827 -0.0271359   0.624838  -0.193639  -0.746603   -2.15064  -0.356287 -0.0284749  -0.149863
    0.999292    0.0616276     0.967551   0.00401348     0.153444    0.0523756   -0.0376194    -0.385157   -0.0591786     0.467888    -0.234734    0.0116193    -0.147609    -0.324987   -0.0750415     0.400695    -0.220651      0.12083    -0.174901    0.0495334     0.365207 -5.20417e-17     0.396552     -2.24505    0.0971946     0.199333    -0.116609     0.602205    -0.438344     -1.01271     -2.13387    -0.546907     0.298445    -0.436439
  0.999283  0.0616593   0.967563  0.0040438   0.153409  0.0523537 -0.0376775   -0.38512 -0.0591665   0.467886  -0.234735   0.011671  -0.147669  -0.324953 -0.0750291   0.400685   -0.22064   0.120875  -0.174917  0.0494969    0.36518          0   0.396498   -2.24507  0.0971738   0.199419  -0.116609    0.60204  -0.438424   -1.01269   -2.13381  -0.546785   0.298554  -0.436384
  0.969478  0.0522609   0.978066    0.01617 -0.0166828   0.043589 -0.0286297  -0.199829 -0.0442021   0.437959  -0.220394 0.00381203  -0.136222  -0.162946 -0.0417154   0.403405   -0.21814   0.113301  0.0173439  0.0149568   -0.17362   0.284247   0.484687    -1.9614  0.0643478   0.689254   0.151461    0.18042  -0.586624  -0.722216   -2.00721  -0.294568   0.639795  -0.289514
  0.969477  0.0522653   0.978081  0.0161915 -0.0166864  0.0435914 -0.0286421  -0.199827 -0.0441782    0.43796  -0.220396 0.00384596  -0.136233  -0.162942 -0.0416942   0.403404  -0.218142   0.113341  0.0173607  0.0149363  -0.173555   0.284311   0.484659   -1.96142  0.0644431   0.689218   0.151435   0.180334  -0.586549  -0.722199   -2.00722  -0.294503   0.639761  -0.289509
    0.97724   0.0353441    0.977931  0.00988247  -0.0213183   0.0822176 -0.00709129    -0.20293  -0.0841961    0.460575   -0.236446  -0.0195703   -0.112868   -0.147356  -0.0805947     0.42006   -0.242736   0.0909972  -0.0743785   0.0886085   -0.317536    0.260648    0.354366    -1.89997   0.0224615     0.74421   0.0500298    0.127272    -1.14186    -0.86657     -1.6305   -0.588055    0.770627   -0.430424
  0.840119 -0.0368424   0.933665  -0.081439   0.178884 -0.0666641   0.272856  -0.825341   0.141569   0.853715   -0.18852 -0.0888713   0.127338  -0.725873   0.103066   0.635561 -0.0816849    0.02198  -0.044971   0.319025  -0.842222    0.50153   0.251422   -1.53228   0.175795   0.720088 -0.0525643   0.122173   -1.50656  -0.981638   -1.39019  -0.638502   0.731802  -0.550962
  0.775182   0.023988   0.910785  -0.215398   0.257984  0.0140049   0.330303   -1.09526   0.105266   0.934811 -0.0911763 -0.0290979  -0.176746   -1.66175  -0.350209    1.48553 -0.0858169  0.0373716    0.22128    0.46936   -1.19729   0.291842   0.227014  -0.987213   0.227506   0.397348  -0.171638  -0.584957   -1.72723  -0.651442   -1.08286  -0.691381   0.863266 -0.0502259
  0.776009  0.0252063   0.911349  -0.217701   0.256074   0.014965   0.329104   -1.09282   0.102424    0.93576 -0.0929686 -0.0282387  -0.184577   -1.65677  -0.360488    1.48458 -0.0881219  0.0370784   0.224701   0.467775   -1.19295   0.287786    0.23169  -0.990639   0.223826    0.39772  -0.172619  -0.590577    -1.7222  -0.648773   -1.08409  -0.689724   0.864075 -0.0459179
  0.735163  0.0224944   0.995485 -0.0129733   0.384955 -0.0113858   0.257548   -1.51873   0.253489    1.00124   0.134268 0.00824355  -0.206481   -1.49266  -0.150854   0.955843   0.152651  0.0734895 -0.0117481   0.298764   -1.06193   0.350557   0.319043   -1.26228   0.185028   0.426722  -0.193553   -0.29712   -1.72132  -0.732245   -1.17676  -0.719159    0.65536  -0.311621
  0.676897   0.162772    1.00908  -0.322315   0.334682   0.387497   -0.21204   -1.01689  -0.558505  0.0444092   0.617144  0.0410789  -0.275885  -0.828266  -0.522459          0   0.519308   0.197347   0.523599    0.30381   -1.54846    0.15611   0.213715  -0.320582   0.224718  -0.193266 -0.0607548  -0.257096   -2.28147  -0.840259  -0.464226   -1.25076    0.65429   0.500128
    0.811152     0.203731      1.07156    -0.266755   0.00492515     0.314422    -0.292844    -0.956687     -0.55609       1.0357   -0.0638267    0.0980184    -0.231393    -0.637822    -0.395485     0.699269   -0.0313577     0.254959     0.523599    -0.104144     -1.55037     0.429396     0.608056   -0.0808721     0.380545   -0.0907687    -0.589521     0.180508     -1.88168     -0.44686    -0.859617     -1.39363     0.241849 -0.000531405
 0.732698 -0.196922  0.948115  0.512895  0.590252 -0.256824  0.167401  -1.27299  0.392316  0.254663  0.410838 -0.261799 -0.597436  -1.86015  -0.40332  0.963874  0.245084 -0.261799 -0.407389 -0.178009 -0.414104   2.38397    0.2853 -0.307137 -0.697673 -0.676966    2.3536  -2.08359  -0.23555 -0.031766 -0.960183  0.444678  0.894108  -0.16345
  0.896216  -0.109148    1.13325  -0.223209   0.134254   0.368477   0.273006  -0.692855  -0.345442   0.244367   0.186056  -0.261799   0.199877  -0.446143  -0.337814  0.0547238   0.163473  -0.113692  -0.135661    0.00867   -1.47089   0.453201 -0.0752946  -0.408407   0.464423   0.265761  -0.516678   -3.28051   -2.20531    2.19855   -1.01764    -0.7467   0.536773  -0.214609
  0.898247  -0.164111    1.10614  0.0832068   0.238342  0.0900316   0.140726  -0.612141 -0.0572468   0.174219   0.188433  -0.261799 -0.0345984   -1.01153  -0.133936    0.90537  -0.134669  -0.164505  -0.308671  -0.237289  -0.453331    1.18541   0.679807   -1.56576   0.586236   0.857076 -0.0886396   0.819559   -2.65278  -0.361911  -0.553041   -1.46929  0.0938969    -1.3261
  0.822124  0.0287691    1.07821 -0.0749755   0.506119  0.0942779  0.0366478   -1.04004 -0.0749022   0.184668   0.343792 -0.0408039  -0.153456    -1.0662  -0.185712   0.297648   0.268767  0.0641407   0.161773   0.100613   -2.31313   0.719544   0.217494  -0.354039  0.0529694   0.595294  -0.327493   0.150232   -2.67326  -0.630582  -0.362498   -1.79864   0.558531  0.0253503
   0.830661 -0.00292593     1.05857  -0.0451878    0.558584   0.0986235   0.0160655    -1.27934  -0.0995035    0.508091    0.206947    -0.08619   -0.282466    -1.33346   -0.328054    0.669938    0.113828   0.0017415   -0.026383   -0.122607     -2.5846    0.549879    0.289382   -0.338944   -0.468406    0.730289   -0.299247  -0.0228332    -2.88098    0.525409   -0.656112   -0.491986   -0.294186       -2.55
  0.897743  -0.214458    1.13738   0.158764   0.137272  -0.371133   0.924672   -1.07456   0.897452    1.42961  -0.288355  -0.243673   0.246694  -0.616618   0.455373    0.45499  0.0652594  -0.131288  -0.523599 -0.0185155  0.0272637    2.29915    0.83873  -0.670547    1.22776   0.742472  -0.174644   0.769731   -2.97552   0.155989  -0.648777   0.534841   0.168326    2.19843
  0.858912  -0.174256    1.08936   0.787107   0.689773  -0.316689 0.00567484   -1.67385   0.413228   0.706046   0.212117  -0.250743  -0.819251   -1.29764  -0.366221   0.257743   0.314154  -0.169328  -0.523599 -0.0314013   -3.06319   0.849017    1.09784  -0.217839  -0.772293   0.835804  -0.858015   -2.43396  -0.354957    0.37788   -1.02261   0.364969    1.27029 -0.0804277
 0.959678 0.0430948   1.16779  -2.54075  -3.25768   15.2465 0.0986639  -1.23496  0.896732   1.25193 -0.297427  0.143006 -0.626668 -0.738015  0.313228  0.192379  0.151443  0.218538 -0.523599 -0.183377  -2.93601  0.971697 0.0091623 -0.243612 -0.613428  0.820598 -0.408078   -2.2753 -0.734095   1.99184 -0.679281    1.9979 -0.168893   2.29796
  0.981084 -0.0209546    1.18949   0.377099   0.253615  -0.108639  -0.201127   -1.32908   0.107499    1.29567  -0.239596 -0.0612645  -0.427379  -0.623644 -0.0092202   0.332215  0.0160359  0.0597418  -0.406079  -0.611157  -0.383655    2.36464   0.521519  -0.454507     1.2468   0.827439   -0.19605    -1.6122  -0.375445    0.21387  -0.593359   -0.52597   0.343895 0.00619279
  0.919929 -0.0486635    1.28907 -0.0820697   0.365907  0.0687231   0.208195   -1.08537  0.0149683   0.542353   0.171054  -0.126934  0.0354436   -1.04922 -0.0661218   0.521122   0.158416  -0.017268 -0.0416469  -0.591571  -0.297578    2.29863   0.487671  -0.614552    1.22912   0.682524 -0.0605571   -1.50733  -0.460716   0.328307  -0.554383  -0.423469   0.104151  -0.278007
  0.869534   0.102315    1.27482  -0.316425   0.276033   0.472157  -0.077023  -0.875757  -0.558505  0.0618847   0.468195 -0.0453548  -0.314152   -0.89217   -0.66784   0.491377   0.138692  0.0901639   0.523599  -0.608514   -2.64884   0.959227   0.292524  -0.229765  -0.409768   0.589038  -0.392049   -1.79649  -0.866361   0.592918  -0.897043  -0.474923   0.513945  -0.189145
  0.893203 0.00122411    1.30922    3.48088   -3.53029    3.04511 -0.0507781   -1.69135   0.253931    1.12378   0.164942 -0.0112066   -0.48087   -1.02382  -0.119533   0.324338   0.307386  0.0708204 -0.0734629  -0.372488    -0.4585    2.12461  0.0684409  -0.265047  -0.796173   -0.51365    2.45175   -1.72052  -0.467593   0.568839  -0.651709 0.00557622   0.383966  -0.493184
  0.874545  0.0333388    1.30162   0.552926   0.353687  -0.207978  -0.523599    -1.6378 -0.0158263    1.03103   0.198701 -0.0080122  -0.749394   -1.07299  -0.120514   0.316978   0.354861   0.139562  -0.443238  -0.360814   -2.57556    1.03556   0.241837  -0.222864  -0.367002   0.559088  -0.502966   -1.95368  -0.492633   -1.83718   0.111742   -1.92927 -0.0334401      -2.55
   0.87456  0.0143948     1.4054   0.265126   0.378328  -0.214551 -0.0754219  -0.999094   0.205519   0.013052   0.576822  0.0015533  -0.183045   -1.33942   0.210154   0.453749   0.460717   0.153398  -0.138558  -0.215709  -0.586928    1.98492 -0.0327895  -0.869432    1.04671   0.305095   0.492128   -1.51324  -0.583197   0.425521  -0.481083   0.854123     0.0271   -1.39574
  0.909986  -0.229495    1.42737   0.225764   0.298764  -0.397036   0.602217  -0.892029   0.683175   0.511855   0.215893  -0.261799   0.344469  -0.814229   0.558505 0.00232209    0.56386  -0.145818  -0.523599  -0.109289 -0.0133673    2.35694   0.866565  -0.308579    1.61331   0.610787  -0.683558   -1.18381          0  -0.435437   -1.07217   0.320082   0.158572  -0.276494
  0.934117  -0.185114    1.43083   0.172925   0.401052  -0.302671   0.637209    -1.0568   0.677404   0.557964   0.205315  -0.200003   0.305796  -0.912279    0.45921          0   0.544275  -0.102903  -0.235667   0.149995  0.0367773    2.45268  -0.430079   -0.65065    1.00682  -0.293511    1.52676   -1.61419  -0.384499  -0.326283   -1.09095    0.28972   0.681726 -0.0268567
   0.887533     0.14768     1.41638   -0.326965    0.358917    0.369058   -0.208697    -1.09166   -0.558243    0.149707    0.556293   0.0186939   -0.334184   -0.982969   -0.576338    0.250437     0.39821    0.162428    0.523599 0.000609989    -2.03916    0.923542    -1.19969   -0.523035     0.50278    0.250617    0.930363    -2.41517   -0.929903    0.110947   -0.319371   -0.166117    0.595752    0.669356
 0.862366 0.0710949   1.38956 -0.497605  0.529525  0.236906  0.537242  -1.40966  0.126474  0.219443  0.616402 0.0147727  0.523599  -1.91986  0.338237  0.829994  0.506181  0.261799  0.455951  0.132985  0.481058   2.76222  0.417599 -0.372752   2.00086  0.177702  0.435466  -2.44722 -0.924487 0.0424276  -0.28347 -0.260855  0.538604  0.618178
  0.932916  -0.131395    1.44841  -0.243889   0.325679   0.165118   0.492646   -1.04278  0.0182482   0.244002   0.435248  -0.261799   0.480261   -1.85239   0.117981    1.25667   0.231493  -0.144196  0.0512274  -0.271759   -1.74564     1.2583  -0.333654  -0.672475   0.719016   0.559773  -0.402564     -1.737   -0.61781 -0.0838471  -0.153726  -0.383209  0.0468829   0.180837
   0.859066   -0.150524        1.43    0.325753    0.608773   -0.173955    0.844057     -1.4882    0.993799    0.200732    0.698132   -0.145236   -0.494281    -1.88335   -0.460806    0.537456    0.698132   -0.261799   -0.482014    -0.39348    -2.76868    0.896073   -0.437788   -0.238468    0.197365    0.636763   -0.687309    -2.17511   -0.551938 0.000446167  -0.0493074   -0.457591   0.0724848    0.223743
  0.891234  -0.198326    1.52545   0.156752   0.411794  -0.181226   0.644728   -1.16026   0.585304   0.231724   0.599041  -0.261799   0.505185   -1.24637   0.556606   0.201576   0.674508  -0.126995  -0.462835  -0.131499   -2.16761     1.0568   -0.24277  -0.359782   0.572289   0.507801   -0.86245   -1.63894  -0.537776  -0.360203  -0.332299  -0.363201 0.00215437   0.253853
   1.00428  -0.228862    1.62539   0.199328   0.290536   -0.38976   0.644146  -0.903716   0.694007   0.558485   0.202724  -0.261799   0.371308  -0.809201   0.558505  0.0200669   0.560356  -0.147468  -0.523599  -0.263829  -0.260945     2.4347   0.381713  -0.302679     1.8085   0.638303  -0.717723   -1.39735   -0.10912 -0.0241204  -0.493284   -0.97806  -0.211957   0.557499
   1.02126  -0.210616    1.65467   0.213777   0.230078  -0.381618   0.373712  -0.654884   0.502696   0.157863   0.350754  -0.261799   0.336385  -0.849985   0.558505   0.235028   0.428382  -0.115167  -0.381126 -0.0654867  -0.430086    2.16526  -0.241699   -0.51107  -0.588715  -0.362322    2.21444   -1.29545 -0.0455542  -0.436443  -0.517868  -0.373729  -0.190096   0.530649
     1.35548  -0.00122826      1.78233 -0.000595782     0.017421    0.0301185    0.0548577    -0.117392   -0.0293313      0.18532   -0.0869682   -0.0576443   -0.0549022    -0.155794   -0.0314119     0.273305    -0.133266    0.0505724 -0.000828284   -0.0245487   0.00309155     0.537416     0.538394     -1.98381     0.118169     0.655286      0.36424   0.00824191    -0.523752    -0.547279     -1.99699    -0.108621     0.662396    -0.364016
