    0.892671   -0.0191674      0.95783   -0.0105976   -0.0353956    0.0267116    0.0788019    -0.458175   -0.0334518     0.741072     -0.24991   -0.0829859   -0.0311674    -0.446869   -0.0289934     0.740588     -0.25764    0.0292569   0.00010873  -0.00163887     0.956914   0.00772743   0.00150577     -1.91999 -0.000490356    -0.524224  -0.00193652     0.960553  -0.00986163  6.40194e-05     -1.91815  0.000557603    -0.523711  0.000680927
   0.950233  -0.0474063    0.960166  -0.0254305    0.102144   0.0169975    0.137115   -0.488091 -0.00312896    0.641991   -0.257386   -0.113831   0.0218705   -0.476463  -0.0158596     0.63231   -0.258364 -0.00383078   -0.190645   0.0488731    0.772848 0.000795039    0.247799    -2.06812    0.261138    -0.40274     0.12257    0.363261 3.64292e-17   -0.538251    -1.80451   -0.324098   -0.168354  -0.0832331
     1.00624   -0.0166608     0.965302  -0.00335548     0.124569   -0.0102997    0.0835763    -0.374516    0.0211283     0.541081     -0.28988    -0.073018   -0.0300049    -0.383219    0.0066281     0.548609    -0.290175    0.0361248   -0.0331551   -0.0414953     0.601478  0.000302421     0.579958     -2.15482     0.310841   -0.0422458  -0.00920745     0.475526 -1.38778e-17    -0.446806     -2.05331    -0.274369   -0.0636898    0.0239239
    1.00636  -0.0166801    0.965289 -0.00336025     0.12469  -0.0102935   0.0836039   -0.374504   0.0211301     0.54108   -0.289999   -0.073043  -0.0299778   -0.383214  0.00662969    0.548624   -0.290303   0.0361011  -0.0331654  -0.0414986    0.602064 0.000318256     0.57987    -2.15518    0.310918  -0.0424942 -0.00895732    0.476042           0   -0.446653    -2.05373   -0.274393  -0.0638681   0.0237651
    0.99251  -0.0222284    0.971364  -0.0131318  0.00808101   0.0302553   0.0896743    -0.26478  -0.0304767    0.548501   -0.294545  -0.0844416  -0.0199543   -0.243185  -0.0313408    0.531817   -0.296167   0.0255539   -0.222475  0.00584943    0.405222   0.0944028    0.492842    -2.16971   0.0514738    0.283068 -0.00889966    0.250212   -0.403622   -0.666721    -1.97314   -0.247755    0.414417   -0.481733
   0.992482  -0.0222331     0.97137  -0.0131327   0.0080337   0.0302697   0.0896792    -0.26477   -0.030489    0.548513    -0.29452  -0.0844476  -0.0199481   -0.243171  -0.0313478    0.531832   -0.296148   0.0255471   -0.222468  0.00587418    0.405049   0.0944272    0.492882    -2.16958   0.0514267    0.283132 -0.00888117    0.250141   -0.403702   -0.666675    -1.97305   -0.247715    0.414466   -0.481691
    0.972691   -0.0467466     0.977321   -0.0112515   -0.0968063  -0.00720173     0.119941     -0.10688  -0.00463321     0.465929    -0.262031    -0.109727    0.0120966     -0.13107   0.00609025     0.504481    -0.276472 -7.87197e-05    -0.017051   -0.0130559     0.117224     0.608099      0.58839      -1.8494     0.255104     0.583229     0.317144   -0.0897792    -0.386202     -0.43532     -1.86479  -0.00924698     0.646769     -0.33012
   0.872192 -0.00631187    0.965436   0.0642377   0.0702623   0.0488858  -0.0196523   -0.379281  -0.0527012    0.334534  -0.0249739  -0.0639878   -0.143451   -0.550557   -0.066053    0.664334   -0.177282   0.0447823   -0.129132   0.0124262   -0.445222    0.528408    0.454158    -1.65913    0.172349    0.653872   0.0458313   -0.102303   -0.647861   -0.600354    -1.74053   -0.184926     0.54885   -0.371311
  0.915558 -0.0335414   0.969935  0.0455037  0.0564132  0.0666782   0.031214  -0.316431 -0.0670174   0.345715 -0.0883704 -0.0973673 -0.0906372  -0.461149 -0.0779083   0.643672  -0.233858  0.0104687  -0.198054   0.117477  -0.510465   0.471806    0.33183   -1.71711   0.154249   0.737144 -0.0203692 -0.0843262   -1.16887  -0.739073   -1.53069  -0.496757   0.740803  -0.508691
   0.91556 -0.0335387   0.969943  0.0455562  0.0564161  0.0666816  0.0311843  -0.316433 -0.0669941   0.345724  -0.088379  -0.097298 -0.0906784  -0.461136 -0.0778939   0.643654  -0.233857  0.0105068  -0.198097   0.117467  -0.510426   0.471862   0.331772   -1.71714   0.154345   0.737115 -0.0204228 -0.0843858   -1.16885  -0.739025   -1.53073  -0.496758   0.740742  -0.508667
  0.704957  -0.135754   0.903144  -0.387297    0.28214   0.167001   0.664699  -0.924464  0.0558338    0.30936   0.290859  -0.261799   0.523599   -1.64581 0.00378242    1.23899   0.080103  -0.156254  0.0175873   0.118092   -1.72116   0.632964  -0.203225   -0.51328   0.391358   0.411498  -0.377874   -1.95151   -1.11922  -0.719807  -0.332969 -0.0512467    0.49052   0.560961
   0.72205  -0.147076   0.911688  -0.264131   0.242049   0.111179   0.536005  -0.840535  0.0355197   0.345179   0.230852  -0.261799   0.523599   -1.61516   0.121026    1.32363   0.025353  -0.151376 -0.0839853   0.136788   -1.64196   0.675309  -0.192667  -0.486064   0.525355   0.375308  -0.473697   -1.61749    -1.1402  -0.453552  -0.473542  -0.364939   0.503117   0.331912
 0.849894  0.142881    1.1531  0.201297 -0.295308  0.662655 -0.322077 -0.017365 -0.558505  0.451168 0.0442501  0.073603 -0.263593   0.43478 -0.516529         0 0.0763047  0.261799  0.523599 -0.824012 -0.393645  0.552643 -0.152846 -0.425972  0.960537 -0.683167  0.433592   1.26983  -2.86538  -1.04912 -0.234833  -1.31328  0.263466 -0.234251
  0.646841  -0.147277     0.9709   0.113147   0.448803  -0.131272   0.432731   -1.09345   0.383488  0.0851062   0.603058  -0.210059   0.237378   -1.12312   0.284158          0   0.687545 -0.0910469  -0.216533   0.224028    1.25743    2.58587  -0.393809      0.298    1.41415  -0.289074    2.11601   -2.11304  -0.905795   0.214499  -0.395534 -0.0472873   0.447648 -0.0663465
  0.704466 -0.0505884    1.00132  0.0568709   0.479328  0.0597951  0.0346363   -1.15276 -0.0472782   0.134177   0.536585  -0.144603  -0.495009    -1.4865  -0.529407   0.749275   0.267757 -0.0938572   0.134484 -0.0352736   0.857129    2.32959  -0.596627   0.144293    1.35568  -0.446971    2.33197   -2.04106  -0.600107   0.309833  -0.557072   0.124294   0.595621  -0.135103
  0.683952  0.0394365   0.983042  0.0103705    0.54658  0.0430851 -0.0733871   -1.20553 -0.0948175  0.0363552   0.623493 -0.0281569    -0.6127   -1.45864  -0.584444   0.548701   0.383511  0.0260051   0.241886   0.193855   0.845111    2.59188   -0.57279  0.0486038     1.3559  -0.321929    2.47076   -2.35348  -0.691561   0.327873  -0.440221  0.0633598   0.664725   0.216567
  0.697954 -0.0654018    1.04072  -0.414925   0.439401   0.127475   0.805008   -1.20493   0.324777   0.309749   0.469993  -0.139731  -0.109926   -1.78147  -0.646326   0.891522   0.408633  -0.167518   0.221668  -0.121576   0.128263    2.55637 -0.0774181  -0.832209   0.834811   0.106985    1.44921   -2.07827  -0.762887   0.303529   0.136809   0.962937  -0.181153   -1.35989
  0.743319   0.216916    1.04629   -0.34784   0.475889  0.0391251   0.187972   -1.34146  0.0794371    0.57069   0.294421   0.223333  -0.839084   -1.57133  -0.915527   0.729721    0.36407   0.261799   0.515499    0.37355   -1.53633   0.432879   0.105699  -0.924327  -0.252398    0.52625   0.465609 -0.0806547   -2.05413  -0.779677  -0.719694   -1.49941   0.501734     0.4034
  0.785312 -0.0408215     1.0658  -0.142001   0.443047 -0.0115647    0.52335   -1.26604   0.345571   0.688094   0.162893 -0.0703194 -0.0843701   -1.91986  -0.268664     1.2909   0.183084  -0.044265 -0.0138597   0.424277    -1.6754   0.497865 -0.0913312  -0.813642   0.233126    0.49596 -0.0602735  -0.037268   -2.29616   -1.03763  -0.245564   -1.42131   0.599915   0.331446
  0.795649  -0.147321     1.0691  -0.175613   0.423234  0.0526583   0.590218   -1.09158   0.247681    0.44178   0.250629  -0.228948 -0.0341766   -1.86431  -0.450943    1.28353   0.144816  -0.261799  -0.261264   0.122489    -1.8889   0.575475  -0.227608   -0.74759   0.166355   0.685285  -0.266747   -2.04592   -1.27481  -0.148169  -0.521736   -0.44657   0.673696   0.297856
 0.744356 -0.205982   1.14949  0.049465   0.48822  -0.10084  0.808051  -1.23697  0.644102  0.356513  0.484097 -0.261799  0.453283  -1.13119  0.377239         0  0.684629 -0.171511  -0.51506 0.0495188  -2.00713  0.706618 -0.247655 -0.607768  0.329899  0.585147  -0.53335  -1.96052  -1.09336 -0.243844 -0.446035  -0.42962  0.461127  0.233948
   0.75826 0.00527197    1.16919  0.0344865   0.541277 0.00247983  0.0528999   -1.37056  0.0371992   0.270069   0.559391 -0.0536722  -0.396224   -1.48781  -0.353467   0.482662   0.469853  0.0165985  -0.242396   0.386243   -1.71323    0.18623   0.123075  -0.608322   -0.10382   0.229341  -0.100138    -1.0484   -2.02454  -0.302404   -0.73016   -1.19926   0.629891   0.247492
  0.759398  0.0564415    1.13479  -0.156507   0.703891   0.126603 -0.0027909   -1.49885  -0.139257   0.114295   0.672055   -0.02241  -0.544573   -1.48884  -0.637221   0.227202   0.565978  0.0369902   0.125118   0.109796   -2.55391   0.549605  -0.107215  -0.289588 -0.0419596   0.548629 -0.0805935    -2.8781  -0.809429   0.399032  -0.232793  -0.211894   0.675192   0.451259
    0.775312    -0.141576      1.17779      0.44686     0.465732    -0.409874     0.390759     -1.17775     0.718422     0.297488     0.410012    -0.133504     0.118176     -1.21517     0.549524            0     0.678607 -0.000670328    -0.523599    -0.131482     -2.82975     0.911765    -0.261161    -0.245391    0.0714131     0.693384    -0.679565     -2.16985     -0.51868    0.0767884    -0.350055   -0.0228194     0.367505    -0.174971
  0.864706  -0.235566    1.23192   0.201038   0.459573  -0.341364   0.674113  -0.982552   0.704772   0.464838   0.196576  -0.261799   0.421522  -0.934234   0.558505  0.0670147   0.470136  -0.154391  -0.523599   0.388339   -2.38496   0.621674  -0.120817  -0.351222   0.375188   0.630784  -0.643854   -2.80725  -0.905022   0.388839  -0.263088 0.00719782   0.689452  0.0112871
    0.904462   -0.0842297      1.30035     0.113153     0.304699    -0.189153     0.187033    -0.734085     0.260338     0.149566     0.298929    -0.123965    0.0889158    -0.899378     0.250004      0.30363     0.288035 -0.000964921    -0.238381     0.396331     -1.42633     0.782981    -0.186781    -0.873742     0.465334     0.425349   -0.0418662     0.219979      -2.1729    -0.703715    -0.605926     -1.34645     0.390249    -0.339764
   1.02474  -0.171701    1.35002  -0.179258 -0.0413305  -0.591533   0.559329  -0.085763   0.513746   0.688232  -0.276143  -0.261799   0.400391  -0.112345   0.558505   0.298632  0.0555061   -0.10053  -0.350161    0.40793   -2.04126   0.731664  0.0235553  -0.400793  -0.282641    0.73631  -0.401928   -1.46834  -0.704052  -0.659405  -0.291998  -0.790726   0.325873    0.72866
  0.975098 -0.0578967    1.32363   0.135982   0.235696  -0.163204   0.102075   -0.75064   0.209887    0.45856  0.0608593 -0.0932114 0.00773662  -0.935092   0.208273   0.659079  0.0279408  0.0279439  -0.351057 0.00719751   -2.03586   0.787049  -0.114554  -0.449848  0.0192785   0.652271  -0.247339   -1.63732  -0.860554  -0.300897  -0.539076  -0.474645   0.510527   0.348425
  0.960173 -0.0911467    1.33557   0.351294   0.299998  -0.135997   0.417529   -1.49156   0.684602    1.20398 -0.0194521 -0.0733543  -0.266547   -1.01037   0.060959   0.593525  0.0908719 -0.0179374  -0.523599 -0.0920974   -2.11894   0.865452  -0.124673  -0.423633   0.163368   0.642622  -0.389588   0.530368   -2.72775    0.28813  -0.764305   0.824717   0.178293    2.26505
  0.919792  0.0904047    1.28297 -0.0798266   0.544283   0.233709   0.922402   -1.91986    1.07751   0.995158    0.23643   0.223412  -0.393983  -0.959787  -0.441759   0.165532   0.302543   0.107345  0.0862007  -0.062593   -2.40723   0.303442   0.824852  -0.549469  -0.740672   0.637469  -0.331686   0.321178     -2.845    2.12588  -0.371684    1.00026   0.722893   0.725612
 0.932617 0.0536562    1.4119 -0.265928  0.449067 0.0469557  0.774889  -1.52372  0.621394  0.901546  0.180528   0.09491    0.1423  -1.02534 0.0234241 0.0819078  0.492391  0.130175  0.165319  0.273058  -1.99746  0.247365  0.809203  -0.51129 -0.517094  0.373754 -0.384395 -0.889557  -2.15039  0.478484  -1.16049 -0.936834  0.232011 -0.852175
  0.909623  0.0670912    1.45452  -0.298381   0.241585    0.34393  -0.064666    -1.0736  -0.499799   0.361193   0.413766 -0.0854379  -0.141235  -0.899298  -0.462432   0.311237   0.328482  0.0700863   0.404472  -0.186484   -1.71215   0.721983   0.460266  -0.324885   0.414682   0.220995   -0.66365   -1.77893  -0.912585   -0.11071  -0.440399  -0.422929   0.401411   0.564758
  0.908616 -0.0198911    1.46872   0.296042   0.350873 -0.0857898  -0.371978   -1.71089  -0.227871    1.00302   0.344829  -0.140297  -0.385192   -1.04267 -0.0707364   0.207618   0.477046  0.0497558  -0.295563 -0.0373673   -1.67014    0.83703   0.349388  -0.465468   0.437177   0.353029  -0.663362   -1.64103  -0.785341  -0.254872  -0.462728   -0.38882   0.293314   0.472937
  0.871005   0.120027     1.3829   0.692233   0.506195  -0.302939  -0.203884   -1.91986   0.642441   0.830867   0.474252   0.261799   -1.34781   -1.23562  -0.593146   0.100319   0.633158    0.22061  -0.460587   0.215071   0.649192    2.81698   0.696675  -0.223481    2.21088   0.169794   0.221431   -2.67881  -0.847854 -0.0696737   -0.28118   0.160902   0.655531   0.672691
   0.90821   0.216802     1.5282  -0.156431   0.447561   0.201006  -0.523599   -1.18583  -0.558505  0.0939628   0.698132   0.154988  -0.814549   -1.20621  -0.750442   0.371717    0.50102   0.261799   0.447455   0.273018   -1.71685   0.422756 0.00351537  -0.271866    1.30164 -0.0917319  -0.856269  -0.397429    -2.0691   -0.46357  -0.917481   -1.18636   0.507188   0.179172
  0.908211   0.216834    1.52819  -0.156521   0.447581   0.200997  -0.523599   -1.18589  -0.558505  0.0939919   0.698132   0.155075  -0.814556   -1.20629  -0.750512   0.371785   0.500988   0.261799   0.447621   0.273148   -1.71699    0.42269 0.00375568  -0.271644    1.30139 -0.0916969  -0.856189  -0.397203   -2.06927  -0.463833  -0.917338   -1.18653    0.50728   0.179397
  0.943823  -0.227878    1.53548   0.169585   0.537874  -0.204185   0.884708   -1.22875   0.832717    0.35889   0.457459  -0.261799   0.523599   -1.17815   0.558505          0   0.695161  -0.169628  -0.485125 -0.0496272  -0.143204    2.27136    0.48957   -1.06893    1.13392   0.367178   0.312288   -2.29016  -0.636633  -0.707536  -0.359871   0.445958   0.420099   0.138099
  0.953883 -0.0272893    1.57592   0.286672   0.345107  -0.418614   0.763179   -1.26741    1.13469   0.777295   0.195638  0.0751798  0.0761976   -1.12068   0.558505          0   0.694574   0.165526  -0.477645    0.65845   -1.64341   0.427999  -0.185166  -0.655422  0.0430502   0.242811   0.135485  -0.551004   -1.91881  -0.711946  -0.746748   -1.07971   0.567169   0.106338
     1.35548  -0.00122826      1.78233 -0.000595782     0.017421    0.0301185    0.0548577    -0.117392   -0.0293313      0.18532   -0.0869682   -0.0576443   -0.0549022    -0.155794   -0.0314119     0.273305    -0.133266    0.0505724 -0.000828284   -0.0245487   0.00309155     0.537416     0.538394     -1.98381     0.118169     0.655286      0.36424   0.00824191    -0.523752    -0.547279     -1.99699    -0.108621     0.662396    -0.364016
