    0.892671   -0.0191674      0.95783   -0.0105976   -0.0353956    0.0267116    0.0788019    -0.458175   -0.0334518     0.741072     -0.24991   -0.0829859   -0.0311674    -0.446869   -0.0289934     0.740588     -0.25764    0.0292569   0.00010873  -0.00163887     0.956914   0.00772743   0.00150577     -1.91999 -0.000490356    -0.524224  -0.00193652     0.960553  -0.00986163  6.40194e-05     -1.91815  0.000557603    -0.523711  0.000680927
   0.947328  -0.0235966    0.963339  -0.0222415   0.0874269   0.0421246   0.0942722   -0.472232  -0.0362446    0.628148   -0.247174  -0.0888431  -0.0191768   -0.445368  -0.0466934     0.61034   -0.251986    0.021319    -0.13309    0.103726     0.77824 0.000981529    0.240658    -2.06385    0.253612   -0.406223    0.119037    0.438699 -0.00604484   -0.624479    -1.83749   -0.304791   -0.157056   -0.116995
    1.00668 -0.00737261    0.965749 -0.00235799    0.127995  0.00293528   0.0674826   -0.377203  0.00578329    0.534065    -0.28473  -0.0634815  -0.0461861   -0.378133 -0.00917315    0.537523   -0.287082   0.0455431  -0.0153853  -0.0268385    0.568941 0.000413364    0.542835    -2.13185    0.301172  -0.0497408  -0.0160308    0.510409           0   -0.481841    -2.08272   -0.265687  -0.0614205  0.00256409
    1.00679 -0.00737763    0.965737 -0.00236073    0.128116  0.00293891   0.0674912     -0.3772  0.00578303    0.534066    -0.28484  -0.0634887  -0.0461776    -0.37813 -0.00917304    0.537526   -0.287194   0.0455378  -0.0153964  -0.0268351     0.56948 0.000430891    0.542721    -2.13222    0.301217  -0.0499516  -0.0157991    0.510924           0   -0.481728     -2.0831   -0.265729  -0.0616194  0.00237184
   0.985911  0.00589028    0.972249 -0.00749566   0.0127681   0.0348217   0.0493113   -0.281418  -0.0355041    0.552667   -0.285832  -0.0516101  -0.0597527   -0.246408  -0.0366057    0.515683   -0.280039   0.0583118    -0.20858    0.017933    0.334985   0.0305946    0.441673    -2.12151  0.00252634    0.261038  -0.0442142    0.313918    -0.46742    -0.70716     -1.9253   -0.303247    0.359321   -0.493111
  0.834747 -0.0842152   0.945662  0.0312793   0.159315  0.0701714  0.0985919  -0.555593 -0.0577067   0.343539  0.0458512  -0.161738 -0.0369431  -0.740376 -0.0899844   0.705577  -0.124056 -0.0553109  -0.340476  0.0668293  -0.171871   0.529778   0.377288   -1.78536   0.176659    0.43054 -0.0420433 -0.0614374  -0.577566   -0.77591   -1.74002  -0.227937   0.475272  -0.481061
  0.859437 -0.0637687   0.959541  0.0555595  0.0663592  0.0311216  0.0627293  -0.415833 -0.0286009   0.375207 -0.0276402  -0.129803 -0.0564724  -0.595508 -0.0403397   0.704129  -0.173438  -0.021571  -0.202343  0.0413271  -0.511101   0.675523   0.409213   -1.55688   0.274648    0.66547  -0.016371  -0.203713  -0.540875  -0.585657   -1.69736  -0.107002   0.538511  -0.377663
   0.859736  -0.0653674    0.959513   0.0554729   0.0649434   0.0297276   0.0652114   -0.414593  -0.0270209    0.377169  -0.0293814   -0.131442  -0.0535697   -0.594183  -0.0384103    0.704928   -0.174282  -0.0232322   -0.200762   0.0370117     -0.4954    0.688466    0.414433     -1.5611    0.281013    0.663647 -0.00582766   -0.218182   -0.532614    -0.57821      -1.693   -0.103119     0.54049   -0.367805
    0.842215     0.168092     0.958224     0.114715     0.034446   -0.0107974    -0.305494     -1.30742 -9.75964e-05      1.56415    -0.292838     0.190882    -0.377246    -0.388122  -0.00282823     0.359793  -0.00756806     0.261799     0.160735    0.0383514    -0.572459     0.226576     0.571061      -1.4156   0.00888109     0.418109     0.160952    -0.318715     -1.10537    -0.436408      -1.4426    -0.519528     0.624809   -0.0412493
  0.576849   0.108228   0.802594   0.232086    0.54719 -0.0183858   0.279097   -1.91986   0.739038   0.810714   0.522602   0.261799  -0.885761   -1.25337  -0.586982   0.284559   0.497474   0.141854  0.0532773   0.192342   -2.20441   0.737478   0.519297  0.0934554   0.826012   0.100263   -1.15338   -2.47304  -0.746249  0.0299369  -0.357507   0.170122   0.640446   0.525828
 0.700332  0.071798  0.908832  0.538235  0.331823 -0.216283 -0.476521  -1.63463 0.0954443   1.11535  0.125139 0.0711076 -0.768901  -1.03529 -0.101319  0.343618  0.303364  0.190135 -0.481026  0.556343   -1.7221  0.098403  0.740769 -0.326712    0.7662 0.0791692  -1.31016  -0.30355  -2.42708  0.251555  -0.19985  0.622229 -0.596778  -2.49258
  0.70033 0.0718036  0.908848  0.538499  0.331729 -0.216359 -0.477386  -1.63444 0.0947275   1.11519  0.125156  0.070983 -0.769197  -1.03524 -0.101308  0.343596  0.303378  0.190179 -0.481272  0.556327   -1.7222 0.0986312  0.739992 -0.326026  0.767684 0.0786784  -1.31081 -0.303543  -2.42731  0.253633 -0.200091   0.62008 -0.596551  -2.49252
  0.912712  -0.167516   0.970966    -24.197   0.357305   -25.4571  -0.523599   -1.17633   0.109904   0.818538  -0.116168  -0.261799  -0.878388   -1.06502 -0.0947114    0.71281  -0.121583 -0.0698979  -0.523599   0.518483   -1.70738    1.13628   -2.25664  -0.062975   -1.97762   0.807187   -1.40225   -1.58575          0  -0.140268    -1.8304   -2.09814   -1.24645      -2.55
  0.778307   0.173484   0.880271   0.059913   0.449527 -0.0593277 -0.0648698   -1.91986   0.238782    1.51489 -0.0505059   0.261799  -0.418038   -1.00709  -0.151636   0.415058   0.150961   0.261799   0.151022   0.492901   -1.99445   0.457311 -0.0188476  -0.519564   0.126348   0.534445   0.225757  -0.262984   -2.52978  -0.594036  -0.420639   -1.55606   0.806526   0.387479
   0.892638   -0.095902     1.15618   0.0674294   0.0420172    -0.42602    0.243545   -0.361398    0.459449    0.437398  -0.0511154   -0.131566    0.084882   -0.333062    0.448583   0.0614989    0.233789 -0.00253137  -0.0620727    0.315371   -0.165892    0.957724    0.592237    -1.25819    0.636315    0.326449   0.0502381   -0.985417     -1.0145    0.815026    -1.14085    0.310671    0.561165    -1.53704
   0.908828   0.0342675     1.14338   -0.104036   0.0290129   -0.105121    0.200029   -0.700321    0.140839     0.88458   -0.196725 -0.00442997   0.0594472   -0.527802    0.121592    0.521134  -0.0192784    0.105871    0.195286    0.140024   -0.663409    0.472809     0.59088    -1.13404    0.370248    0.388872   -0.264373   -0.535486    -1.36733    0.462767    -1.27017    0.138848    0.439217    -1.44708
  0.909926  0.0938219    1.11996  -0.072984   0.187966  -0.161296   0.192535  -0.924552   0.263279   0.943605  -0.193229  0.0923529 0.00246693  -0.723059   0.183842   0.489844  0.0358621   0.193809   0.368699  -0.011205  -0.806524    1.16664   0.573377  -0.998311   0.559347   0.656018  0.0598983   -1.06846  -0.756409  0.0760081   -1.20117  -0.242627   0.652901 -0.0315651
  0.796476 -0.0366135    1.09671   0.336522   0.228218  -0.461419   0.057931  -0.762618   0.525121   0.275028   0.200073 -0.0282736  -0.062453  -0.894464   0.512984   0.168111   0.381041   0.127971  -0.523599  -0.118344   0.184028    2.50354    1.04321  -0.290206      1.172   0.644425  -0.157109   -1.46218  -0.815311   0.645891  -0.802002 -0.0486865   0.143907   -1.10523
    0.87414  -0.0356196     1.10745    0.290413    0.304206   -0.523346    0.266817    -0.87652    0.688785    0.618908  -0.0594417 -0.00618192  -0.0284832   -0.791567    0.527461    0.029182    0.347745    0.122132   -0.128572    0.362939    -1.41756     1.49695  -0.0944555    -1.02415    0.837296     0.71847   0.0672576    -2.21088   -0.720707    0.979743   -0.458614   -0.513817    0.610237   -0.239227
  0.864085  -0.208111      1.113   0.184371   0.250219  -0.477267   0.378088   -0.51662   0.573825   0.305703  0.0710031   -0.24733   0.252734  -0.584814   0.558505  0.0720891     0.3048  -0.110896  -0.448803 -0.0329196  -0.225627    2.50981   0.565227  -0.371149    1.63409   0.763312  -0.469973    -2.1399  -0.478969   0.554999  -0.106149  -0.664169   0.252105  -0.204009
   0.97679   0.101338    1.13144   0.237316   0.295901  -0.382734  -0.106419  -0.739222   0.353969   0.448658  -0.085088   0.116802  -0.281823  -0.721088   0.278265   0.160132   0.145524   0.242485 -0.0518271  -0.189905  -0.260212    2.47001   0.540982  -0.215462     1.5305   0.802905  -0.172593   -2.06681  -0.491134   0.471255  -0.272093  -0.871285   0.453582   0.393757
  0.976774   0.101326    1.13144   0.237347   0.295904  -0.382742  -0.106437  -0.739266   0.353954   0.448671 -0.0850657   0.116764  -0.281834  -0.721123   0.278267   0.160131   0.145554    0.24247 -0.0518706  -0.189899  -0.260204    2.47002   0.540998   -0.21547    1.53049   0.802809  -0.172584   -2.06683  -0.491124   0.471257  -0.272064  -0.871241   0.453541   0.393708
  0.992733  0.0111126    1.16134  -0.110515   0.341055   0.036447   0.161061  -0.659667  0.0204616   0.298472  0.0188406 -0.0473101  -0.293838   -1.56211  -0.386969    1.51171  -0.291857  0.0116864   0.291033  -0.321739  -0.437566    2.38701  0.0380283  -0.351988    2.12981   0.707531  -0.321571   -1.61647  -0.410841  0.0556333   -1.25248 -0.0357593   0.987274 -0.0205642
   1.01802   0.164166     1.1133  -0.398476   0.885904  0.0101933   0.489332   -1.15032   0.384442   0.210966  0.0909156   0.185777  -0.669354   -1.78177  -0.815129   0.898259 -0.0578779   0.187245   0.523599    1.34316   -3.02503   0.312092    2.31366  -0.584144    1.86981  -0.660982       2.55  -0.230056      -3.43      -2.55  -0.450854      -2.55     -1.542   -2.36539
  0.941135 -0.0806848    1.25975  -0.588185   0.274839   0.325453   0.694435   -1.41519  -0.115356   0.969212  0.0245536  -0.261799   0.523599  -0.875892  -0.147113   0.282653   0.185774 -0.0744696   0.523599  -0.552352   -3.14397     1.0709   -1.72781 -0.0962199   -2.02045  -0.712614       2.55   0.904129   -2.56516   -1.11051    -1.2484 -0.0332844   0.617759   -2.04275
  0.882917   0.177961    1.25789  -0.104622   0.371545   0.375665  -0.365467  -0.771828  -0.526582 0.00424219   0.461478  0.0848387  -0.761635  -0.976711  -0.775994   0.758235   0.021708   0.182478   0.523599  -0.296219  0.0598551    2.57746  -0.574343  -0.470907   0.691946  -0.318948       2.55   0.079015    -2.6209   -0.52175   -1.05379   -1.07777   0.441432  -0.717065
  0.958636   0.126518    1.28013   0.176479   0.479831  -0.100879  -0.290752  -0.996697 -0.0535692   0.297129   0.211473   0.101193  -0.515527   -1.15019  -0.192895   0.528264   0.145136   0.206614  -0.138446   0.283983   0.468607     2.9271   0.710388  -0.456478    1.63811   0.380476   0.706604  -0.451401   -2.32322  -0.468721  -0.632793   -1.62813    0.68155   0.242249
 0.958626  0.126511   1.28013  0.176467  0.479841 -0.100866 -0.290737 -0.996717 -0.053571  0.297127  0.211494  0.101183  -0.51551  -1.15021 -0.192889  0.528277  0.145147  0.206611 -0.138437  0.284007  0.468611   2.92709  0.710392 -0.456512   1.63804  0.380327  0.706679 -0.451453   -2.3232 -0.468743 -0.632848  -1.62818  0.681526  0.242321
   1.10207   0.184821    1.31706   0.105914   0.442637 -0.0149074  -0.323454  -0.730071  -0.129545   0.281201  0.0200926   0.155447  -0.487716  -0.824408  -0.207665    0.46749 -0.0536874   0.261799  0.0761594 -0.0994841  0.0852535    2.74215   0.732579  -0.276128    1.70914   0.774104   0.204837  -0.410205   -2.22089  -0.431673     -1.338   -1.27432   0.615661  -0.431396
   1.14328  0.0164114    1.33546   0.292003   0.393828  -0.489658 -0.0220229  -0.660688   0.448549   0.300182  -0.109394  0.0227251  -0.118641  -0.835719   0.418655   0.307684  0.0122436   0.165087   0.188747   0.300993  -0.675959    1.98054   0.522899  -0.285277    1.77344   0.810868   -0.52395   0.222819   -2.99624  -0.573413   -1.28487    -1.0705   0.729106   -1.18577
    1.07158 0.000302786     1.40903    -2.53733    -3.32507    -3.26977   -0.523599    -1.11735   0.0281592     1.05762   -0.163183   -0.044917   -0.711242   -0.509534  -0.0248449    0.218835   0.0684818    0.109087   -0.523599    -0.49174    -3.07386     1.23564    -1.56756  -0.0056316    -2.16868   -0.637777        2.55    -2.10523   -0.458272     2.51077   -0.392775     1.98942 -0.00946755     1.73841
   1.07088 -0.0161989    1.39657   0.449362   0.293706 -0.0379111  -0.523599   -1.26395  -0.205084    1.14184  -0.161609  -0.106992   -0.56146  -0.605222  -0.130882   0.294569  0.0383841  0.0578855  -0.454177  -0.702478  -0.394333    2.42236   0.211802  -0.366735    1.61455   0.746197  -0.268238   -1.92475  -0.241653    -1.2674  0.0245117    0.36337  0.0919291   0.690498
   1.00466  0.0245964    1.48728 -0.0862078   0.331256   0.256587  -0.100311  -0.927741  -0.331611   0.272191   0.313036 -0.0887227  -0.368172   -1.06297  -0.493129   0.711785  0.0548032  0.0132761   0.212974  -0.686499  -0.710853    2.16737   0.126035  -0.675453    1.38506   0.578322 -0.0436146   -1.77078  -0.145125  -0.706961   -0.45819  -0.109953   0.260315   0.785193
    1.04364   0.0543715      1.4449   -0.425145    0.637806    0.433067     0.11922    -1.18847   -0.298559 4.33681e-19    0.456817  -0.0741209   -0.256697    -1.25567   -0.603666    0.415682    0.156356   0.0249333     0.17873   -0.615452   0.0343884     3.08013     1.35044   -0.247371    0.813953    0.956432   0.0158195      -3.359     -1.8423        2.55    -1.76215   -0.242843    0.429496    -1.45026
   1.08859 -0.0518847    1.47444   -30.7079   0.983959   -31.6907   0.782206   -1.91986    1.19547   0.481165   0.248488 0.00401775    -1.2088   -1.27172  -0.902218   0.077644   0.313219  -0.104788  -0.523599   0.280731   -3.25225   0.931692   -1.78826   -1.05363   -1.82569  -0.598219      -2.55      1.606  -0.780866       2.55   -2.09524    1.93081     -1.542       2.55
  0.977937   0.019939    1.49417   0.477457    0.38408  -0.204237   0.395341   -1.62506   0.957403    0.98254    0.18904   0.133463  -0.626584   -1.12673 -0.0880216   0.360033   0.337106   0.117728  -0.261915  -0.391153  -0.204203    2.36216  -0.505815  -0.112954 -0.0818252  -0.573251    2.50338   -2.16435  -0.235503      -2.55  -0.187744   -1.76102 -0.0628972   -1.89926
   0.93576 -0.0110318    1.54583   0.425692   0.447557  -0.375793   0.465963   -1.41493   0.930202   0.538623   0.374617  0.0830034  -0.108311   -1.41546   0.446108   0.179868   0.677843   0.190905  -0.317223  -0.262936  -0.167011    2.53272  -0.500077   -0.16951  -0.124715  -0.514714    2.54875    -2.0004  -0.363505  -0.198907  0.0604511   0.480891  -0.163179   -0.34004
    0.934644 -9.98967e-05      1.54333     0.366942     0.498332    -0.300965     0.331857     -1.45579     0.716897     0.469705     0.443202    0.0697224    -0.241821     -1.43167     0.213754     0.169591     0.690269     0.155087    -0.198265    -0.295082    -0.227955      2.50375     -0.57646    -0.169661   -0.0136071     -0.52143      2.50585     -1.78765     -0.37806     0.101835    -0.500003    -0.217897     0.181799    0.0690018
     1.35548  -0.00122826      1.78233 -0.000595782     0.017421    0.0301185    0.0548577    -0.117392   -0.0293313      0.18532   -0.0869682   -0.0576443   -0.0549022    -0.155794   -0.0314119     0.273305    -0.133266    0.0505724 -0.000828284   -0.0245487   0.00309155     0.537416     0.538394     -1.98381     0.118169     0.655286      0.36424   0.00824191    -0.523752    -0.547279     -1.99699    -0.108621     0.662396    -0.364016
