    0.892671   -0.0191674      0.95783   -0.0105976   -0.0353956    0.0267116    0.0788019    -0.458175   -0.0334518     0.741072     -0.24991   -0.0829859   -0.0311674    -0.446869   -0.0289934     0.740588     -0.25764    0.0292569   0.00010873  -0.00163887     0.956914   0.00772743   0.00150577     -1.91999 -0.000490356    -0.524224  -0.00193652     0.960553  -0.00986163  6.40194e-05     -1.91815  0.000557603    -0.523711  0.000680927
   0.866588   0.0282318    0.957729  -0.0240357   0.0251814   0.0723709   0.0143094   -0.552362  -0.0833085    0.701857   -0.177261  -0.0338839  -0.0942179   -0.490851  -0.0836415    0.647424   -0.176277   0.0786496  -0.0221228    0.195998    0.762078 0.000422516    0.262065    -2.07666    0.276171   -0.395782    0.129626    0.408101   -0.223747    -0.78488    -1.65402   -0.302228  -0.0721572   -0.189311
     1.00333 -0.000447931     0.964035  -0.00260517     0.141286    0.0141087    0.0561985    -0.412638   -0.0063805     0.555869    -0.285061   -0.0566801    -0.058342    -0.406191   -0.0230698     0.554423    -0.288515    0.0523568  -0.00185053   -0.0151919     0.536069   0.00259856     0.521461     -2.12754     0.290562   -0.0437617   -0.0168688     0.531415            0    -0.516759     -2.11742    -0.257085   -0.0516308   -0.0190871
     1.00342 -0.000445093     0.964026   -0.0026066     0.141389    0.0141126    0.0561963    -0.412641  -0.00638394      0.55587    -0.285147   -0.0566758   -0.0583434    -0.406189   -0.0230705     0.554418    -0.288599    0.0523629  -0.00186202   -0.0151822     0.536502   0.00263108     0.521354     -2.12785     0.290597   -0.0439129    -0.016677      0.53186            0    -0.516695     -2.11771    -0.257148   -0.0518114   -0.0192709
   0.969153   0.0254773    0.970495 -0.00822864   0.0180479   0.0415066   0.0238047   -0.334872  -0.0433144    0.594623   -0.279022   -0.029743  -0.0847492   -0.284546  -0.0445871    0.535737   -0.265872   0.0804303   -0.186624   0.0233252    0.250979  0.00526628    0.418797    -2.04941  -0.0295301    0.247199  -0.0567557    0.326956   -0.539916   -0.726907    -1.85983   -0.337506    0.331107   -0.498923
   0.969139   0.0254792    0.970498 -0.00822823   0.0180272   0.0415045    0.023802    -0.33487  -0.0433139    0.594633   -0.279014  -0.0297412  -0.0847514   -0.284541  -0.0445842    0.535741    -0.26586   0.0804315   -0.186627   0.0233208    0.250928  0.00526252    0.418822    -2.04937  -0.0295444    0.247219  -0.0567374    0.326887   -0.539941   -0.726888    -1.85979   -0.337437    0.331148   -0.498874
   0.968984 -0.00146993    0.979789  0.00331327  -0.0942305 -0.00401394   0.0522704   -0.109547 -0.00105045    0.455133   -0.251227  -0.0558954  -0.0554315   -0.122901  0.00933422    0.475755   -0.258941   0.0535733  0.00489896  -0.0159891   0.0299124    0.491641    0.541627    -1.86028    0.149709    0.602218    0.312523  -0.0260808   -0.513527   -0.460902    -1.83899   -0.100994     0.61771   -0.348776
   0.968993 -0.00147051    0.979831  0.00333915  -0.0942249 -0.00401815   0.0522506   -0.109538 -0.00102864    0.455133    -0.25124  -0.0558988  -0.0554432    -0.12289  0.00934777    0.475748   -0.258951   0.0536027   0.0048687  -0.0159979   0.0299616    0.491456    0.541702    -1.86033    0.149596    0.602165    0.312546  -0.0260535   -0.513341   -0.460975    -1.83905   -0.100824    0.617682   -0.348779
   0.971272 -0.00809986    0.977467  0.00238263  -0.0911539   0.0516697   0.0567363   -0.151852  -0.0582912    0.508197   -0.268471   -0.068058  -0.0506004   -0.130486  -0.0480551     0.50685    -0.28281   0.0422111  -0.0778358   0.0809889   -0.219034     0.47995    0.345707     -1.7762    0.105862    0.674612    0.200584   -0.205089    -1.09208   -0.505844    -1.47711   -0.455187    0.742089   -0.463564
   0.97127 -0.0080949   0.977472 0.00239146 -0.0911622  0.0516651  0.0567275  -0.151846 -0.0582786     0.5082  -0.268474 -0.0680403 -0.0506099  -0.130479 -0.0480437   0.506848   -0.28281   0.042227 -0.0778299  0.0809761  -0.219002   0.480014    0.34565   -1.77622   0.105948   0.674576   0.200534  -0.205209   -1.09201  -0.505802   -1.47712  -0.455101   0.742073  -0.463539
   0.994523  -0.0122582    0.977223 -0.00170994  -0.0931041 -0.00732855    0.070313   -0.084181 0.000619475    0.470097   -0.292495  -0.0688028  -0.0379174  -0.0979769   0.0108804    0.489537   -0.298761   0.0409827  0.00971452  -0.0315254   -0.445831      1.0205    0.367261    -1.51013    0.410879    0.853897    0.344265   -0.691252   -0.861699   -0.216625    -1.44271    -0.28698    0.884012   -0.283762
  0.997637 -0.0459279   0.979554 -0.0189315 -0.0758318 -0.0200093   0.127233 -0.0405716  0.0100951   0.369768  -0.251415  -0.108247  0.0188753 -0.0581027  0.0185337   0.387578   -0.25325 0.00117943 -0.0305202 -0.0234986  -0.429172    1.09345   0.386262   -1.54881   0.451906   0.894095    0.31842  -0.647374  -0.824724  -0.240237   -1.52077  -0.249456    0.89775  -0.358725
   0.92374  0.0460487   0.951745 -0.0720841   0.346579   0.177752 -0.0193138  -0.682884  -0.183823   0.363146 -0.0340092 -0.0304525  -0.135255  -0.603607   -0.22043   0.343932 -0.0737947  0.0813947 -0.0365818  0.0680208  0.0356528    2.87674   0.095895   -1.63197   0.443969   0.545673    2.26874   -2.83002    -0.9573  -0.281432    -0.2856   0.488521   0.899933   0.540548
  0.872706  -0.160743   0.925947 -0.0325396   0.401591 -0.0337392   0.356197  -0.685966   0.174559   0.246593  0.0660735  -0.231518   0.235066  -0.774381   0.131095   0.360702  0.0255562  -0.122194  -0.244341   0.341534   0.194378    3.04864  -0.143232  -0.835087   0.607963  -0.169635    2.21814   -2.91133  -0.859377  -0.211051    -0.3164   0.659873   0.885959    0.26758
 0.863355 -0.110755   0.94345  -3.61541   2.88094   -9.0517  0.601066 -0.782602   -0.1548  0.196665  0.152909 -0.261799 -0.228246   -1.4354 -0.943183   1.33638  -0.28454 -0.261799  0.272008  0.188242  0.474238   2.94002  0.164212  -0.69012  0.567228 -0.108002   2.14514  -2.91455 -0.908715  -0.17935 -0.238278  0.734651   0.81897  0.299478
   0.89416  -0.137138   0.974561   -9.87594   -3.32804   -9.24536   0.689133  -0.521348 -0.0182518   0.210117  0.0536977  -0.261799   0.463815   -1.29965  -0.148462    1.34595   -0.29865  -0.167526   0.366858   0.388198   0.954731    2.78498   0.514723   -0.32602    0.62107  -0.288497    1.93979  -0.298543   -2.53244   0.193207  -0.852598    1.57177  -0.569035       2.55
 0.795174 -0.194973   1.11391  0.102676 0.0679015 -0.484774  0.296575 -0.215211  0.501479         0   0.26081 -0.261799  0.289093 -0.496304  0.558505  0.188513  0.311658 -0.102604 -0.523599  0.650667  0.834118   2.80706  0.166059 -0.338917  0.497896 -0.157963   1.98708  -2.03831  -1.02447 -0.826877 -0.264892  0.211676   0.41173  0.462261
  0.851152   0.139067    1.12381 -0.0263593   0.224124   0.143555  -0.169987  -0.608205  -0.191375   0.132554   0.269134  0.0868745  -0.306301  -0.642808  -0.224996   0.305156   0.153082   0.197879   0.208688    0.32896    -1.3204   0.411753  -0.389489   -0.61549  -0.642297   0.181106    1.42234   -2.42835   -1.11459  -0.311434  -0.390315   0.335994   0.738156   0.812058
  0.801606  -0.021045    1.08498  0.0783625   0.481572  -0.218794   0.314192   -1.07476    0.41166   0.389122   0.229018 -0.0202844  -0.635232   -1.91986  -0.638505    1.13285   0.235237 -0.0493902  0.0921495   0.654408   -1.44846   0.317444   0.737127  -0.957728   0.586966   0.563379  -0.801279   -2.51698  -0.895113   0.535288  -0.526708  0.0558475   0.862324   0.216454
  0.801594 -0.0210405    1.08497  0.0784637   0.481551  -0.218914    0.31418   -1.07475   0.411778   0.389149   0.229004 -0.0202652  -0.635507   -1.91986  -0.638731    1.13276   0.235331  -0.049417  0.0920806   0.654666   -1.44883   0.317154   0.737498  -0.957152   0.587421   0.563427    -0.8023   -2.51713  -0.895188   0.535357  -0.526664  0.0559335   0.862355   0.216549
  0.894677  -0.174145    1.10536   -3.11955   -3.45011   -3.12246   0.275215   -0.71647   0.070992   0.248046   0.165116  -0.261799  -0.044089   -1.76696  -0.277741    1.58017  -0.125049  -0.261799  -0.209084  -0.256682   -2.77014   0.943519    2.34917 -0.0178293   0.539842   -0.67885      2.496   -1.72223  -0.517368  -0.184169  -0.710258  0.0443836   0.610724   -0.15548
   1.09121 -0.0592012     1.1063   -0.63666   0.923541   0.339252   0.932624   -1.09168   0.562393   0.190766  0.0220832 -0.0833325  -0.734781   -1.91986   -1.23941    1.03758   -0.27495  -0.183933   0.413834   0.389522      1.603    1.27599      -2.55   -1.93448   -1.75584   -1.31494   -2.48847    -1.1785   -3.01925  -0.822863    -1.6843    -1.5352     1.3734   -0.80423
   0.814294  -0.0386878     1.22545   -0.138279    0.436588    0.103899    0.272987    -1.30239   0.0359908     0.47317    0.381431   -0.125177   0.0703718   -0.993394  -0.0751219           0    0.548476 -0.00880869   -0.150277   -0.147887    -2.07619    0.782526    -0.63493   -0.453543    0.263245    0.508368 -0.00419017     -1.3344    -1.16055   0.0308776   -0.750757   -0.910307    0.333998   0.0827603
  0.829885  -0.205832      1.235  0.0861822   0.368371  -0.188647     0.5577  -0.979611   0.458198   0.395225   0.302072  -0.261799   0.338913  -0.892313   0.344141  0.0601358    0.50652  -0.156133   -0.51779  -0.199804   -2.37796   0.927396  -0.507039   -0.44768   0.230682   0.733639  -0.559882   -1.51074  -0.594562  -0.256877  -0.646628  -0.352066   0.273178 -0.0934233
  0.899356  -0.206715    1.27048  0.0471145   0.364806  -0.184343   0.544136  -0.899839   0.420483   0.443317   0.181103  -0.261799   0.337331  -0.793733   0.320015  0.0884623   0.387841  -0.157036  -0.523599   0.209755    -2.0442   0.722981  -0.491446  -0.726358   0.360877   0.740043  -0.283974    -1.8865    -1.2679 -0.0360055  -0.664567  -0.526496   0.684753  0.0206846
  0.958124   0.210582    1.32313  -0.137567   0.138105   0.509847  -0.226091  -0.409396  -0.558505          0   0.326223   0.121976  -0.364611  -0.365762  -0.564024   0.312199   0.045529   0.261799   0.430708   0.238253   -1.69668  0.0630474  -0.701045 -0.0320326    1.01519  -0.211033   0.129256  -0.287406   -2.72241    1.41005  -0.272783  -0.429272  -0.719245   -2.27591
   0.970728    0.220938     1.30966   -0.194199    0.261583    0.487097   -0.243607   -0.549525   -0.558505 6.93889e-18    0.330829    0.127881   -0.389022    -0.51167   -0.586385    0.305154   0.0619732    0.261799    0.429956   0.0292303    -2.07753    0.577701    -0.82102   -0.481738    0.469152    0.446756    0.692234    -3.10613    -1.01217     1.08425   -0.242555   -0.486347    0.880372    0.672817
   1.02648   0.143286    1.32125 -0.0411755   0.306683 0.00602419  -0.102274  -0.928888 -0.0450627   0.686432  -0.062638   0.110584  -0.215993  -0.658492 -0.0752386    0.23727   0.121568   0.219173   0.147178  0.0406911   0.150262    2.73262  -0.096985   -1.32106   0.464195   0.400783     2.3502   -1.82215   -1.18352   0.213263  -0.874634  -0.604686   0.867535   0.275217
   1.05711  -0.188156    1.34764  0.0656151   0.169137  -0.514752   0.378284   -0.28864   0.561336   0.382649   -0.11332  -0.240827   0.251242  -0.355725   0.558505   0.122583   0.139532 -0.0981483  -0.397925   0.864518   0.597233    3.03156 -0.0657761  -0.233182   0.339868  -0.418313       2.55   -2.93626   -1.00767   0.246597  -0.159812   0.289332   0.769278   0.194333
    1.13565   0.0569696     1.36443  -0.0863708    0.153298    0.187575 -0.00556922   -0.575275   -0.203533    0.599387    -0.18678  -0.0195742   -0.068383   -0.268439   -0.197129    0.186042  -0.0628854    0.101736    0.347261    0.476861     -1.3642    0.642729   -0.462514   -0.830922    0.809953     0.30138    0.289165     -2.6786   -0.855353    0.179612   -0.305736    0.637041    0.950984    0.388307
   1.09339  -0.091173    1.37777   0.532486    0.49274  -0.109528  -0.523599    -1.4034  -0.250937    1.03405  -0.127732   -0.21827  -0.562878  -0.771134  -0.179523   0.191106   0.099651 -0.0357919  -0.523599   0.835941   0.832121    3.14538   0.695332  -0.321842    1.15181  -0.310612    1.59608 -0.0417899   -2.79195      -2.55   -0.73198      -2.55   -1.30095      -2.55
    1.0934 -0.0911454    1.37777   0.532554    0.49271  -0.109605  -0.523599   -1.40339  -0.250826    1.03408  -0.127751  -0.218214  -0.562953  -0.771136  -0.179485   0.191108  0.0996629 -0.0357453  -0.523599   0.835995    0.83207    3.14518   0.695625   -0.32218    1.15186   -0.31066    1.59568 -0.0417497   -2.79198      -2.55  -0.731955      -2.55   -1.30096      -2.55
   1.01264 0.00951752    1.43372  -0.830099   0.257545   0.771637   0.516426   -1.26543  -0.558505 0.00217476   0.514947  -0.261799   0.265962   -1.03596  -0.683115    0.18055    0.21005 -0.0219758   0.523599  -0.127383     -2.028   0.589445  -0.729901    -1.2847   0.131021    1.02525    0.43467  -0.663628    -2.3703  -0.730013  -0.211549   -1.64318   0.814742   0.532728
   1.01263 0.00952386    1.43372  -0.830089   0.257558   0.771619   0.516425   -1.26542  -0.558505 0.00214093   0.514978  -0.261799   0.265939   -1.03597  -0.683133   0.180555   0.210068 -0.0219741   0.523599  -0.127359   -2.02789   0.589464  -0.729807    -1.2848   0.130828    1.02533   0.434781  -0.663608   -2.37032  -0.730028  -0.211558   -1.64322   0.814689   0.532754
   1.02425 -0.0782251    1.43774  -0.832979   0.394138    1.03087    1.65806   -1.91986   0.689584  0.0834879   0.698132  -0.261799 -0.0262889   -1.21998   -1.00961   0.147552   0.179213  -0.174724   0.465631  -0.928976  -0.673624    2.91466   0.435634   -1.58948     1.1663   0.958177   0.717567  -0.568422   -2.73677   0.573654   -1.09054   -1.34036  -0.282594   -1.76857
   1.02425 -0.0782262    1.43774  -0.832964   0.394153    1.03085    1.65806   -1.91986     0.6896  0.0834954   0.698132  -0.261799 -0.0262985   -1.21998    -1.0096   0.147552   0.179223  -0.174727   0.465593  -0.928958  -0.673622     2.9146   0.435615   -1.58951    1.16632   0.958237   0.717558  -0.568426   -2.73678   0.573623   -1.09054   -1.34035  -0.282601    -1.7685
   0.966782 -0.00520765     1.52941   -0.994026    0.302338    0.679809     1.30682    -1.65733    0.218099    0.240557    0.680821   -0.195925    0.523599     -1.2379   -0.448883  0.00591979    0.540166  -0.0105461    0.523599     0.13572    -1.99821    0.300895   -0.694607   -0.789892  -0.0674199    0.604906    0.440304   -0.933082    -2.21441   -0.748683   -0.181532    -1.55702    0.743463    0.772802
  0.934422  -0.228054    1.53589   0.164077   0.497208  -0.215078    0.89862   -1.21766   0.841476   0.415535   0.438191  -0.261799   0.523599   -1.15083   0.558505  0.0145618   0.698132  -0.169742  -0.523599  0.0766833   0.229071    2.49996     0.5364    -0.7525    1.66126   0.192352  0.0472416    -2.2553   -0.98865   0.325573  -0.331184  -0.395322   0.421626 -0.0837869
     1.35548  -0.00122826      1.78233 -0.000595782     0.017421    0.0301185    0.0548577    -0.117392   -0.0293313      0.18532   -0.0869682   -0.0576443   -0.0549022    -0.155794   -0.0314119     0.273305    -0.133266    0.0505724 -0.000828284   -0.0245487   0.00309155     0.537416     0.538394     -1.98381     0.118169     0.655286      0.36424   0.00824191    -0.523752    -0.547279     -1.99699    -0.108621     0.662396    -0.364016
