    0.892671   -0.0191674      0.95783   -0.0105976   -0.0353956    0.0267116    0.0788019    -0.458175   -0.0334518     0.741072     -0.24991   -0.0829859   -0.0311674    -0.446869   -0.0289934     0.740588     -0.25764    0.0292569   0.00010873  -0.00163887     0.956914   0.00772743   0.00150577     -1.91999 -0.000490356    -0.524224  -0.00193652     0.960553  -0.00986163  6.40194e-05     -1.91815  0.000557603    -0.523711  0.000680927
     0.86388    -0.123528     0.950721    0.0116086   0.00364378   -0.0760463     0.216687    -0.432386    0.0829872     0.606601    -0.162727     -0.19291     0.114748    -0.539039     0.088583     0.735967     -0.19355   -0.0805878  0.000612785    -0.265205     0.575641     0.292753     0.853163     -1.61234     0.384068    -0.123203      0.25182     0.778247 -0.000469463     -0.28965     -2.06572    -0.283527    -0.402446    -0.138362
   0.969694   -0.166428    0.945712  -0.0188494    0.170915   0.0144582     0.28012   -0.436164   0.0344336    0.459474   -0.191742   -0.250582    0.166629   -0.539073   0.0150288    0.642303   -0.274201   -0.142415  -0.0504567   0.0119284    0.609369    0.358809    0.713086    -2.04732    0.358663  -0.0140367    0.237466    0.449033           0     -0.5674    -2.11079    -0.26224 -0.00591708  -0.0577565
   0.969394   -0.168617    0.944792  -0.0188004    0.184501  0.00796941    0.286143   -0.444988   0.0457537    0.451711   -0.186336   -0.252094    0.173288   -0.551796   0.0254901    0.636213   -0.267657   -0.143873  -0.0557461  0.00592927    0.631107    0.348773    0.740305    -2.07465    0.364986  -0.0134251    0.240883    0.441568           0    -0.55811    -2.12063   -0.262926 -0.00582858  -0.0555569
    0.996765    -0.125168     0.958338   -0.0186418      0.15223 -0.000183328     0.228369    -0.340349    0.0350297     0.401874    -0.209934    -0.200469     0.116811    -0.425614    0.0184048     0.546806    -0.272416   -0.0918492     0.132292   0.00616516     0.657761     0.687365     0.980776     -1.98067     0.615497     0.206902     0.489299     0.525832   -0.0504083    -0.575239     -2.26372    -0.195603     0.116086   -0.0292187
    0.996764    -0.125181     0.958344    -0.018658      0.15221 -0.000175001     0.228398    -0.340325    0.0350232     0.401866    -0.209932    -0.200485      0.11684    -0.425587    0.0183994     0.546802    -0.272419   -0.0918681     0.132314   0.00617652     0.657684     0.687366     0.980784     -1.98067     0.615426     0.206966     0.489245     0.525806   -0.0504004    -0.575217     -2.26376    -0.195573     0.116161   -0.0292094
   0.995825   -0.109403    0.970773  -0.0293139  -0.0115038  0.00393959    0.212881   -0.130105  -0.0064972     0.37178   -0.231269   -0.184509    0.103357   -0.178912 -0.00536877    0.460612   -0.270658  -0.0750899  -0.0414668   0.0142629    0.305288     0.76034    0.741826    -2.00022    0.407529     0.59128    0.366568      0.1173   -0.410786   -0.645128    -2.09686   -0.208483    0.656129   -0.304007
   0.995835   -0.109412    0.970806  -0.0293453  -0.0115014  0.00393884    0.212901   -0.130094 -0.00652301    0.371774   -0.231282   -0.184583    0.103382   -0.178904 -0.00539883    0.460615   -0.270675  -0.0751359  -0.0414502   0.0142872    0.305217    0.760148    0.741828    -2.00027    0.407379    0.591232    0.366562    0.117356   -0.410684   -0.645138    -2.09689   -0.208456    0.656084   -0.303997
  0.821819  -0.118283   0.943408  -0.145177   0.178746   0.057833   0.355419  -0.723191 0.00961184   0.556475 -0.0209168  -0.209925   0.176167   -1.51624   -0.10406     1.5444  -0.215567  -0.139538  0.0613556  -0.082085  0.0101156    1.14474   0.684042   -1.61609   0.477894   0.512628   0.397287  -0.461206  -0.646994  -0.492581   -1.64736  -0.226173   0.601906   -0.21408
  0.593857  0.0755638    0.81275  -0.128522   0.641612  -0.113412   0.556643   -1.36357   0.569094   0.273541   0.480147   0.131832  -0.269511   -1.91986  -0.241354    0.69503    0.56981    0.18107   0.253363   0.512269   -1.80671   0.674506 -0.0061236  -0.832365   0.250795   0.531672   0.102638  -0.162668   -2.26323   -1.02998   -0.58741   -1.34522   0.650624   0.413893
  0.694565   0.222044   0.862203  -0.247282   0.409373   0.354981  -0.359265  -0.968241  -0.558505   0.255243   0.340493   0.126379   -1.54134   -1.22795    -1.5708    1.19231 -0.0409056   0.217066   0.523599  -0.128097   0.324504    2.48471    1.02173  -0.575743    1.27033   0.461932   0.683212 -0.0604459   -2.15394   -1.03961  -0.765449   -1.52509   0.645188   0.491005
  0.677231   0.074237   0.879477  -0.433874   0.392971   0.308819   0.211945   -1.14745  -0.251241   0.295948   0.378315 -0.0447065   -1.13541   -1.46538    -1.5708   0.988173  0.0983009 -0.0373794   0.500333  -0.352803   0.154923    2.37767    1.03612  -0.432798    1.29413   0.551552  0.0815142   0.626723   -2.25044  -0.961409  -0.838764   -1.84297   0.020116  0.0510361
  0.693464 -0.0393781   0.957622  -0.207296   0.545212   0.375389  -0.153183   -1.35367  -0.556546    0.15941   0.583831   -0.25358   -1.17481   -1.42578   -1.52635   0.787411   0.139837  -0.201989 -0.0710581  -0.539924   0.312623    2.64654   0.973765  -0.447044    1.24577   0.560787   0.113583  -0.776057  -0.907206  -0.440199    -1.2241   -1.01357   0.293012   0.256254
  0.666711  0.0446982    0.91657  0.0387501   0.793215  0.0132283   -0.22134   -1.53011  -0.225638  0.0626315   0.675215  -0.044601   -1.55527   -1.57323    -1.5708   0.349329   0.428099 -0.0607795   0.245524   0.321047   -2.26729    0.86881   0.288683  -0.768753   0.373755   0.817289  -0.310033  -0.100631   -2.12072   -1.39451   -1.60066  -0.688393    1.15528  -0.183992
   0.697886  -0.0316828    0.930198 -0.00834366     0.70345   0.0654721   -0.163812    -1.75149   -0.310078     0.66256    0.376255    -0.17738    -1.42553    -1.62878     -1.5708    0.579024    0.287709   -0.182196    0.143982    0.202128    -2.22465     0.83009     0.25547   -0.777216     0.34757    0.837356    -0.40879   0.0182681    -2.61229    -1.26143    -0.77734   -0.873659    0.862812   -0.244021
   0.72747  -0.145061    1.04826   0.157058   0.341217  -0.228039   0.377752  -0.965362   0.423176   0.354771   0.317107  -0.180862   0.170849  -0.898361   0.321291  0.0365539   0.528208 -0.0697206  -0.523599  0.0156245   -2.09236   0.713848  0.0319578  -0.479368 -0.0354162   0.605959  -0.524301   -1.21841  -0.903671  -0.378763  -0.855479  -0.712547   0.386787   0.175035
 0.703286 0.0739498   1.02669  0.187041  0.542452 0.0256195  0.309342  -1.91736  0.653183  0.888094  0.456664  0.174226 -0.618015  -1.08759  -0.39568  0.038475  0.566267  0.117253 -0.172818  0.133242  -1.96526  0.400017   0.28754 -0.495539 -0.153381  0.375304 -0.110671 -0.746936  -1.90774 -0.382621 -0.942664  -1.18811    0.5524   0.12299
 0.685322  0.119363  0.998017  0.538727   0.52795 -0.217237 -0.079591  -1.91986  0.635466  0.871424  0.451807  0.261799  -1.10257  -1.18684 -0.492841 0.0731795  0.614529  0.210471 -0.339436  0.233894  0.520747   2.91361 0.0846104 -0.522719  0.521449  0.055402    2.4871  -2.78539  -1.03723  0.365361 -0.265776 -0.304978  0.693932  0.781942
  0.701892   0.175656    1.11925 -0.0701018   0.498945   0.102972  -0.497141   -1.29766  -0.474346   0.133867   0.698132   0.113014  -0.680108   -1.21756  -0.555439   0.123379   0.666737   0.241346   0.337457   0.119573   0.709576     2.4054   0.663567   -1.03912  -0.128985   0.557142       2.55   -2.24018   -1.13527   0.473759  -0.453003  -0.815772   0.575529   0.809882
  0.687887    0.14576    1.05271  0.0168552   0.547036  -0.146427   -0.30179   -1.91986  -0.166578   0.897128   0.456586   0.152968  -0.630344   -1.56735  -0.393177   0.305097   0.698132   0.261799   0.162757   0.457484   -2.04693   0.464584   0.685397 -0.0396492   -1.75844  0.0415121    1.28285 -0.0488636   -2.49967    0.47465  -0.312694  -0.289431  -0.455797   -2.07182
  0.778252   0.126629    1.17035 -0.0040481   0.492839 -0.0409936  -0.216055   -1.54851   -0.13461   0.715679   0.338741  0.0965519  -0.336542   -1.12607  -0.152952          0   0.640195   0.229002   0.148436   0.618414   -1.59229   0.013631   0.704851  -0.534689   -1.80752 -0.0970506    1.42226  -0.202853   -2.63031   0.875003  -0.221852  -0.144874  -0.580258   -2.36013
   0.778254    0.126636     1.17035 -0.00405124    0.492828   -0.040994   -0.216067     -1.5485   -0.134617    0.715692     0.33873   0.0965598   -0.336543    -1.12605   -0.152946           0    0.640189    0.229012    0.148459    0.618433    -1.59233   0.0136719    0.704851   -0.534521    -1.80749  -0.0970187     1.42226   -0.202845    -2.63031    0.875017   -0.221851   -0.144862   -0.580256    -2.36013
   0.780219   0.0293912     1.17517   -0.168399    0.548324   0.0633572    0.622694    -1.57813    0.524902    0.643188    0.382547   0.0537741 -0.00390918    -1.27067  -0.0747712    0.158958    0.561313   0.0892852    0.334263    0.224545    -2.23019    0.842625    0.454983  -0.0527658     0.43686    0.283983   -0.817224    0.386504    -2.60681    -1.07964   -0.445179    -1.20395    0.493676   -0.163386
   0.780212   0.0294176     1.17515    -0.16828    0.548364   0.0632315    0.622648    -1.57826    0.524901    0.643356    0.382546    0.053752 -0.00399385    -1.27072  -0.0747643    0.158954    0.561381   0.0893323    0.334245    0.224586    -2.23018    0.842735    0.455013  -0.0526973    0.436893    0.284019   -0.817153    0.386513    -2.60685    -1.07967   -0.445222    -1.20397     0.49362   -0.163428
 0.764431 0.0711101   1.19078 -0.772542  0.590136  0.297203   1.11763  -1.33368  0.553655 0.0277505  0.698132 0.0637406 -0.127225  -1.75785 -0.708288  0.458031  0.612619 0.0688299  0.523599  0.118106  -2.62693  0.490228  0.861604  0.215062   1.27772 -0.428527     -2.55  -2.33182   -1.1653  0.370424 -0.504187 -0.855731  0.604638  0.522434
  0.879412 -0.0671943    1.29312  -0.251669  0.0486895   0.512489   0.185869  -0.695597  -0.558505  0.0235048   0.445211  -0.261799  -0.959678   -1.15056   -1.52571    1.38759  -0.143634  -0.256943   0.523599  -0.567859  -0.714942    1.73779  -0.814822  -0.769025    1.24898  -0.275544   0.755998   -1.49565  -0.379183 -0.0924179  -0.750636   0.437261   0.473097  -0.214448
   0.925106  -0.0223947     1.32302   -0.465964    0.113184    0.470195    0.362772   -0.834674   -0.449084    0.157232     0.34158    -0.20862   -0.642169    -1.25033    -1.32136     1.23977   -0.126397   -0.168114    0.523599   -0.809801   -0.710801      2.2633   -0.354356   -0.830713     1.61065    0.382893    0.108559    -1.39539   -0.336324 -0.00797039   -0.738157  -0.0863791    0.254232   -0.103218
   0.925116  -0.0223664     1.32303   -0.465987    0.113159    0.470215    0.362752    -0.83464   -0.449125    0.157228    0.341559   -0.208595   -0.642105    -1.25028    -1.32128     1.23978   -0.126415   -0.168058    0.523599     -0.8098   -0.710833      2.2633   -0.354464   -0.830881     1.61071    0.382912    0.108647    -1.39525   -0.336483 -0.00783559   -0.738319   -0.086652    0.254275   -0.103165
  0.881848  -0.115011     1.3856  -0.269385   0.415717   0.219977   0.505687   -1.12355  0.0264136          0   0.656487  -0.261799   0.169221   -1.38406  -0.214805   0.583524   0.339145  -0.148194  0.0928878  -0.590176  -0.246412    2.30643    0.31121  -0.478079    1.73285   0.489414  -0.383897   -1.42985  -0.225152   -0.23599  -0.549183  -0.324349 -0.0169403   0.215334
  0.881816   -0.11498    1.38559  -0.269295   0.415752   0.219883   0.505556   -1.12359  0.0263696          0    0.65652  -0.261799   0.169128   -1.38408  -0.214796   0.583449   0.339238  -0.148166  0.0928595  -0.590032  -0.246397    2.30638   0.311245  -0.478172    1.73289   0.489301  -0.383754   -1.42994  -0.225247  -0.236024   -0.54912  -0.324276 -0.0168852   0.215387
  0.912141  0.0390686    1.44384  -0.240239   0.343601   0.259717  0.0495347    -1.0626  -0.292435    0.16402   0.511656 -0.0829417  -0.147234   -1.04615  -0.384024   0.340309    0.35237  0.0427254   0.523599  -0.104253   -1.20292    1.25079 -0.0244863  -0.794804    1.00771   0.289084 -0.0458265   -2.04293  -0.630479    0.24678  -0.364873  0.0465638   0.444103  0.0936243
  0.914759   0.229365    1.41312  -0.284763    0.40101   0.372128  -0.332644  -0.949085  -0.558505          0   0.577556   0.142773  -0.541238    -0.9532  -0.659624   0.336446   0.313933   0.261799   0.523599   0.194711   -1.83575   0.432435 -0.0786608  -0.631027  -0.108705   0.405232   0.566386  -0.185147    -2.3545  -0.993847  -0.480059   -1.31466   0.724074   0.538041
    1.01028 -0.00911245     1.47218  -0.0399776    0.319508   -0.428799    0.845532    -1.02873    0.929327     1.06491   -0.162887   0.0478071    0.305385   -0.752058    0.558505   0.0986262    0.377046    0.135199 0.000616679 0.000343268    -2.45475     1.04665   0.0309161   -0.344033   -0.263477    0.680805   -0.449752    -1.71968   -0.535681    0.483123   -0.133839    0.866045   -0.155162    -1.57225
   0.973374     0.11577       1.448   -0.460931    0.401867    0.513592  -0.0162449    -1.04546   -0.558505 1.73472e-18    0.524841  -0.0433299   -0.248091    -1.00293   -0.682386    0.336024    0.224653    0.100167    0.495976   -0.892088    -3.00385    0.672578    -0.15186   -0.321698    -0.68139    0.854337   -0.312484    -2.22944   -0.472694    0.945578    0.160239    0.548386   -0.421681    -1.61119
   1.00289   0.176077    1.47099  -0.746911   0.383615   0.537273   0.226222   -1.19582  -0.478462    0.19062   0.414376  0.0194413  -0.986323    -1.3375    -1.5708    0.94732  0.0120816   0.129546   0.523599  -0.736727   -2.53622   0.444873  -0.293981  -0.408767  -0.726799   0.903794  0.0475934   -1.80063  -0.952608   0.765514 -0.0944187   0.279026   -0.60946   -1.53251
   1.0082 0.0508692   1.48177  0.290005  0.387867 -0.452049  0.165575   -1.0677  0.602703  0.499072  0.121956  0.102395  -1.34726  -1.91986   -1.0383  0.936374  0.304456 0.0578867 -0.234956  0.228863 0.0862017   2.55163  0.388676 -0.653385   1.60073  0.400964  0.497816  -1.13098  -1.15741 -0.071165  -1.51707 -0.432846  0.766078 -0.279135
  1.09553 0.0821064   1.49987 -0.421691  0.804525 0.0601765   0.68247  -1.19192   0.48533  0.174626  0.266127 0.0965479 -0.776089  -1.81633  -1.05621  0.757315  0.152407 0.0407119  0.138267 -0.801224  0.375157    3.2127      2.55  -1.02823   2.40203    -1.497      2.55  -2.42996 -0.807337   2.05884 -0.242471   2.48078   0.54508   1.18184
   1.01447  0.0457031    1.48711  -0.565247   0.638996   0.196169   0.802478   -1.20374   0.391804   0.200224   0.377065  0.0191199  -0.153095   -1.80207  -0.585855   0.880258   0.230368  0.0365937   0.423658    0.25151   0.223707    2.67009    1.21535  -0.662883    1.10261   0.627112   0.500795  -0.268591   -2.40939  -0.806439   -0.72481   -1.40897   0.661841 -0.0803544
     1.35548  -0.00122826      1.78233 -0.000595782     0.017421    0.0301185    0.0548577    -0.117392   -0.0293313      0.18532   -0.0869682   -0.0576443   -0.0549022    -0.155794   -0.0314119     0.273305    -0.133266    0.0505724 -0.000828284   -0.0245487   0.00309155     0.537416     0.538394     -1.98381     0.118169     0.655286      0.36424   0.00824191    -0.523752    -0.547279     -1.99699    -0.108621     0.662396    -0.364016
