    0.892671   -0.0191674      0.95783   -0.0105976   -0.0353956    0.0267116    0.0788019    -0.458175   -0.0334518     0.741072     -0.24991   -0.0829859   -0.0311674    -0.446869   -0.0289934     0.740588     -0.25764    0.0292569   0.00010873  -0.00163887     0.956914   0.00772743   0.00150577     -1.91999 -0.000490356    -0.524224  -0.00193652     0.960553  -0.00986163  6.40194e-05     -1.91815  0.000557603    -0.523711  0.000680927
   0.915503  -0.0187366    0.962282  -0.0236549   0.0666123   0.0517666   0.0842673   -0.503135  -0.0506102    0.646457   -0.214595  -0.0851168  -0.0285041   -0.471473  -0.0583762    0.627582   -0.221904   0.0256527   -0.110072     0.14162     0.77055 0.000715535    0.250844    -2.06994    0.264346   -0.401255    0.124076    0.388164  -0.0530293   -0.687141    -1.77445   -0.293197    -0.11708   -0.129415
      1.004 -0.00729425    0.965077 -0.00258257    0.134755  0.00427859   0.0674394    -0.39364  0.00487976    0.541587   -0.282652  -0.0635285  -0.0466629   -0.393916  -0.0109638    0.544823   -0.285295   0.0454611  -0.0139057  -0.0261568    0.561132   0.0039054    0.545497    -2.13448    0.296878  -0.0454845  -0.0104461    0.505752           0    -0.48775    -2.09014   -0.258232  -0.0557564 -0.00416411
    1.00409  -0.0073016    0.965068 -0.00258611    0.134856  0.00428542   0.0674506   -0.393637  0.00487592    0.541581   -0.282735  -0.0635385  -0.0466511   -0.393914  -0.0109649    0.544822   -0.285382    0.045453  -0.0139188  -0.0261459    0.561572  0.00394782     0.54541    -2.13478    0.296927  -0.0456426  -0.0102353    0.506187           0   -0.487666    -2.09045   -0.258276  -0.0559139 -0.00433565
   0.976398  0.00704195    0.971982 -0.00867183   0.0131782   0.0347042   0.0485926   -0.302336  -0.0355864    0.565833   -0.278474  -0.0504481  -0.0604771   -0.265741  -0.0366998    0.526063   -0.271491   0.0595051   -0.202711   0.0194106    0.303236   0.0426075    0.443987    -2.08906  0.00238913    0.261268  -0.0424571    0.290405   -0.488289   -0.701333    -1.89412   -0.302733    0.358752   -0.490203
    0.97638  0.00704059    0.971986 -0.00867229   0.0131488   0.0347098   0.0485941    -0.30233  -0.0355905    0.565841   -0.278459  -0.0504499  -0.0604748   -0.265732  -0.0367007     0.52607   -0.271478   0.0595025   -0.202711   0.0194189    0.303137   0.0426053    0.444026    -2.08899  0.00235708    0.261303    -0.04244    0.290349   -0.488338   -0.701303    -1.89407   -0.302684    0.358792    -0.49016
   0.884938    0.133426    0.958148    0.104344   0.0593493   0.0854368   -0.235739   -0.343692   -0.101565    0.357164  -0.0528434   0.0966329   -0.365478   -0.465733   -0.111571    0.631432   -0.193109    0.209866 -0.00313353  -0.0115729   -0.534024    0.165598    0.472395    -1.69844  -0.0780315    0.617205   0.0816793     0.25483    -1.01007   -0.786355    -1.70907   -0.466994    0.500981   -0.393224
   0.884938    0.133415    0.958166    0.104467   0.0593715   0.0854389   -0.235815   -0.343681   -0.101531    0.357128  -0.0528274   0.0966909   -0.365592   -0.465712   -0.111575    0.631382   -0.193085    0.209874 -0.00325655  -0.0115784   -0.533977    0.165628    0.472379    -1.69844    -0.07797     0.61717   0.0816646    0.254787       -1.01    -0.78633    -1.70911   -0.466937    0.500969   -0.393225
  0.890078 -0.0241505   0.964595  0.0219674   0.122254   0.155972  0.0185287  -0.380932  -0.157477   0.230299  0.0211176 -0.0988878  -0.128654  -0.549679   -0.18745   0.635777  -0.195681 0.00788564  -0.184731  0.0516128  -0.640433   0.428622   0.307852   -1.65749    0.13271   0.732569 -0.0786863   0.114396   -1.27741  -0.885657   -1.50369  -0.559998   0.684185  -0.583929
  0.890079 -0.0241498     0.9646  0.0219981   0.122266   0.155982  0.0185232  -0.380941  -0.157463   0.230298  0.0211298 -0.0988179  -0.128669   -0.54968  -0.187443   0.635768  -0.195672 0.00792774  -0.184758  0.0516005  -0.640419    0.42864   0.307834    -1.6575   0.132742   0.732562 -0.0787027   0.114385    -1.2774  -0.885648   -1.50371  -0.560003   0.684163  -0.583932
   0.812694    0.191121    0.943995   0.0617379   0.0498564    0.548654   -0.323991   -0.185981   -0.558505   0.0941411    0.183623    0.116932   -0.518881   -0.234762   -0.549614     0.61678   -0.197129    0.261799    0.422581   -0.215424    -1.46863    0.697326 -0.00778369   -0.626726    0.620377    0.368499    0.126319    -2.09373   -0.924264     0.13434   -0.837553   0.0652747     1.07032    0.512111
  0.797244 -0.0633597   0.917537  -0.074756    0.20512   0.463154 0.00522401   -0.62912   -0.48428   0.100365   0.256082   -0.21333  -0.333321  -0.844614  -0.659956    0.88825  -0.216738  -0.104421   0.246255  -0.389379   -1.60178    1.28451  -0.120257  -0.607994    1.08105   0.598205   -0.44566   -1.79481  -0.599516  0.0842489  -0.900739   0.180275   0.892541 -0.0702657
  0.762288   0.167413   0.893348    -12.554    0.33308   -12.1305  -0.416198  -0.570031  -0.558505  0.0268623   0.326863  0.0741559   -1.60303   -1.08038   -1.43694    1.54441  -0.295956   0.159461   0.214012 -0.0786819   0.655688    2.76619     0.6968  -0.460914    1.90913   0.179018   0.642611  0.0224618   -2.43278   -1.06779  -0.435163   -1.25177   0.767832   0.304891
   0.752907   -0.122942    0.925477   -0.564536    0.285142    0.243845    0.827003   -0.848778   0.0564971    0.186693    0.291687   -0.261799    0.523599    -1.56251   -0.162301     1.18922 0.000326904   -0.156246    0.523599   -0.201028    0.158255     2.49473   -0.604272   -0.411396    0.688957   -0.423213     2.13266    0.783749     -2.8448   -0.900397   -0.280519     -1.5511    0.318773   -0.582679
   0.884423  -0.0728463    0.942112    -9.40862    -3.47808    -9.40923    0.133879   -0.620327   0.0307019    0.229095   0.0555888   -0.138638     0.18614    -1.67004    0.197449     1.63352    -0.30169 -0.00509817   -0.146179    0.361821    0.355207      3.0906   -0.239569    -1.04333   -0.832911    0.245441    -2.35078    -2.85213   -0.984184    0.292255   -0.264846    0.225446    0.863683    0.297539
   0.892468   0.0168755     1.01728   -0.511945    0.179278   0.0131925    0.612011   -0.405872   0.0948377    0.249557 0.000658188  -0.0701452    0.523599    -1.06168    0.124602     1.09798   -0.202166   0.0909735     0.51044     0.54329    -1.49058      0.2145    0.475681   -0.612018    0.170426    0.391322   -0.442362    -2.90248   -0.894308    -1.67167   -0.522247     -1.2047     -0.5219    -2.27991
 0.840276  -0.19373   1.10977 -0.117325 0.0830624 -0.495116  0.717794  -0.49063  0.559845  0.885097 -0.200011 -0.261799  0.523599 -0.441904  0.558505  0.412954  0.138675 -0.113237  -0.27206  0.607855  -1.40873  0.761524  0.148566 -0.944154  0.318397  0.700918 -0.474435  -1.75303  -1.02818 -0.251314 -0.241673 -0.437717  0.355238  0.292111
  0.899566  -0.172145    1.13956  0.0275104   0.108365  -0.147705   0.283914  -0.377859   0.180247   0.206834   0.102433  -0.242482   0.211696  -0.622164   0.193947   0.527981 0.00967405  -0.124551  -0.278983   0.215769  -0.924157    1.43449   -0.47854   -1.27523   0.467742   0.412854    0.61095   -1.21246  -0.935364  -0.183514  -0.911801  -0.230896     0.6165  -0.276112
    0.86768    0.113972     1.16421   -0.411388    0.354342 -0.00591018    0.428657   -0.718012      0.1621    0.138741    0.252241   0.0705476    0.411625    -1.35845    0.277007      0.9247   0.0917353    0.261799    0.143159    0.328182    -1.30009    0.609728   -0.641276    -1.35896   -0.341548    0.884084    0.833329  -0.0183042    -2.10484     1.26886   -0.313682      1.5859    0.663677     1.37671
  0.847972   0.126376    1.15274  -0.350888   0.322938 0.00784191   0.320681  -0.725487   0.101651    0.13328   0.280549  0.0845778   0.221046   -1.42126      0.138    1.00437  0.0958834   0.261799   0.461263   0.418367   -1.04949   0.457649 -0.0629712   -1.11973  -0.311638   0.400589   0.766673   -2.07485   -1.16721  -0.171375   -0.55541  -0.180328   0.769493   0.708838
  0.865588   0.189711     1.1415    -3.3301    -3.2257   -2.62902  -0.143866  -0.433739  -0.558505  0.0894711   0.271412   0.089274  -0.926001  -0.949234   -1.00474    1.41981  -0.290676   0.204882   0.523599  -0.213864   -2.29893    0.78774      -2.55   -0.48961   -1.97667 -0.0669092   -1.59589    -2.3745  -0.926731 0.00558292  -0.366736  0.0773647   0.748815   0.633973
    0.844251     0.108681      1.11083    -0.458627     0.269621     0.531459    0.0790786    -0.884638    -0.549062     0.116213      0.35074   -0.0504827      -1.0388     -1.19715     -1.49292      1.25132    -0.179726    0.0264627     0.517899    -0.276059     0.134037      2.62436     0.414512    -0.964585      1.04744     0.392897      1.26371 -0.000127847     -2.27862    -0.813357    -0.741356     -1.44656     0.532792   -0.0624614
  0.775007  0.0342356    1.15968 -0.0817218    0.61475  0.0320983   0.485055   -1.61212   0.466197   0.562429   0.430051  0.0582411  -0.140587   -1.29026  -0.137483   0.035204   0.643179   0.092086   0.150577   0.173635   -2.14914   0.833108  -0.207548  -0.631678   0.366227   0.602338 -0.0806042  -0.048699   -2.60218  -0.371684  -0.660874   -1.64745   0.387789  -0.282611
 0.772622 0.0203171   1.15588 -0.041932    0.6314 0.0101536  0.514266  -1.59966   0.52012  0.517139  0.447381 0.0489884 -0.143992  -1.30724 -0.119396 0.0147747  0.663523  0.077527 0.0859114  0.157779  -2.23805  0.790797  -0.19294 -0.572801  0.321228  0.609282  -0.14149 -0.099511  -2.57181 -0.402303 -0.718063  -1.53287  0.403105 -0.373442
 0.815752  0.221746   1.20986 -0.357612  0.611438 0.0327304  0.269268  -1.45424  0.192096  0.426682   0.41785  0.261799  -1.04677  -1.59551  -1.12532  0.455237  0.514345  0.261799  0.523599  0.601796  -1.83662  0.280627  0.251534 -0.711142 -0.281592  0.450482   0.33161 -0.247348  -2.38913 -0.773132 -0.399184  -1.59865  0.686907  0.637578
  0.77167 -0.119169   1.18144 -0.743944  0.507161  0.331752   1.45945  -1.26085  0.666804  0.139607  0.614056 -0.214855  0.212902  -1.91986 -0.673864  0.811674  0.473782 -0.261799  0.509177 -0.169158  -2.70499  0.778528  0.360292  -0.24171  -0.41753  0.623842 -0.690372  0.368579  -2.89839 0.0651807 -0.601576 -0.562913 0.0358589  -2.48545
   0.79718  -0.211395    1.32385   0.152855   0.428872  -0.192689   0.778365   -1.20264   0.710552   0.348509     0.5307  -0.261799   0.523599   -1.20522   0.558505   0.129025   0.698132  -0.147837  -0.523599  -0.109604   -2.30813   0.832203   0.280087  -0.231634 -0.0401266   0.481707  -0.941602   -1.48521  -0.976051   0.669574  -0.799553   0.339948   0.322119    -1.6648
 0.797182 -0.211395   1.32385  0.152856   0.42888 -0.192687  0.778365  -1.20265  0.710552  0.348499  0.530702 -0.261799  0.523599  -1.20522  0.558505   0.12902  0.698132 -0.147837 -0.523599  -0.10963  -2.30814   0.83221   0.28014 -0.231632 -0.039932  0.481876 -0.941929  -1.48521 -0.976029  0.669574 -0.799561   0.33998  0.322122  -1.66482
  0.856186   0.113271    1.38689  -0.411766   0.381071   0.386262  -0.100832   -1.21015  -0.558505   0.117378   0.639187  -0.043304  -0.263424    -1.0998  -0.604455   0.243283   0.457284   0.111247   0.523599   0.340421   -1.58253   0.246331  0.0989269  -0.432276   0.261381  -0.066158 -0.0341423  -0.226698   -2.41223  -0.580688  -0.304339    -1.6358   0.582872    0.53242
   0.849312   0.0550302     1.35391   -0.133887    0.544422   0.0588507     0.25411    -1.61251    0.168872     0.60747    0.457262   0.0339831    -0.18385    -1.35523   -0.211587    0.235939    0.578399    0.106982       0.173    0.546055    -1.61353    0.333209 -0.00762146   -0.586247    0.267806   0.0995136   0.0209264   -0.248434    -2.46674   -0.534287   -0.289169    -1.65427     0.59385      0.4379
  0.871958  0.0867897    1.42688  -0.155804   0.467941 -0.0824706   0.390481   -1.27734   0.363626   0.376627   0.454833   0.109892  -0.446216   -1.76559  -0.461252   0.719543   0.558814   0.147448   0.344473   0.535447    -1.4645   0.560019  -0.758918  -0.239824     1.0625  -0.307033   0.117279   0.272993   -2.23943  -0.863679  -0.489842   -1.39466   0.393064   0.162369
   0.847781  -0.0830779     1.37756     24.7503    0.502928     37.7687     1.36399    -1.39016    0.972479    0.577108    0.404466  -0.0717498   -0.361576    -1.86082     -0.9536    0.703261    0.584894   -0.261799   -0.139049    0.241693    0.630436     3.19254 -0.00854976   -0.597718       -2.55   -0.158065    -1.08233    0.970519     -2.1036        2.55   -0.321616   -0.485689      0.5908     0.86402
  0.857833 -0.0860045    1.38465  0.0285551   0.596706  -0.175749   0.711726   -1.25527   0.698523   0.202144   0.534208 -0.0736433  -0.829016   -1.91986    -1.0577   0.505483    0.69351  -0.261799 -0.0559722  0.0301525   0.221274    2.50935   0.756453  -0.156205   -0.87202  -0.463814     2.5263   -2.30082  -0.717684   0.658246   -0.32454  -0.414939   0.395793  -0.148151
  0.911739  -0.135709    1.42714  -0.018917    0.37951 -0.0639134   0.545488    -1.1816   0.375426   0.540611   0.306272  -0.190119  -0.209638   -1.91986  -0.499263    1.17939   0.351654  -0.261799  -0.188699  -0.110438   0.553522    2.44261    0.65842  -0.206676  -0.699785  -0.356173    2.44768    -1.7381  -0.748467   0.231829  -0.353592  -0.382839    0.18656  -0.180703
  0.917478  -0.172144    1.48793  0.0886971   0.390826  0.0115512   0.872399   -1.51719   0.755816   0.735972   0.406474  -0.215539  -0.106858   -1.77376  -0.272359    1.03024    0.34904  -0.261799  -0.335297  -0.246293    0.47361    2.29146   0.558102  -0.430872  -0.682707  -0.230492    2.37965   -1.68448  -0.598479  -0.123362  -0.160729  -0.488412 -0.0335438   0.232733
  0.891482  -0.208802    1.52168   0.150826   0.417707  -0.189129   0.762157   -1.20047   0.692182   0.341006   0.543529  -0.261799   0.523599   -1.21326   0.558505    0.14723   0.698132  -0.144398  -0.458681  -0.148388   0.257752    2.39802   0.297897  -0.394701   -0.53282  -0.284532     2.2793   -1.73126  -0.527183  -0.310525  -0.186238  -0.274294 -0.0723221     0.1461
  0.947469  0.0686416    1.53732  0.0580927   0.470017  -0.261618     1.1985   -1.45618    1.47471   0.811796   0.226042    0.24996  0.0767123   -1.27356   0.377769   0.102472   0.668053   0.261799   0.127615 -0.0238744   -2.47093    1.10631   0.118084  -0.123992 -0.0163809   0.406103  -0.494129   -1.91359  -0.624829   0.725552  -0.118484    1.02193  -0.138578   -1.66875
  0.954746    0.19028    1.49367  -0.260328   0.639245  0.0686362   0.191231   -1.91986   0.204455   0.889814   0.384222   0.261799  -0.529998    -1.4338  -0.532865    0.24523   0.568417   0.261799   0.480134   0.214502   -2.35979   0.773495 -0.0598548   -0.40982  0.0341811   0.573936  0.0572811  -0.161723   -2.18345  -0.664093   -1.19481  -0.985855   0.502468  -0.392509
     1.35548  -0.00122826      1.78233 -0.000595782     0.017421    0.0301185    0.0548577    -0.117392   -0.0293313      0.18532   -0.0869682   -0.0576443   -0.0549022    -0.155794   -0.0314119     0.273305    -0.133266    0.0505724 -0.000828284   -0.0245487   0.00309155     0.537416     0.538394     -1.98381     0.118169     0.655286      0.36424   0.00824191    -0.523752    -0.547279     -1.99699    -0.108621     0.662396    -0.364016
