2
4
   0.899993    0.150011 2.72273e-05
-9.28992e-07  1.14818e-05      314.463     -4.57036      8.47096            0
0 0 1
5
   0.899991   -0.149991 2.19901e-05
-8.73023e-07  -1.2454e-05      315.834     -4.57036      8.47096            0
0 0 1
3
4
   0.899994    0.150012 3.45228e-05
-15.0483  10.2273  226.537   17.358  18.1211        0
0 0 1
5
   0.899992   -0.149991 2.91367e-05
-23.0403  10.2276  221.361  17.3577   17.707        0
0 0 1
3
  1.40001 -0.299989   1.00003
 38.0887 -20.4547    182.4        0        0        0
0 0 1
4
4
   0.899994    0.150012 3.57131e-05
 -23.7527 -0.113099   170.777 -0.482286   13.6622         0
0 0 1
5
   0.899992   -0.149991 3.05604e-05
 -23.9046 -0.113051    170.92 -0.482035   13.6736         0
0 0 1
3
  1.40001 -0.299993   1.00003
 23.6777 0.113076  144.443        0        0        0
0 0 1
2
     1.4 0.300003        1
 23.9795 0.113066  144.157        0        0        0
0 0 1
3
4
   0.899994    0.150012 3.69093e-05
 3.47018 -10.0489  208.462 -16.6767  3.06326        0
0 0 1
5
   0.899992   -0.149991 3.19898e-05
 -23.488  -10.049  230.843 -18.4671  3.06454        0
0 0 1
2
     1.4 0.300007  1.00001
20.0179 20.0978 190.993       0       0       0
0 0 1
4
4
   0.899994    0.150012 3.93698e-05
-29.9851  2.61642  174.918  3.92519  13.9929        0
0 0 1
5
   0.899992   -0.149991 3.44072e-05
-30.4821   2.6165  173.747  3.92596  13.8993        0
0 0 1
2
     1.4 0.300017  1.00002
 25.2332 -2.14067  144.743        0        0        0
0 0 1
3
      1.5 -0.299995   1.20002
  35.234 -3.09212  136.889        0        0        0
0 0 1
3
4
   0.899994    0.150011 4.18287e-05
-35.8966  12.9473   238.21  19.0573  6.40302        0
0 0 1
5
   0.899992   -0.149991 3.68228e-05
4.11006 12.9477 208.685 16.6953  6.4017       0
0 0 1
3
     1.5 -0.29999  1.20004
 31.7866 -25.8948  183.403        0        0        0
0 0 1
4
4
   0.899987    0.150047 6.96408e-05
-43.0069  3.25067  181.998  14.0798  14.5587        0
0 0 1
5
    0.89999   -0.149986 3.66287e-05
-37.8103  3.25158  177.799  14.0789  14.2227        0
0 0 1
3
      1.5 -0.299983   1.20004
 45.6082 -3.25116  131.026        0        0        0
0 0 1
2
     1.5 0.299996      1.2
 35.2091 -3.25056  139.476        0        0        0
0 0 1
3
4
    0.89998    0.150082 9.74674e-05
  -22.3126   -7.14391     221.26 -0.0336182    17.7008          0
0 0 1
5
   0.899988    -0.14998 3.64341e-05
  -11.6182   -7.14317     221.27 -0.0352898    17.7016          0
0 0 1
2
     1.5 0.299993      1.2
33.9308 14.2876 187.768       0       0       0
0 0 1
4
4
  0.899975   0.150113 0.00010849
-37.0985 0.980257  178.162 -3.56004  14.2526        0
0 0 1
5
   0.899985   -0.149961 3.73071e-05
-40.1447 0.980653  179.223 -3.56254  14.3378        0
0 0 1
2
     1.5 0.299989      1.2
  35.7207 -0.829283    138.36         0         0         0
0 0 1
3
     1.6 -0.29999      1.4
41.5226  -1.131 134.554       0       0       0
0 0 1
3
4
    0.89997    0.150144 0.000119515
-17.3607  7.46279  223.296  15.6686  17.8638        0
0 0 1
5
   0.899982   -0.149941 3.81805e-05
-17.5596  7.46444  218.624  15.6674  17.4892        0
0 0 1
3
 1.60001 -0.29998      1.4
 34.9205 -14.9266  188.377        0        0        0
0 0 1
4
4
    0.89997    0.150144 0.000119622
-43.736 2.82259 181.812 12.8085 14.5449       0
0 0 1
5
   0.899982   -0.149941 3.83879e-05
-38.4762   2.8247  177.993  12.8058  14.2387        0
0 0 1
3
      1.6 -0.299982       1.4
  46.369 -2.82346  131.404        0        0        0
0 0 1
2
 1.59999 0.300036  1.40001
 35.8429 -2.82365  139.089        0        0        0
0 0 1
3
4
  0.89998  0.150154 0.0001238
-135.958 -64.7204  270.962 -21.6792  21.6777        0
0 0 1
3
      1.6 -0.299982       1.4
-41.547 32.3349 137.455       0       0       0
0 0 1
2
 1.59999 0.300025  1.40004
177.505 32.3856 221.881       0       0       0
0 0 1
4
4
   0.899994    0.150131 0.000144686
-58.4258  4.29791  190.048   11.573  15.2036        0
0 0 1
3
  1.59997 -0.300014       1.4
 52.6214 -3.72652   127.11        0        0        0
0 0 1
2
 1.59998 0.299992  1.40005
 45.6194 -3.72703  134.053        0        0        0
0 0 1
5
 0.999998 -0.149986  0.200028
-39.8159  3.15449  179.087  11.5651  14.3257        0
0 0 1
3
4
   0.899994    0.150131 0.000144692
0.501247 -26.4058  211.529 -16.9233  16.9231        0
0 0 1
2
 1.59998 0.299999  1.40006
 62.763 42.9219  161.06       0       0       0
0 0 1
5
 0.999998 -0.149986  0.200028
-63.2643 -16.5161  257.709 -20.6144  20.2665        0
0 0 1
4
4
   0.899981    0.150116 0.000151146
-41.2738 0.522239   179.94 -8.94747  14.3954        0
0 0 1
2
 1.59999 0.299983  1.40004
  38.8781 -0.391731   136.694         0         0         0
0 0 1
5
 0.999977 -0.149985  0.200037
 -36.001 0.392058  177.123 -8.95553   14.172        0
0 0 1
3
  1.70001 -0.300019   1.59998
   38.397 -0.523175    136.54         0         0         0
0 0 1
3
2
     1.6 0.299949  1.40002
 23.5371 -3.63787  197.391        0        0        0
0 0 1
5
  0.99997 -0.149985  0.200038
-135.806  9.45207  286.436  22.9203  22.9085        0
0 0 1
3
  1.70002 -0.300009   1.59996
 112.269 -5.81427   146.47        0        0        0
0 0 1
4
2
 1.59999 0.299921  1.40003
53.2829 2.12662 126.996       0       0       0
0 0 1
5
  0.99997 -0.149985  0.200038
-55.7275 -2.51106  188.759 -15.0966  15.1044        0
0 0 1
3
  1.70002 -0.300008   1.59995
 47.558 2.89717 132.173       0       0       0
0 0 1
4
   1 0.15  0.2
-45.1133 -2.51293  182.369 -14.5895  14.5896        0
0 0 1
3
2
 1.59999 0.299918  1.40001
220.183 35.1295 275.228       0       0       0
0 0 1
3
  1.70002 -0.300022   1.59993
-60.4762  55.9243  75.5952        0        0        0
0 0 1
4
       1 0.150004 0.200017
-159.707 -91.0544  279.473 -22.3586  22.3577        0
0 0 1
4
2
 1.60001 0.299852  1.39999
 32.8443 -10.0073  143.519        0        0        0
0 0 1
3
  1.69999 -0.300058   1.59989
 68.9066 -14.0074  113.478        0        0        0
0 0 1
4
0.999988 0.150031 0.200032
-64.1319  14.0078   196.16  15.6933  15.6918        0
0 0 1
5
  1.10001 -0.149961  0.400009
-37.6182  10.0063   177.14  14.1703  14.1719        0
0 0 1
3
3
  1.69998 -0.300052    1.5999
63.0811  -38.52 163.753       0       0       0
0 0 1
4
0.999988 0.150028 0.200033
-53.3827  23.7035  250.639  20.0522  20.0495        0
0 0 1
5
      1.1 -0.149961   0.40001
-9.69887  14.8167  215.904  17.2715  17.2729        0
0 0 1
4
3
  1.69998 -0.300061   1.59989
 53.8187 -4.12596  126.293        0        0        0
0 0 1
4
0.999996  0.15002 0.200044
-59.3711  4.76167  190.641  13.3051  15.2497        0
0 0 1
5
  1.09998 -0.149948  0.400016
-39.9195  3.49183  179.084  13.3164  14.3273        0
0 0 1
2
 1.69998 0.300008      1.6
 45.4716 -4.12738   134.28        0        0        0
0 0 1
3
3
  1.69997 -0.300069   1.59983
 216.612 -44.7348  270.765        0        0        0
0 0 1
5
  1.09999 -0.149945  0.400028
-169.342  89.6489  295.662  23.6494   23.653        0
0 0 1
2
 1.69998 0.299996  1.59999
-47.2697 -44.9141  63.8692        0        0        0
0 0 1
4
3
  1.69997 -0.300021   1.59982
  68.8157 -0.507185   118.996         0         0         0
0 0 1
5
  1.09999 -0.149952  0.400038
 -67.599 0.507352  195.161  2.21166  15.6126        0
0 0 1
2
 1.69996 0.300036  1.59996
     67.2 -0.507529   120.322         0         0         0
0 0 1
4
 1.09999 0.149995 0.400019
-68.4173 0.508312  195.818  2.20348  15.6654        0
0 0 1
3
3
  1.69997 -0.299977   1.59982
-10.378 27.5716 78.8016       0       0       0
0 0 1
2
1.69995 0.30003 1.59996
190.129 27.7596 237.661       0       0       0
0 0 1
4
 1.09999 0.149993 0.400021
-179.751 -55.3312  313.835 -25.1059  25.1076        0
0 0 1
4
3
  1.69997 -0.299977   1.59982
 81.4692 -10.9015    105.5        0        0        0
0 0 1
2
 1.69995 0.300033  1.59996
  59.177 -10.9076  128.555        0        0        0
0 0 1
4
 1.09999 0.149993 0.400023
-88.6868  12.8873  210.124  16.8117  16.8085        0
0 0 1
5
      1.2 -0.149998  0.600003
-51.9594  8.92196  186.118  14.8896  14.8894        0
0 0 1
3
3
  1.69997 -0.299974    1.5998
 210.318 -62.6809  262.898        0        0        0
0 0 1
2
 1.69996 0.300035  1.59995
-0.509094   -0.8674   1.08425         0         0         0
0 0 1
5
  1.19999 -0.149998  0.599998
-209.809  63.5489  366.315  29.3052   29.305        0
0 0 1
4
3
  1.69997 -0.299974    1.5998
88.6339 7.51498 110.792       0       0       0
0 0 1
2
 1.69997 0.299997  1.59993
 95.119 7.52592 118.899       0       0       0
0 0 1
5
  1.19999 -0.149998  0.599998
-110.452 -7.52015  211.703 -16.9361  16.9362        0
0 0 1
4
 1.2 0.15  0.6
-73.3006 -7.52106  188.903 -15.1123  15.1123        0
0 0 1
3
2
1.69998 0.29996 1.59992
183.716 94.5838 229.644       0       0       0
0 0 1
5
  1.19999 -0.149998  0.599998
-65.8011 -47.2922  194.781 -12.0247  15.5824        0
0 0 1
4
 1.2 0.15  0.6
-117.915 -47.2919  205.872 -12.0203  16.4698        0
0 0 1
4
2
1.69997 0.29997 1.59993
 63.6311 -4.07333  123.748        0        0        0
0 0 1
5
  1.19999 -0.149998  0.599999
-75.3884  4.97894   198.64  3.53761  15.8911        0
0 0 1
4
     1.2 0.149999 0.600001
-72.0791  4.97876  199.694  3.53694  15.9754        0
0 0 1
3
 1.8 -0.3  1.8
 83.8364 -5.88432  108.215        0        0        0
0 0 1
3
2
 1.69995 0.300001  1.59992
213.064 57.5002  266.33       0       0       0
0 0 1
4
1.19998 0.14999 0.60002
-194.846 -76.5234  340.189 -27.2133  27.2146        0
0 0 1
3
  1.79999 -0.299994   1.80002
-18.2195  19.0228  23.7785        0        0        0
0 0 1
4
2
 1.69991 0.300052  1.59991
 81.8938 -4.52872  112.172        0        0        0
0 0 1
4
 1.19998 0.149985 0.600041
-99.0969  6.79506  213.837  1.18013  17.1066        0
0 0 1
3
  1.79997 -0.299989   1.80003
 86.7928 -6.79497  108.491        0        0        0
0 0 1
5
     1.3 -0.15001 0.800025
-69.5909  4.52918  195.798  1.18726  15.6638        0
0 0 1
3
4
 1.19998 0.149985 0.600042
-78.8352  49.0723    254.5 -20.3595  20.3603        0
0 0 1
3
  1.79996 -0.299988   1.80007
 132.077 -77.1064  165.096        0        0        0
0 0 1
5
      1.3 -0.150012  0.800026
-53.2417   28.034  210.703 -16.8565  16.8559        0
0 0 1
4
4
 1.19997 0.149985 0.600035
-88.6823 -1.18237  206.647 -13.7637   16.531        0
0 0 1
3
  1.79997 -0.299989   1.80004
70.9102 1.00176 117.635       0       0       0
0 0 1
5
  1.29998 -0.150009  0.800017
 -67.4604 -0.819343   196.642   -13.762   15.7308         0
0 0 1
2
     1.8 0.300034  1.79998
85.2327 1.00026 109.373       0       0       0
0 0 1
3
3
  1.79997 -0.299998   1.80004
 210.484 -62.0676  263.105        0        0        0
0 0 1
5
  1.29995 -0.150008  0.800016
-207.839  65.5213  362.875  29.0271   29.027        0
0 0 1
2
     1.8 0.300034  1.79998
-2.64534 -3.45351  4.31689        0        0        0
0 0 1
4
3
  1.79997 -0.299983   1.80003
83.7397 5.65125 106.725       0       0       0
0 0 1
5
 1.29994    -0.15 0.800016
-99.8101 -5.64551  214.277 -17.1414  17.1398        0
0 0 1
2
 1.79999 0.300027  1.79995
89.2281 5.64546 111.535       0       0       0
0 0 1
4
     1.3 0.149998 0.800002
-73.1578 -5.65107  197.759  -15.821  15.8203        0
0 0 1
3
3
  1.79996 -0.300064   1.80002
 198.584 -83.7251   248.23        0        0        0
0 0 1
5
 1.29994    -0.15 0.800016
-158.379  41.8874   276.52   -22.12   22.118        0
0 0 1
4
     1.3 0.149998 0.800002
-40.2061  41.8371  105.547 -8.44393  8.44353        0
0 0 1
4
3
  1.79996 -0.300077   1.80003
 71.3188 0.928064  117.668        0        0        0
0 0 1
5
  1.29994 -0.150001  0.800016
-71.1122  -1.1365  198.328  13.4701  15.8657        0
0 0 1
4
     1.3 0.149994 0.800002
-80.4335 -1.13457  202.335  13.4671  16.1868        0
0 0 1
2
     1.9 0.300007  1.99997
80.2268 1.34292 111.966       0       0       0
0 0 1
3
5
  1.29994 -0.149998  0.800014
-15.7782 -15.6618  233.089   18.646  18.6477        0
0 0 1
4
 1.29999 0.149996      0.8
 -77.911 -15.6497  252.161  20.1723  20.1728        0
0 0 1
2
     1.9 0.300011  1.99995
93.6895 31.3121 145.046       0       0       0
0 0 1
4
2
1.89999 0.30002       2
  33.9749 0.0547344   138.863         0         0         0
0 0 1
3
      1.9 -0.299995   1.99998
  33.8003 0.0547282   139.004         0         0         0
0 0 1
4
 1.29998 0.150011 0.800028
  -33.8454 -0.0548581     176.18  -0.238969    14.0942          0
0 0 1
5
  1.29998 -0.150006  0.800067
    -33.93 -0.0546063     176.25  -0.239369    14.0999          0
0 0 1
