2
4
   0.899993    0.150011 2.72273e-05
-9.28992e-07  1.14818e-05      314.463     -4.57036      8.47096            0
0 0 1
5
   0.899991   -0.149991 2.19901e-05
-8.73023e-07  -1.2454e-05      315.834     -4.57036      8.47096            0
0 0 1
3
4
   0.899995    0.150011 3.43953e-05
-62.1185  26.3509  265.573  21.2462  4.39057        0
0 0 1
5
  0.899992  -0.149992 2.9436e-05
10.6761 26.3515  205.84 16.4677 4.39197       0
0 0 1
3
  1.40001 -0.299993   1.00003
 51.4426 -52.7022  158.885        0        0        0
0 0 1
4
4
   0.899997    0.150019 4.65903e-05
-28.9448  1.38459  174.065  8.13005  13.9244        0
0 0 1
5
   0.899995   -0.149984 3.99926e-05
-25.7263   1.3847   171.64  8.12975  13.7303        0
0 0 1
3
  1.40002 -0.300001   1.00006
 30.8239 -1.38468  139.652        0        0        0
0 0 1
2
     1.4 0.349991  1.00001
 23.8474 -1.38446   144.94        0        0        0
0 0 1
3
4
        0.9    0.150025 5.53052e-05
-4.70985 -4.33322  212.021 -16.4564  14.8219        0
0 0 1
5
   0.899998   -0.149979 4.74726e-05
-6.78371 -4.33333  216.958 -16.4564  14.8219        0
0 0 1
2
 1.40001 0.349978  1.00003
11.4939 8.66662 201.319       0       0       0
0 0 1
4
4
        0.9    0.150031 6.90334e-05
-26.1566  3.17231  172.721  9.32548  13.8167        0
0 0 1
5
   0.899999   -0.149975 5.79089e-05
-24.0209   3.1725   169.94  9.32506  13.5942        0
0 0 1
2
 1.40001 0.349959  1.00006
 18.1975 -2.59552  149.139        0        0        0
0 0 1
3
      1.5 -0.299993   1.20004
 31.9802 -3.74905  138.499        0        0        0
0 0 1
3
4
        0.9    0.150036 8.27637e-05
-54.9129  18.6939  252.959  20.2357 -8.73873        0
0 0 1
5
        0.9   -0.149972 6.83427e-05
 15.1831  18.6967  204.201   16.335 -8.73609        0
0 0 1
3
  1.50001 -0.299986   1.20009
   39.73 -37.3903  173.138        0        0        0
0 0 1
4
4
        0.9    0.150048 0.000100259
-32.9241  1.28856   175.92  5.57328  14.0732        0
0 0 1
5
   0.900001   -0.149958 8.06125e-05
-30.8683  1.28878  174.258  5.57256  13.9401        0
0 0 1
3
  1.50001 -0.299982    1.2001
33.9548 -1.2887 138.387       0       0       0
0 0 1
2
     1.5 0.299985  1.20003
 29.8376 -1.28836  141.733        0        0        0
0 0 1
3
4
        0.9    0.150059 0.000117757
 -7.5801 -4.73275  213.386 -16.0293  17.0717        0
0 0 1
5
   0.900001   -0.149945 9.28824e-05
-10.0982 -4.73315  218.164 -16.0293  17.4543        0
0 0 1
2
 1.49999 0.299969  1.20005
17.6783 9.46618 198.748       0       0       0
0 0 1
4
4
   0.900001    0.150062 0.000120579
-30.6122  2.12129  174.696  3.17069  13.9756        0
0 0 1
5
   0.900003   -0.149942 9.46622e-05
-30.6686  2.12145  173.751  3.16995  13.8998        0
0 0 1
2
 1.49999 0.299951  1.20007
25.9825 -1.7949 144.234       0       0       0
0 0 1
3
      1.6 -0.299974   1.40003
 35.2985 -2.44759  137.617        0        0        0
0 0 1
3
4
   0.899993    0.150049 0.000121861
-131.943 -8.92349  287.867 -23.0279  23.0306        0
0 0 1
2
 1.49999 0.299957  1.20006
108.812 3.43541 146.708       0       0       0
0 0 1
3
  1.60001 -0.299959   1.40002
23.1311 5.48782 195.722       0       0       0
0 0 1
4
4
   0.899988    0.150028 0.000124919
-58.2622   3.7268  190.364 -3.29222  15.2292        0
0 0 1
2
 1.49998 0.299996  1.20004
 48.6297 -2.66141  131.978        0        0        0
0 0 1
3
  1.60003 -0.299866   1.40003
 55.6855 -3.72722  125.251        0        0        0
0 0 1
5
  1.00001 -0.150044  0.200026
-46.0523   2.6623  182.704 -3.30137  14.6173        0
0 0 1
3
2
 1.49996 0.300035  1.20001
 1.25737 -15.7528  129.764        0        0        0
0 0 1
3
  1.60006 -0.299766   1.40003
 166.338 -27.4228  207.923        0        0        0
0 0 1
5
  1.00003 -0.150093  0.200056
-167.595  43.1762  292.611  23.4218  23.4008        0
0 0 1
4
2
 1.49995 0.300037  1.20001
 57.0548 -2.71487  126.801        0        0        0
0 0 1
3
  1.60006 -0.299761   1.40001
    71.7 -3.92321  115.847        0        0        0
0 0 1
5
  1.00002 -0.150074  0.200062
-66.5671  3.31931  194.013 -1.30833  15.5221        0
0 0 1
4
0.999993 0.149982 0.200005
-62.1879  3.31879  193.637 -1.28295   15.491        0
0 0 1
3
3
  1.60006 -0.299761   1.40001
 94.6437 -41.6834  146.092        0        0        0
0 0 1
5
  1.00002 -0.150077  0.200066
-58.4992  20.8407  239.889  14.7965  19.1867        0
0 0 1
4
0.999995 0.149978 0.200009
-36.1446  20.8425  244.316  14.8263  19.5438        0
0 0 1
4
3
  1.60008 -0.299663       1.4
 65.3343 -5.37885  118.711        0        0        0
0 0 1
5
  1.00002 -0.150061  0.200066
-52.3657  5.38074  185.959   14.882  14.8725        0
0 0 1
4
0.999999 0.149984 0.200018
-61.0176  5.38058  192.889  15.4324  15.4297        0
0 0 1
2
     1.6 0.300004      1.4
 48.0494 -5.38125  132.739        0        0        0
0 0 1
3
5
  1.00002 -0.150062  0.200066
 -83.226 -29.8301  275.804 -22.0611  11.5722        0
0 0 1
4
0.999999 0.149983 0.200018
 11.0596 -29.8348  206.725 -16.5368  11.6197        0
0 0 1
2
     1.6 0.300002      1.4
72.1664 59.6648 147.769       0       0       0
0 0 1
4
5
  1.00002 -0.150065  0.200066
 -53.9862 -0.264971   187.141  -11.5797   14.9755         0
0 0 1
4
       1 0.149981 0.200018
 -47.2978 -0.265426   183.697  -11.5653   14.6968         0
0 0 1
2
 1.59999 0.299992  1.39999
 49.5409 0.224626  130.158        0        0        0
0 0 1
3
  1.70001 -0.299957   1.59999
 51.7432 0.306065  129.301        0        0        0
0 0 1
3
5
  1.00002 -0.150064  0.200068
-32.9499  8.88629   226.86 -8.09871  18.1519        0
0 0 1
4
      1 0.14998 0.20002
-16.6746  8.88686  224.451 -8.08828   17.957        0
0 0 1
3
  1.70001 -0.299951       1.6
 49.6244 -17.7733  178.986        0        0        0
0 0 1
4
5
  1.00002 -0.150064  0.200068
  -49.7394 -0.0619087    184.706  -0.287163     14.777          0
0 0 1
4
       1 0.149979  0.20002
  -49.6344 -0.0622829    184.627  -0.274597    14.7702          0
0 0 1
3
     1.7 -0.29995  1.60001
  49.5795 0.0621049   130.563         0         0         0
0 0 1
2
     1.7 0.300001      1.6
  49.7943 0.0621034   130.402         0         0         0
0 0 1
3
5
  1.00002 -0.150045  0.200072
-137.425  5.24135  288.313  23.0728  23.0597        0
0 0 1
3
      1.7 -0.299954   1.60001
109.201 -2.6213 149.064       0       0       0
0 0 1
2
     1.7 0.299988      1.6
 28.2242 -2.61965   192.92        0        0        0
0 0 1
4
5
 0.999979 -0.150055  0.200091
-56.2736  -4.7476  188.927 -13.5567  15.1175        0
0 0 1
3
  1.69999 -0.299977   1.60002
42.5717 4.11524 135.888       0       0       0
0 0 1
2
     1.7 0.299999  1.59999
51.2229 4.11474 127.762       0       0       0
0 0 1
4
 1.09999  0.14998 0.400004
-37.5218 -3.48307   177.72 -13.5413   14.217        0
0 0 1
3
5
 0.999984 -0.150037  0.200096
-36.9016  7.52733  229.024  -16.805  18.3252        0
0 0 1
3
  1.69998 -0.300009   1.60001
 42.5828 -12.2304  183.557        0        0        0
0 0 1
4
 1.09999  0.14998 0.400003
-5.68132  4.70297  217.717 -16.7941  17.4165        0
0 0 1
4
5
        1 -0.150029  0.200097
 -43.1801 -0.447243   180.981   9.76379   14.4769         0
0 0 1
3
  1.69998 -0.300011   1.60001
 40.9097 0.334764  135.549        0        0        0
0 0 1
4
 1.10003 0.149986 0.400015
-37.8124 -0.33455  178.143  9.77579  14.2526        0
0 0 1
2
     1.8 0.299997      1.8
 40.0835 0.446967  135.625        0        0        0
0 0 1
3
3
  1.69997 -0.300015   1.60002
 26.478 2.42971 195.007       0       0       0
0 0 1
4
 1.10003 0.149985 0.400017
-133.731 -6.31203  285.046 -22.8065  22.8023        0
0 0 1
2
     1.8 0.300008  1.79999
107.252  3.8824 150.244       0       0       0
0 0 1
4
3
  1.69997 -0.300024   1.60003
46.3939 2.11873 132.909       0       0       0
0 0 1
4
 1.10003 0.149985  0.40002
 -53.4231  -2.50385   186.334 -0.416686    14.907         0
0 0 1
2
 1.79999 0.300033  1.79998
58.3956 2.88936 124.592       0       0       0
0 0 1
5
      1.1 -0.149998  0.400001
 -51.3666  -2.50405   186.463 -0.422333    14.917         0
0 0 1
3
3
  1.69997 -0.300023   1.60003
 178.265 -18.7192  222.832        0        0        0
0 0 1
2
     1.8 0.300012  1.79997
-11.8667 -29.7915  110.704        0        0        0
0 0 1
5
      1.1 -0.149998  0.400001
-166.399  48.5108  296.761  23.7404   23.741        0
0 0 1
4
3
  1.69997 -0.300021   1.60003
55.3191 4.01768 128.862       0       0       0
0 0 1
2
     1.8 0.300007  1.79997
67.0968 5.62521 118.145       0       0       0
0 0 1
5
      1.1 -0.149995  0.400002
-69.2548 -5.62492   196.84 -0.85182   15.747        0
0 0 1
4
     1.2     0.15 0.600005
 -53.1611  -4.01797    186.45 -0.841874   14.9158         0
0 0 1
3
3
  1.69997 -0.300021   1.60003
-10.2419  21.8659  65.6861        0        0        0
0 0 1
2
 1.80001 0.299974  1.79995
194.427 38.0596 243.034       0       0       0
0 0 1
4
     1.2     0.15 0.600005
-184.185  -59.926  321.577 -25.7297  25.7227        0
0 0 1
4
3
  1.69997 -0.300017   1.60002
68.3681  2.2139 120.047       0       0       0
0 0 1
2
    1.8 0.29997 1.79993
81.9083 3.19949 110.313       0       0       0
0 0 1
4
     1.2 0.149997 0.600005
-78.5805 -2.70712  200.945  6.57037  16.0764        0
0 0 1
5
      1.2 -0.150009  0.600003
-71.6957 -2.70643  198.991  6.55209  15.9192        0
0 0 1
3
2
     1.8 0.299986  1.79992
83.7629 47.7277 148.532       0       0       0
0 0 1
4
     1.2 0.149997 0.600005
-30.1876 -23.8639  226.273 -18.1041  18.0996        0
0 0 1
5
      1.2 -0.150009  0.600003
-53.5754 -23.8637  255.493  -20.439  20.4397        0
0 0 1
4
2
    1.8 0.29997 1.79994
 74.549 7.52441 112.298       0       0       0
0 0 1
4
 1.19999 0.149993 0.600004
-56.4849  -7.5257  188.234 -15.0604  15.0568        0
0 0 1
5
      1.2 -0.150012  0.600003
-68.5305 -7.52538  197.897 -15.8314   15.832        0
0 0 1
3
      1.8 -0.299999       1.8
50.4664 7.52645 131.868       0       0       0
0 0 1
3
2
     1.8 0.299999  1.79994
 119.591 -7.42808  149.489        0        0        0
0 0 1
4
 1.19999 0.149993 0.600004
-179.268   14.856  313.163 -25.0547  25.0492        0
0 0 1
3
  1.80001 -0.299982   1.79998
 59.6769 -7.42755  167.645        0        0        0
0 0 1
4
2
     1.8 0.299997  1.79994
 77.5772 -3.95008  115.923        0        0        0
0 0 1
4
     1.2 0.149989 0.600005
-92.0736    4.668  209.653  7.58037  16.7725        0
0 0 1
3
      1.8 -0.299985   1.79998
 78.0443 -3.95035  111.382        0        0        0
0 0 1
5
      1.3 -0.150001       0.8
-63.5479  3.23231  193.339  7.56735  15.4671        0
0 0 1
3
2
     1.8 0.299997  1.79993
 5.61312 -16.8123  21.0154        0        0        0
0 0 1
3
  1.80001 -0.299984   1.79997
200.098 -38.159 250.122       0       0       0
0 0 1
5
  1.29999 -0.149998  0.800001
-205.711  54.9718   359.16  28.7319  28.7327        0
0 0 1
4
2
 1.80001 0.299999  1.79993
 103.16 4.39825  128.95       0       0       0
0 0 1
3
  1.80001 -0.299987   1.79996
99.2764 4.39989 124.095       0       0       0
0 0 1
5
  1.29999 -0.149999  0.800001
-111.995 -4.39864  195.536 -15.6428  15.6424        0
0 0 1
4
     1.3 0.149999 0.799998
-90.4415 -4.39953  181.716 -14.5373  14.5373        0
0 0 1
3
3
  1.79999 -0.300006   1.79997
 198.817 -84.7072  248.521        0        0        0
0 0 1
5
  1.29998 -0.150013  0.799998
 -157.04  42.3584  274.182 -21.9335  21.9345        0
0 0 1
4
 1.29999 0.149986 0.799995
-41.7781  42.3486  107.594 -8.60726  8.60779        0
0 0 1
4
3
  1.79999 -0.300012   1.79996
53.8364 6.04476 130.416       0       0       0
0 0 1
5
  1.29998 -0.150013  0.799998
-67.9097 -7.38838    197.8 -15.4753   15.824        0
0 0 1
4
 1.29999 0.149986 0.799995
-66.6871 -7.38851  193.188 -15.4544  15.4554        0
0 0 1
2
1.9 0.3   2
80.7603  8.7321 108.894       0       0       0
0 0 1
3
5
  1.29998 -0.150013  0.799999
-56.0227 -24.7504  257.444 -20.5948  20.5957        0
0 0 1
4
 1.29999 0.149986 0.799995
-29.9456 -24.7517  226.241 -18.0986  18.0997        0
0 0 1
2
 1.90001 0.299986  2.00002
85.9683 49.5019 146.612       0       0       0
0 0 1
4
2
1.89999 0.30002       2
  33.9749 0.0547309   138.863         0         0         0
0 0 1
3
      1.9 -0.299995   1.99998
  33.8001 0.0547248   139.005         0         0         0
0 0 1
4
 1.29998 0.150011 0.800028
  -33.8454 -0.0548244     176.18   -0.23902    14.0942          0
0 0 1
5
  1.29998 -0.150006  0.800067
  -33.9301 -0.0545725     176.25   -0.23942    14.0999          0
0 0 1
