2
4
   0.899993    0.150011 2.72273e-05
-9.28992e-07  1.14818e-05      314.463     -4.57036      8.47096            0
0 0 1
5
   0.899991   -0.149991 2.19901e-05
-8.73023e-07  -1.2454e-05      315.834     -4.57036      8.47096            0
0 0 1
3
4
   0.899995    0.150013 3.71985e-05
-20.1582  14.3866  233.092  17.6795  18.6454        0
0 0 1
5
   0.899992    -0.14999 3.16469e-05
-35.4417   14.387  227.819  17.6789  18.2235        0
0 0 1
3
  1.40001 -0.299987   1.00004
    55.6 -28.7733  169.386        0        0        0
0 0 1
4
4
   0.899994    0.150013 3.83271e-05
 -23.7236 0.0098777   170.791 0.0364482   13.6632         0
0 0 1
5
   0.899992    -0.14999 3.27899e-05
  -23.7117 0.00993216    170.779  0.0366325    13.6622          0
0 0 1
3
  1.40001 -0.299992   1.00004
    23.7307 -0.00989646     144.352           0           0           0
0 0 1
2
     1.4 0.300004        1
    23.7046 -0.00989538     144.376           0           0           0
0 0 1
3
4
   0.899994    0.150014 3.94606e-05
 3.06901 -9.59612  208.623 -16.6895  3.49655        0
0 0 1
5
   0.899992   -0.149989 3.39367e-05
-22.3483 -9.59624  229.833 -18.3862  3.49766        0
0 0 1
2
     1.4 0.300007  1.00001
19.2793 19.1924 191.842       0       0       0
0 0 1
4
4
   0.899994    0.150014 4.15877e-05
-31.0146  3.10673  175.616  5.85911  14.0485        0
0 0 1
5
   0.899992   -0.149989 3.58146e-05
-30.886 3.10683 173.868 5.85982 13.9087       0
0 0 1
2
     1.4 0.300009  1.00001
 25.1936 -2.54186   144.98        0        0        0
0 0 1
3
      1.5 -0.300003   1.20002
 36.707 -3.6717 135.834       0       0       0
0 0 1
3
4
   0.899994    0.150014 4.37137e-05
-40.5162  14.4731  241.838  19.3473  4.87783        0
0 0 1
5
   0.899992    -0.14999 3.76915e-05
5.76624 14.4736 208.057 16.6451 4.87648       0
0 0 1
3
  1.49999 -0.300007   1.20004
 34.7499 -28.9467  180.403        0        0        0
0 0 1
4
4
   0.899991    0.150016 8.97599e-05
 -33.1889  -0.08423   175.804 -0.375747   14.0642         0
0 0 1
5
   0.899989   -0.149976 7.69976e-05
  -33.3284 -0.0843086    175.915  -0.375313    14.0731          0
0 0 1
3
  1.49998 -0.300026   1.20005
  33.1211 0.0842916   139.402         0         0         0
0 0 1
2
 1.49999 0.300002      1.2
  33.3958 0.0842684   139.178         0         0         0
0 0 1
3
4
   0.899988    0.150019 0.000135826
 -1.8224 -8.69479  211.012 -16.8799  13.2042        0
0 0 1
5
   0.899987   -0.149962 0.000116316
-22.5822 -8.69598  227.807 -18.2235  13.2045        0
0 0 1
2
 1.49998 0.300004      1.2
24.4043 17.3908 191.479       0       0       0
0 0 1
4
4
   0.899989    0.150023 0.000140984
 -31.308  1.07321  174.911 -1.85855  13.9929        0
0 0 1
5
   0.899988   -0.149958 0.000119435
-33.4129  1.07299  175.464 -1.85847  14.0371        0
0 0 1
2
 1.49998 0.299984  1.20002
  29.4855 -0.907899   141.895         0         0         0
0 0 1
3
     1.6 -0.29999  1.40002
35.2354 -1.2382 138.029       0       0       0
0 0 1
3
4
    0.89999    0.150027 0.000146141
-21.8598  7.44666  225.732  18.0595  14.8179        0
0 0 1
5
   0.899989   -0.149954 0.000122554
-3.92529  7.44754  212.064  16.9661   14.818        0
0 0 1
3
      1.6 -0.299979   1.40004
 25.7851 -14.8941  192.502        0        0        0
0 0 1
4
4
  0.900001   0.150028 0.00018516
   -29.45 -0.338259   173.376  -1.53924   13.8702         0
0 0 1
5
   0.899995   -0.149945 0.000162919
  -30.082 -0.338437   173.834  -1.53923   13.9068         0
0 0 1
3
      1.6 -0.299952       1.4
  29.136 0.338763  142.004        0        0        0
0 0 1
2
 1.59998 0.300061  1.39996
 30.3962 0.338754  141.084        0        0        0
0 0 1
3
4
   0.900003     0.15001 0.000208017
 6.18966 -10.5692  207.919 -16.6334  1.40739        0
0 0 1
5
   0.899996   -0.149954 0.000191883
-34.9433 -10.5703   235.11 -18.8085  1.40748        0
0 0 1
2
 1.59997 0.300081  1.39995
28.7535 21.1394 187.269       0       0       0
0 0 1
4
4
  0.900003    0.15001 0.00020819
-31.878 2.84184 175.154 7.89269 14.0111       0
0 0 1
5
   0.899995   -0.149951 0.000199989
-29.4148  2.84164  172.801  7.89284  13.8229        0
0 0 1
2
 1.59996 0.300063  1.39994
 24.0945 -2.46271  145.584        0        0        0
0 0 1
3
  1.70001 -0.299988   1.59999
 37.1984 -3.22081  136.757        0        0        0
0 0 1
3
4
   0.900003     0.15001 0.000208706
-123.468  -34.624  277.526 -22.1984   22.205        0
0 0 1
2
 1.59995 0.300062  1.39993
136.444 13.8525 170.555       0       0       0
0 0 1
3
  1.70001 -0.299986   1.59999
-12.9763  20.7714  182.216        0        0        0
0 0 1
4
4
   0.900011    0.150007 0.000209626
-41.2388 -2.28969  179.788 -14.3809   14.385        0
0 0 1
2
 1.59996 0.300065  1.39993
45.7968 1.71931   131.8       0       0       0
0 0 1
3
  1.70001 -0.299982   1.59998
35.8412 2.29174 138.496       0       0       0
0 0 1
5
  1.00004 -0.150013  0.200012
-40.3983 -1.72131  180.214 -14.4164  14.4185        0
0 0 1
3
2
 1.59995 0.300066  1.39993
45.9502 4.13513 179.135       0       0       0
0 0 1
3
  1.70001 -0.299981   1.59999
90.4658 6.61821  164.32       0       0       0
0 0 1
5
  1.00006 -0.150004  0.200027
-136.416 -10.7532  286.843 -1.96338  22.9491        0
0 0 1
4
2
 1.59995 0.300046  1.39994
57.4743 1.27069 125.142       0       0       0
0 0 1
3
  1.70001 -0.299975   1.59998
55.7039 1.73121 127.409       0       0       0
0 0 1
5
  1.00006 -0.150004  0.200027
 -61.385 -1.50171   191.58 -15.3266  15.3277        0
0 0 1
4
   1 0.15  0.2
-51.7933 -1.50029  186.166 -14.8933  14.8933        0
0 0 1
3
2
 1.59995 0.300042  1.39994
93.9449 -6.3453  162.99       0       0       0
0 0 1
3
  1.69999 -0.300005   1.59999
 55.5812 -10.1571  170.742        0        0        0
0 0 1
4
0.999999 0.150002 0.200002
-149.526  16.5021  296.566 -23.7253  23.7252        0
0 0 1
4
2
 1.59996 0.299944  1.39992
 57.9859 -1.36731  126.095        0        0        0
0 0 1
3
  1.69999 -0.300009   1.59999
 59.4583 -1.91445  123.718        0        0        0
0 0 1
4
0.999997 0.149999 0.200002
-63.9819  1.91388  193.262  -12.358  15.4609        0
0 0 1
5
1.09999   -0.15     0.4
-53.4623   1.3671  187.222   -12.36  14.9778        0
0 0 1
3
3
  1.69999 -0.300012   1.59998
 70.7044 -30.9483  163.219        0        0        0
0 0 1
4
0.999995 0.149995 0.200001
-32.8896  19.0442  237.637 -6.13309   19.011        0
0 0 1
5
 1.09998    -0.15 0.399999
-37.8148  11.9034  229.441  -6.1368  18.3553        0
0 0 1
4
3
  1.69999 -0.300013   1.59996
32.9726 7.54022 141.178       0       0       0
0 0 1
4
0.999995 0.149995 0.200001
-48.6753 -8.70124  183.587 -14.6868  14.6869        0
0 0 1
5
 1.09998    -0.15 0.399999
-49.7813  -6.3803  187.571 -15.0046  15.0061        0
0 0 1
2
1.7 0.3 1.6
65.4841 7.54132 117.962       0       0       0
0 0 1
3
3
  1.69998 -0.300028   1.59995
57.8722 3.54894 180.882       0       0       0
0 0 1
5
  1.09998 -0.150005  0.400018
-86.6299 -7.09743  259.295  15.3927  20.7424        0
0 0 1
2
 1.69998 0.299992  1.60001
28.7568  3.5482  190.12       0       0       0
0 0 1
4
3
  1.69994 -0.300063   1.59991
   67.771 -0.339465    119.66         0         0         0
0 0 1
5
      1.1 -0.149988  0.400047
-66.9761 0.339897  194.839  1.45121  15.5868        0
0 0 1
2
 1.69997 0.299982  1.59998
  66.7145 -0.339509   120.528         0         0         0
0 0 1
4
 1.10002 0.150057 0.400043
-67.5097 0.339387   195.27  1.46481  15.6221        0
0 0 1
3
5
      1.1 -0.149991  0.400046
-41.0534 -20.0709  246.085 -19.6858  19.6876        0
0 0 1
2
 1.69994 0.300032  1.59999
78.4435  40.143 154.803       0       0       0
0 0 1
4
 1.10001 0.150045 0.400041
-37.3908 -20.0718  229.409 -18.3541  18.3517        0
0 0 1
4
5
     1.1    -0.15 0.400046
-59.5553  -2.3735  190.858 -15.2669  15.2696        0
0 0 1
2
 1.69993 0.300048  1.59999
56.6377 2.00952 125.164       0       0       0
0 0 1
4
 1.10001  0.15002 0.400039
-48.7312  -2.3742   184.43 -14.7541  14.7547        0
0 0 1
3
  1.79999 -0.300005   1.80001
51.6484 2.73787 129.845       0       0       0
0 0 1
3
5
     1.1    -0.15 0.400046
8.20946 20.5446 207.958 16.6375  9.1607       0
0 0 1
4
 1.10001  0.15002 0.400039
-66.6543  20.5488  258.277  20.6623  9.15083        0
0 0 1
3
  1.79999 -0.300006   1.80001
 58.4449 -41.0933  164.062        0        0        0
0 0 1
4
5
     1.1    -0.15 0.400046
-35.6134  8.73669  176.505  14.1214   14.119        0
0 0 1
4
 1.10001  0.15002 0.400039
-51.9236  8.73758  188.254  15.0606  15.0599        0
0 0 1
3
    1.8    -0.3 1.79999
 60.0785 -8.73712  120.869        0        0        0
0 0 1
2
     1.8 0.300058  1.79999
 27.4586 -8.73667  144.669        0        0        0
0 0 1
3
5
      1.1 -0.150005   0.40005
-12.6448 -6.65106  220.787  4.87904  17.6625        0
0 0 1
4
 1.10001 0.150015  0.40004
-24.1262 -6.65054  222.242  4.88078  17.7792        0
0 0 1
2
     1.8 0.300062  1.79999
36.7707 13.3015 187.269       0       0       0
0 0 1
4
5
      1.1 -0.150005   0.40005
-41.3379  -2.8114  180.371 -14.4282  14.4307        0
0 0 1
4
 1.10001 0.150015  0.40004
-31.7684 -2.81205  174.535 -13.9624  13.9632        0
0 0 1
2
     1.8 0.300049      1.8
41.2496 2.43682 134.222       0       0       0
0 0 1
3
 1.9 -0.3    2
31.8568 3.18654 141.168       0       0       0
0 0 1
3
5
      1.1 -0.150005   0.40005
-102.68 6.37355 266.767 21.3427 21.3389       0
0 0 1
2
 1.79999 0.300039      1.8
 17.5938 -2.55003  200.552        0        0        0
0 0 1
3
      1.9 -0.299993   1.99999
 85.0857 -3.82356  162.979        0        0        0
0 0 1
4
5
      1.1 -0.150005   0.40005
-42.5196 -2.05826   180.62 -11.6085  14.4504        0
0 0 1
2
 1.79999 0.300038      1.8
35.2781 1.54408 137.737       0       0       0
0 0 1
3
      1.9 -0.299993   1.99999
34.3916 2.05839 139.724       0       0       0
0 0 1
4
 1.2 0.15  0.6
-27.1501 -1.54423  172.216 -11.6054  13.7773        0
0 0 1
3
2
 1.79999 0.300036  1.80001
161.074 19.5646 201.343       0       0       0
0 0 1
3
      1.9 -0.299993   1.99999
-21.0131  31.2636  144.309        0        0        0
0 0 1
4
 1.2 0.15  0.6
-140.061 -50.8284  284.646 -22.7713  22.7716        0
0 0 1
4
2
 1.79998 0.300061  1.79998
 41.6097 -2.48569  135.746        0        0        0
0 0 1
3
      1.9 -0.299987   2.00001
 54.8929 -3.38976  126.392        0        0        0
0 0 1
4
     1.2     0.15 0.600002
 -47.86 2.93782 184.559  3.2137 14.7646       0
0 0 1
5
      1.2 -0.149999       0.6
-48.6428  2.93782  183.601  3.21421   14.688        0
0 0 1
3
2
 1.79996 0.300085  1.79996
 13.4569 -7.09017  194.096        0        0        0
0 0 1
3
 1.89999 -0.29998  2.00002
 121.704 -11.3469   152.13        0        0        0
0 0 1
5
      1.2 -0.149999  0.600001
-135.161  18.4373  284.071  22.7265  22.7247        0
0 0 1
4
2
 1.79996 0.300101  1.79993
  44.9713 -0.260488   132.469         0         0         0
0 0 1
3
  1.89999 -0.299952   2.00003
  56.1309 -0.364593   126.578         0         0         0
0 0 1
5
      1.2 -0.149999  0.600001
-60.4013 0.364854  190.441 -4.23124  15.2354        0
0 0 1
4
     1.3 0.149998      0.8
-40.7012 0.260637  180.809 -4.22867  14.4648        0
0 0 1
3
2
 1.79995 0.300116   1.7999
207.305 30.5742 259.131       0       0       0
0 0 1
3
  1.89999 -0.299924   2.00005
-29.3949  48.4364  60.5455        0        0        0
0 0 1
4
     1.3 0.149997 0.800001
 -177.91 -79.0106  310.621 -24.8491  24.8499        0
0 0 1
4
2
 1.79994 0.300115   1.7999
 60.6498 -4.06704  125.455        0        0        0
0 0 1
3
  1.89998 -0.299937   2.00004
 80.6463 -5.87592  110.036        0        0        0
0 0 1
4
     1.3 0.150003 0.800003
-69.2199  4.97141  198.041  4.27907  15.8432        0
0 0 1
5
     1.3    -0.15 0.800001
-72.0763  4.97147  196.765  4.27999  15.7412        0
0 0 1
3
3
  1.89998 -0.299938   2.00004
  100.68 -31.1607  139.212        0        0        0
0 0 1
4
     1.3 0.150003 0.800003
-12.0005  15.5802  232.385 -18.5907  18.5908        0
0 0 1
5
     1.3    -0.15 0.800001
-88.6794  15.5805    258.7 -20.6961  20.6959        0
0 0 1
4
2
1.89999 0.30002       2
  33.9749 0.0547727   138.863         0         0         0
0 0 1
3
      1.9 -0.299995   1.99998
  33.8004 0.0547666   139.004         0         0         0
0 0 1
4
 1.29998 0.150011 0.800028
  -33.8455 -0.0548791     176.18  -0.238925    14.0942          0
0 0 1
5
  1.29998 -0.150006  0.800067
    -33.93 -0.0546273     176.25  -0.239324    14.0999          0
0 0 1
