2
4
   0.899993    0.150011 2.72273e-05
-9.28992e-07  1.14818e-05      314.463     -4.57036      8.47096            0
0 0 1
5
   0.899991   -0.149991 2.19901e-05
-8.73023e-07  -1.2454e-05      315.834     -4.57036      8.47096            0
0 0 1
3
4
   0.899994    0.150011 3.26281e-05
-20.4052  9.97523  228.832  18.3082  18.3048        0
0 0 1
5
   0.899991   -0.149991 2.74131e-05
-5.28858  9.97546  212.505   17.002  16.9988        0
0 0 1
3
      1.4 -0.299986   1.00002
 25.6937 -19.9505   188.96        0        0        0
0 0 1
4
4
   0.899994     0.15001 3.32662e-05
 -23.5622 -0.105076   170.669 -0.447518   13.6535         0
0 0 1
5
   0.899991   -0.149992 2.82198e-05
  -23.703 -0.105034   170.802 -0.447241   13.6641         0
0 0 1
3
      1.4 -0.299989   1.00002
23.4924 0.10505 144.547       0       0       0
0 0 1
2
     1.4 0.300001        1
 23.7727 0.105044   144.28        0        0        0
0 0 1
3
4
   0.899993     0.15001 3.39062e-05
  3.5368 -10.0176  208.432 -16.6743  2.87381        0
0 0 1
5
   0.899991   -0.149992 2.90291e-05
-23.4409 -10.0177  230.794 -18.4632  2.87513        0
0 0 1
2
     1.4 0.300003        1
19.9041 20.0353 191.072       0       0       0
0 0 1
4
4
   0.899994     0.15001 3.61716e-05
-28.8875  2.56497  174.275  3.98069  13.9414        0
0 0 1
5
   0.899992   -0.149992 3.12414e-05
-29.2953  2.56505  173.087  3.98146  13.8465        0
0 0 1
2
     1.4 0.300011  1.00001
 24.2094 -2.09856  145.308        0        0        0
0 0 1
3
      1.5 -0.299995   1.20002
 33.9735 -3.03133  137.628        0        0        0
0 0 1
3
4
   0.899981    0.150022 6.40095e-05
-18.4782  10.6424  227.356  7.90318  18.1877        0
0 0 1
5
   0.899983   -0.149982 4.39041e-05
-29.6991  10.6426  224.999  7.90421  17.9993        0
0 0 1
3
  1.49999 -0.300001   1.20004
 48.1766 -21.2843  177.944        0        0        0
0 0 1
4
4
   0.899975     0.15005 8.47748e-05
-42.2932 -1.20117  180.731   -5.217  14.4585        0
0 0 1
5
   0.899981    -0.14997 4.50573e-05
-44.2236 -1.20103  182.285 -5.21655  14.5828        0
0 0 1
3
1.49999    -0.3 1.20005
41.3323 1.20145 135.206       0       0       0
0 0 1
2
     1.5 0.299995  1.20001
45.1845 1.20117 132.076       0       0       0
0 0 1
3
5
   0.899979   -0.149958 4.62474e-05
-130.584 -2.82497  285.143  22.8113    22.81        0
0 0 1
3
  1.49999 -0.299998   1.20005
95.1029 1.41135 158.733       0       0       0
0 0 1
2
     1.5 0.299989  1.20002
35.4808 1.41403 186.422       0       0       0
0 0 1
4
5
   0.899971   -0.149965 4.99658e-05
-55.7015  4.90101  187.784  15.0227  15.0218        0
0 0 1
3
  1.49999 -0.299996   1.20003
 61.2413 -4.14857  121.191        0        0        0
0 0 1
2
     1.5 0.299993  1.20001
41.4136 -4.1476 135.628       0       0       0
0 0 1
4
 1.00001 0.150005 0.200012
-46.953 3.39526 185.694  14.855 14.8561       0
0 0 1
3
5
    0.89997   -0.149965 4.98087e-05
-39.3725 -30.6826  251.422  20.1143  20.1132        0
0 0 1
2
1.5 0.3 1.2
102.418 48.2075 135.246       0       0       0
0 0 1
4
 1.00001 0.150005 0.200011
-63.0459 -17.5249  243.629  19.4896  19.4912        0
0 0 1
4
5
    0.89997   -0.149965 4.98176e-05
-68.8968  4.07503  194.507  8.73473  15.5597        0
0 0 1
2
 1.49999 0.299936      1.2
 48.0893 -2.91135  131.899        0        0        0
0 0 1
4
 1.00001 0.150005 0.200012
-50.7137  2.91161  187.203  8.74057  14.9766        0
0 0 1
3
      1.6 -0.300011   1.39999
  71.521 -4.07591  116.689        0        0        0
0 0 1
3
5
    0.89997   -0.149965 4.98262e-05
-44.4565  18.6266  232.865  18.6291  18.6282        0
0 0 1
4
 1.00001 0.150005 0.200012
-29.674 11.6432 235.908 18.8717 18.8735       0
0 0 1
3
  1.59999 -0.300021   1.39999
 74.1304 -30.2705  161.524        0        0        0
0 0 1
4
5
    0.89997   -0.149941 6.50728e-05
-46.8449 -17.3243   187.59 -15.0084  15.0059        0
0 0 1
4
       1 0.149991 0.200016
-13.1303  -12.708  164.101 -13.1284  13.1276        0
0 0 1
3
  1.59998 -0.300057   1.39997
5.48998 15.0158 158.484       0       0       0
0 0 1
2
     1.6 0.299989  1.40001
 54.485 15.0163 120.123       0       0       0
0 0 1
3
4
       1 0.149992 0.200013
-159.634  18.6639  302.073 -12.0503  24.1655        0
0 0 1
3
  1.59998 -0.300056   1.39997
   58.58 -9.33189  167.728        0        0        0
0 0 1
2
 1.59998 0.300068  1.40001
 101.054 -9.33142  160.496        0        0        0
0 0 1
4
4
0.999996 0.149964 0.200013
-49.5633  -2.6193   184.56 -11.3407   14.765        0
0 0 1
3
  1.59999 -0.300068       1.4
47.4704 2.61871 132.301       0       0       0
0 0 1
2
 1.59998 0.300067  1.40001
55.8404 2.61887 125.497       0       0       0
0 0 1
5
 0.99999 -0.15003 0.200006
-53.7475 -2.61917   187.94 -11.3409  15.0355        0
0 0 1
3
4
0.999995 0.149945 0.200017
-21.1541   11.758  229.461  13.6773  18.3556        0
0 0 1
3
 1.59997 -0.30011      1.4
 51.7365 -23.5173  175.453        0        0        0
0 0 1
5
0.999986 -0.15005 0.200014
-30.5825  11.7585  225.383  13.6777  18.0295        0
0 0 1
4
4
0.999982 0.149926 0.200041
  -48.8367 -0.0785646    184.216    9.08731    14.7347          0
0 0 1
3
  1.59995 -0.300157   1.39999
  44.5183 0.0663397   133.102         0         0         0
0 0 1
5
 0.999986 -0.150039  0.200031
  -43.3044 -0.0786333    181.503     9.0953    14.5191          0
0 0 1
2
 1.69997 0.300077  1.59998
   47.622 0.0910174   131.476         0         0         0
0 0 1
3
4
0.999997 0.149906 0.200074
-37.9913 -12.1063  229.362 -4.25664  18.3498        0
0 0 1
5
  1.00001 -0.150012  0.200036
-24.9755 -12.1068  230.625 -4.24613  18.4503        0
0 0 1
2
 1.69996 0.300102  1.59999
62.9671 24.2132 170.311       0       0       0
0 0 1
4
4
0.999989 0.149907 0.200074
-44.2708 -1.01461  181.499 -4.60206  14.5209        0
0 0 1
5
 0.999992 -0.150017  0.200035
-46.1557 -1.01526  182.866 -4.59379  14.6295        0
0 0 1
2
 1.69997 0.300077      1.6
 47.097 1.01478 131.591       0       0       0
0 0 1
3
  1.70001 -0.300017   1.59998
43.3297 1.01444 134.341       0       0       0
0 0 1
3
4
0.999989 0.149907 0.200074
-14.4506   7.8566   222.63 -9.05578  17.8128        0
0 0 1
5
 0.999992 -0.150017  0.200035
 -29.976  7.85569  225.325 -9.04897  18.0268        0
0 0 1
3
  1.70001 -0.300036   1.59998
 44.4266 -15.7124  182.343        0        0        0
0 0 1
4
4
0.999988 0.149896  0.20008
-39.7908   1.5158  179.133  13.5776  14.3265        0
0 0 1
5
 0.999991 -0.150018  0.200036
-32.8557  1.51607  175.083  13.5838  14.0051        0
0 0 1
3
  1.70001 -0.300037   1.59998
 38.4189 -1.31355  136.386        0        0        0
0 0 1
2
     1.8 0.300001  1.80001
 34.2276 -1.71849  139.696        0        0        0
0 0 1
3
4
0.999988 0.149885 0.200086
-113.909  5.57128  272.699 -10.5985  21.8183        0
0 0 1
3
  1.70001 -0.300038   1.59998
 35.5543 -2.22917  187.827        0        0        0
0 0 1
2
     1.8 0.300002  1.80001
 78.3546 -3.34228  169.772        0        0        0
0 0 1
4
4
0.999988 0.149885 0.200093
-41.3463  -1.7258  179.432 -3.47545  14.3553        0
0 0 1
3
      1.7 -0.300046   1.59997
30.5204 1.29466 141.441       0       0       0
0 0 1
2
 1.79999 0.300012      1.8
42.5241 1.72644 134.145       0       0       0
0 0 1
5
      1.1 -0.150002   0.40001
-31.6986  -1.2953   175.28 -3.46395  14.0223        0
0 0 1
3
3
      1.7 -0.300046   1.59997
 156.414 -21.9696  195.518        0        0        0
0 0 1
2
 1.79999 0.300012      1.8
-31.8776 -35.1915   158.23        0        0        0
0 0 1
5
      1.1 -0.150003   0.40001
-124.536  57.1612   276.55  22.1234  22.1243        0
0 0 1
4
3
      1.7 -0.300084   1.59999
38.0521 4.02686 138.387       0       0       0
0 0 1
2
 1.79999 0.300012      1.8
57.6991 5.49141 124.171       0       0       0
0 0 1
5
      1.1 -0.150003  0.400011
-49.1039 -4.75918  185.572 -11.4162  14.8454        0
0 0 1
4
 1.1 0.15  0.4
-46.6475 -4.75937  182.168 -11.4173  14.5735        0
0 0 1
3
2
 1.79999 0.299991  1.80001
62.2254 23.2493 170.822       0       0       0
0 0 1
5
  1.10002 -0.150006  0.400027
-23.1325 -11.6246  229.486  1.68669  18.3589        0
0 0 1
4
 1.10001 0.149983 0.400007
-39.0925 -11.6248  229.989   1.6859  18.3992        0
0 0 1
4
2
 1.79998 0.299986  1.80001
 36.8975 -4.83673  138.867        0        0        0
0 0 1
5
  1.10002 -0.150003  0.400027
-41.4111  4.83619  179.617  14.3693  14.3696        0
0 0 1
4
 1.10001 0.149983 0.400007
-50.4422  4.83657  186.122  14.8901  14.8897        0
0 0 1
3
      1.8 -0.299981       1.8
 54.9559 -4.83583  125.691        0        0        0
0 0 1
3
5
 1.10002    -0.15 0.400028
8.54972 19.1938 207.684 16.6146  7.0827       0
0 0 1
4
 1.10001 0.149983 0.400007
-62.5739  19.1962   255.28  20.4227  7.08664        0
0 0 1
3
  1.80001 -0.299961       1.8
 54.0242 -38.3898  167.333        0        0        0
0 0 1
4
5
  1.10002 -0.149984  0.400026
-24.5097   6.2002   170.66  13.6521  13.6535        0
0 0 1
4
 1.10001 0.149994 0.400007
-40.4976  6.20074  181.002  14.4801  14.4804        0
0 0 1
3
  1.80003 -0.299868       1.8
 44.1544 -5.37253  131.012        0        0        0
0 0 1
2
    1.9 0.29999 1.99998
20.8534 -7.0272 147.623       0       0       0
0 0 1
3
5
  1.10001 -0.149996  0.400031
-106.213 -5.99222  270.115  21.6078  21.6104        0
0 0 1
3
  1.80004 -0.299847   1.79999
72.0889 2.39953 172.394       0       0       0
0 0 1
2
 1.89998 0.300017  1.99997
34.1238 3.59292 187.788       0       0       0
0 0 1
4
5
  1.10001 -0.149995  0.400031
-46.4554 -2.46029  183.071  2.11144  14.6457        0
0 0 1
3
  1.80004 -0.299846   1.79999
 39.119 1.84562 137.112       0       0       0
0 0 1
2
 1.89998 0.300032  1.99996
44.9008 2.46012 132.379       0       0       0
0 0 1
4
     1.2 0.150001      0.6
-37.5644 -1.84526  177.736  2.10883  14.2189        0
0 0 1
3
3
  1.80001 -0.299878   1.79999
25.9971 2.83195 195.475       0       0       0
0 0 1
2
 1.89997 0.300002  1.99998
110.448 4.53573 148.154       0       0       0
0 0 1
4
 1.19999 0.149979 0.600011
-136.446 -7.36871  286.669 -22.9314  22.9346        0
0 0 1
4
3
  1.80002 -0.299809   1.79999
48.1677 1.79366 131.772       0       0       0
0 0 1
2
 1.89998 0.300011  1.99993
 58.866 2.44556 124.467       0       0       0
0 0 1
4
 1.19999 0.149988 0.600016
-54.9574 -2.11918   187.26  1.54163  14.9805        0
0 0 1
5
  1.20001 -0.150004  0.600007
-52.0752  -2.1192  186.798  1.54414  14.9439        0
0 0 1
3
3
  1.80002 -0.299808   1.79999
 150.538 -15.1559  188.173        0        0        0
0 0 1
2
 1.89999 0.300008  1.99992
-7.81044 -24.2477  154.092        0        0        0
0 0 1
5
  1.20001 -0.150004  0.600007
-142.728  39.4038  288.033   23.043  23.0426        0
0 0 1
4
3
  1.80002 -0.299808   1.79999
34.7881 2.67132  139.77       0       0       0
0 0 1
2
 1.89998 0.300026  1.99993
42.7244 3.73942 132.598       0       0       0
0 0 1
5
  1.20001 -0.150003  0.600007
-43.9706 -3.73947  182.351  -1.1919  14.5881        0
0 0 1
4
 1.3 0.15  0.8
-33.5421 -2.67114  175.578 -1.19145  14.0462        0
0 0 1
3
3
  1.79997 -0.299835   1.79997
-23.5287  26.7699  53.7494        0        0        0
0 0 1
2
 1.89993 0.300109  1.99994
206.153 46.9145 257.692       0       0       0
0 0 1
4
     1.3 0.150003 0.800019
-182.627 -73.6841  318.856  -25.508   25.509        0
0 0 1
4
3
  1.79995 -0.299836   1.79995
68.2359 2.51904 120.282       0       0       0
0 0 1
2
1.89993  0.3001 1.99993
 82.868 3.63838 109.609       0       0       0
0 0 1
4
     1.3 0.150004 0.800027
-78.7614 -3.07846  200.965  5.10161  16.0772        0
0 0 1
5
  1.30003 -0.149949  0.800021
-72.3424 -3.07862   199.44  5.11616  15.9561        0
0 0 1
3
2
 1.89993 0.300107  1.99993
101.536 42.4507 141.504       0       0       0
0 0 1
4
 1.29999 0.149955 0.800036
-67.4565 -21.2268  244.784  2.55764  19.5818        0
0 0 1
5
  1.30002 -0.149963  0.800023
-34.0798 -21.2246   244.01  2.58729  19.5212        0
0 0 1
4
2
1.89999 0.30002       2
  33.9753 0.0546944   138.863         0         0         0
0 0 1
3
      1.9 -0.299995   1.99998
  33.8008 0.0546883   139.005         0         0         0
0 0 1
4
 1.29998 0.150011 0.800028
  -33.8453 -0.0549959     176.18  -0.238929    14.0943          0
0 0 1
5
  1.29998 -0.150006  0.800067
 -33.9298 -0.054744    176.25 -0.239329   14.0999         0
0 0 1
