2
4
   0.899993    0.150011 2.72273e-05
-9.28992e-07  1.14818e-05      314.463     -4.57036      8.47096            0
0 0 1
5
   0.899991   -0.149991 2.19901e-05
-8.73023e-07  -1.2454e-05      315.834     -4.57036      8.47096            0
0 0 1
3
4
   0.899995    0.150012 3.52099e-05
-39.9756  17.1434  245.739  19.6596  5.91962        0
0 0 1
5
   0.899993   -0.149991 2.97238e-05
5.63202  17.144 207.748 16.6205 5.92058       0
0 0 1
3
  1.40002 -0.299993   1.00003
 34.3438 -34.2872  176.811        0        0        0
0 0 1
4
4
   0.899996    0.150013 3.61409e-05
-23.5451 0.103949   170.71 0.433414  13.6567        0
0 0 1
5
   0.899994   -0.149991 3.07806e-05
-23.4079 0.104009   170.58  0.43361  13.6463        0
0 0 1
3
  1.40002 -0.299998   1.00003
  23.6148 -0.103982   144.372         0         0         0
0 0 1
2
     1.4 0.300002        1
  23.3383 -0.103974   144.635         0         0         0
0 0 1
3
4
   0.899996    0.150013 3.70695e-05
 2.83978 -9.24873  208.712 -16.6966  3.64574        0
0 0 1
5
   0.899994   -0.149991 3.18338e-05
-21.4998 -9.24883  229.076 -18.3256  3.64681        0
0 0 1
2
     1.4 0.300003        1
18.6601 18.4975  192.51       0       0       0
0 0 1
4
4
   0.899996    0.150013 3.88166e-05
-29.005 3.04998 174.445 6.12896 13.9547       0
0 0 1
5
  0.899994  -0.149991 3.3329e-05
-28.6526  3.05008  172.617  6.12962  13.8086        0
0 0 1
2
     1.4 0.300002        1
 23.2339 -2.49542  146.079        0        0        0
0 0 1
3
      1.5 -0.300005   1.20002
 34.4236 -3.60467  137.157        0        0        0
0 0 1
3
4
   0.899996    0.150013 4.05628e-05
-41.2405  14.5666  242.356  19.3886  2.21079        0
0 0 1
5
   0.899994   -0.149991 3.48233e-05
 7.1917 14.5671 207.438 16.5953 2.20936       0
0 0 1
3
     1.5 -0.30001  1.20004
 34.0487 -29.1337  180.503        0        0        0
0 0 1
4
4
  0.899996   0.150011 0.00012018
-31.0428 0.195459  174.646 0.836407  13.9715        0
0 0 1
5
   0.899994   -0.149969 0.000102515
-30.7357 0.195231  174.396 0.835965  13.9515        0
0 0 1
3
  1.49998 -0.300037   1.20004
  31.1986 -0.195381   140.377         0         0         0
0 0 1
2
 1.49999 0.299998  1.19999
  30.5796 -0.195326    140.88         0         0         0
0 0 1
3
4
   0.899996     0.15001 0.000199855
-105.972 -5.03229  271.056 -21.6834  21.6846        0
0 0 1
3
  1.49997 -0.300065   1.20005
21.4559 2.51894  197.28       0       0       0
0 0 1
2
 1.49998 0.299995  1.19998
84.5163 2.51332 161.963       0       0       0
0 0 1
4
4
   0.899996    0.150018 0.000210361
-56.5392  6.32516  190.086  15.2064  15.2068        0
0 0 1
3
  1.49997 -0.300061   1.20007
 50.5266 -5.35397  126.529        0        0        0
0 0 1
2
 1.49998 0.299996  1.19998
 41.2449 -5.35237  137.007        0        0        0
0 0 1
5
        1 -0.149981  0.200007
-35.2324  4.38168  176.675  14.1327  14.1353        0
0 0 1
3
4
   0.899991    0.150019 0.000238204
-24.9124  16.4099  232.838   14.717  18.6275        0
0 0 1
3
  1.49994 -0.300048   1.20003
 47.0469 -25.7882  176.491        0        0        0
0 0 1
5
 0.999997 -0.149983   0.20004
-22.1356  9.37839  220.967  14.7239  17.6795        0
0 0 1
4
4
   0.899989    0.150024 0.000259034
-54.8527  1.94876  187.777  12.3134  15.0228        0
0 0 1
3
  1.49992 -0.300084   1.20003
 42.8596 -1.39294  132.921        0        0        0
0 0 1
5
 0.999982 -0.149946  0.200053
-34.295 1.39331 176.726 12.3312 14.1423       0
0 0 1
2
 1.59999 0.300037      1.4
 46.2873 -1.94855  132.873        0        0        0
0 0 1
3
3
  1.49992 -0.300087   1.20003
 213.803 -56.8245  267.254        0        0        0
0 0 1
5
 0.999981 -0.149945  0.200055
-191.613  79.6228  334.546  26.7509  26.7709        0
0 0 1
2
 1.59998 0.300035      1.4
-22.1902 -22.7979  28.4973        0        0        0
0 0 1
4
3
  1.49987 -0.300165   1.20001
64.7377 3.54749 122.844       0       0       0
0 0 1
5
 0.999972 -0.149933  0.200082
 -71.7811  -4.33775   199.386 -0.734933   15.9498         0
0 0 1
2
 1.59998 0.300007  1.40001
83.0929 5.12616 108.919       0       0       0
0 0 1
4
0.999993 0.150021 0.200019
 -76.0511  -4.33641   199.149 -0.777406   15.9318         0
0 0 1
3
5
 0.999971 -0.149932  0.200083
-25.9218 -19.1363  239.436  19.1467  19.1628        0
0 0 1
2
 1.59997 0.300052  1.40001
101.202 38.2659 141.238       0       0       0
0 0 1
4
0.999992  0.15002 0.200019
-75.2807 -19.1291  249.624  19.9686   19.971        0
0 0 1
4
5
 0.999969 -0.149915  0.200086
-68.8164 -0.53508  196.052 -2.28789  15.6823        0
0 0 1
2
1.59996 0.30004 1.40003
 69.2561 0.534677  118.748        0        0        0
0 0 1
4
 0.99999  0.15003 0.200025
 -67.9597 -0.534232   195.354  -2.32493   15.6281         0
0 0 1
3
 1.59999 -0.30004  1.39998
 67.5196 0.534472  120.144        0        0        0
0 0 1
3
2
 1.59996 0.300029  1.40006
213.222 39.1243 266.527       0       0       0
0 0 1
4
0.999988 0.150039 0.200031
-180.239 -78.0502  314.686  -25.177   25.173        0
0 0 1
3
  1.59997 -0.300079   1.39995
-32.9834  38.9254  49.0841        0        0        0
0 0 1
4
2
 1.59996 0.300029  1.40006
 80.6441 -2.22201  113.425        0        0        0
0 0 1
4
0.999988 0.150039 0.200031
  -91.291   2.62601   208.827 0.0814408   16.7059         0
0 0 1
3
  1.59997 -0.300078   1.39995
 75.8664 -2.22212   113.38        0        0        0
0 0 1
5
      1.1 -0.150001       0.4
 -65.2195   1.81811   194.666 0.0711701   15.5731         0
0 0 1
3
4
0.999976 0.150031 0.200025
-44.8876   33.132  254.877 -20.3678  20.3885        0
0 0 1
3
  1.59998 -0.300086   1.39993
 105.785 -52.0624  133.676        0        0        0
0 0 1
5
 1.09999    -0.15 0.399996
-60.8972  18.9305  241.744 -19.3385  19.3393        0
0 0 1
4
4
0.999962 0.150003 0.200021
-73.4354 -2.24404  197.333 -1.52834  15.7857        0
0 0 1
3
  1.59988 -0.300048   1.39988
 53.092 1.60306  128.44       0       0       0
0 0 1
5
  1.09997 -0.149978   0.39999
-51.5948 -1.60344  187.436 -1.52854   14.994        0
0 0 1
2
     1.7 0.299993  1.60001
71.9371 2.24502 117.088       0       0       0
0 0 1
3
3
  1.59986 -0.300076   1.39989
 212.706 -55.6899  265.882        0        0        0
0 0 1
5
  1.09996 -0.149973       0.4
-193.562  76.8647  337.948  27.0306  27.0345        0
0 0 1
2
 1.69996 0.300014  1.60004
-19.1453 -21.1742  26.4678        0        0        0
0 0 1
4
3
  1.59982 -0.300142   1.39989
64.9762 3.94801 122.918       0       0       0
0 0 1
5
  1.09995 -0.149963  0.400024
-73.0718 -4.82734  200.233 -2.61287   16.017        0
0 0 1
2
1.69995 0.29999 1.60006
84.8599 5.70549 107.702       0       0       0
0 0 1
4
 1.09999 0.150017 0.400016
-76.7659 -4.82676  199.445 -2.62053  15.9553        0
0 0 1
3
5
  1.09994 -0.149989  0.400034
-24.8906 -17.1077  236.492  18.9178  18.9199        0
0 0 1
2
 1.69994 0.300084  1.60003
86.9904 34.2079  151.61       0       0       0
0 0 1
4
 1.10001 0.149995 0.400029
-62.0988 -17.1002  242.194  19.2457  19.3751        0
0 0 1
4
5
 1.09994 -0.14999 0.400036
-66.1792 0.629168  194.337   2.7519  15.5458        0
0 0 1
2
 1.69994 0.300084  1.60002
   65.674 -0.629291   121.233         0         0         0
0 0 1
4
 1.10001 0.149995 0.400032
-67.2005 0.629336  195.149  2.74486  15.6119        0
0 0 1
3
      1.7 -0.299964   1.59996
  67.7057 -0.628923   119.578         0         0         0
0 0 1
3
2
 1.69993 0.300084  1.60001
  174.3 20.5056 217.875       0       0       0
0 0 1
4
 1.10001 0.149995 0.400035
-177.991 -40.8365  310.762 -24.8604  24.8614        0
0 0 1
3
      1.7 -0.299928   1.59993
 3.6914 20.3309  101.66       0       0       0
0 0 1
4
2
 1.69993 0.300129  1.60001
 69.1962 -4.48817  120.917        0        0        0
0 0 1
4
     1.1 0.149955 0.400047
-84.4158   5.3045  205.469  10.7643   16.436        0
0 0 1
3
 1.69998 -0.29988  1.59995
 72.3343 -4.48725  114.442        0        0        0
0 0 1
5
      1.2 -0.149951       0.6
-57.1151  3.67147  189.471  10.7949  15.1588        0
0 0 1
3
2
 1.69991 0.300153  1.60001
 26.0374 -15.3029  46.8779        0        0        0
0 0 1
3
  1.69997 -0.299893   1.59995
 179.563 -15.1425  224.453        0        0        0
0 0 1
5
 1.19998 -0.14987 0.600028
 -205.6 30.4467 358.967 28.7035 28.7275       0
0 0 1
4
2
 1.69991 0.300165  1.60006
 70.9191 0.122328  117.024        0        0        0
0 0 1
3
  1.69995 -0.299891   1.59994
 70.6162 0.122253  117.308        0        0        0
0 0 1
5
  1.19997 -0.149867  0.600051
 -70.8363 -0.123057   198.058 -0.425231   15.8438         0
0 0 1
4
 1.20001 0.149986 0.600016
 -70.6994 -0.121145   197.909 -0.485461   15.8329         0
0 0 1
3
3
  1.69995 -0.299849   1.59995
167.161 -77.459 208.951       0       0       0
0 0 1
5
  1.19996 -0.149862  0.600051
-121.623  38.7283  212.347 -10.3714  16.9812        0
0 0 1
4
 1.20001 0.150009 0.600023
-45.5373  38.7311      209 -10.8655  16.7198        0
0 0 1
4
3
  1.69993 -0.299883   1.59997
51.6106 4.21324  130.72       0       0       0
0 0 1
5
  1.19996 -0.149861  0.600053
-60.9033 -5.15032  193.289 -7.21167  15.4589        0
0 0 1
4
 1.19999 0.150022 0.600025
-62.1705 -5.14934  191.122  -7.2521  15.2893        0
0 0 1
2
 1.80002 0.299958  1.79996
71.4628 6.08619 115.167       0       0       0
0 0 1
3
5
  1.19996 -0.149868  0.600056
-33.8556 -20.9493  243.648  1.34672  19.4922        0
0 0 1
4
 1.19999 0.150019 0.600027
-66.0401 -20.9438  244.025  1.29262  19.5221        0
0 0 1
2
     1.8 0.300014  1.79997
99.8954 41.8936 142.625       0       0       0
0 0 1
4
5
  1.19995 -0.149867  0.600055
 -68.3425 -0.646661   195.806  -2.77526   15.6624         0
0 0 1
4
 1.19999 0.150014  0.60003
 -67.3026 -0.645823   194.963  -2.81726   15.5969         0
0 0 1
2
 1.79998 0.300065  1.79998
 68.8656 0.646424   118.92        0        0        0
0 0 1
3
      1.8 -0.300014       1.8
 66.7789 0.646411  120.608        0        0        0
0 0 1
3
4
 1.19999 0.150008 0.600038
-174.989 -80.2778  305.521 -24.4418  24.4418        0
0 0 1
2
 1.80001 0.299966      1.8
211.532 40.1283 264.415       0       0       0
0 0 1
3
      1.8 -0.300005   1.79999
-36.5426  40.1476  60.3617        0        0        0
0 0 1
4
4
 1.19999 0.150008 0.600039
-85.8053  3.21088  205.859  2.82086  16.4687        0
0 0 1
2
    1.8 0.29997 1.79999
 74.4154 -2.71715  117.163        0        0        0
0 0 1
3
  1.79999 -0.300002       1.8
 71.8733 -2.71711  115.473        0        0        0
0 0 1
5
      1.3 -0.150007  0.800003
-60.4836  2.22325  191.803  2.81721  15.3442        0
0 0 1
3
4
     1.2  0.15001 0.600045
-70.2038 -21.2324  246.165 -6.50805  19.6934        0
0 0 1
2
     1.8 0.299967      1.8
88.6006 33.3649 150.146       0       0       0
0 0 1
5
  1.30001 -0.150004   0.80001
-18.3968 -12.1323  233.986 -6.51221  18.7192        0
0 0 1
4
4
     1.2 0.150011 0.600045
-65.8942  3.32672  194.573 -7.29615  15.5659        0
0 0 1
2
     1.8 0.299968      1.8
 56.8785 -2.37617  127.199        0        0        0
0 0 1
5
  1.30001 -0.150003   0.80001
-53.2669  2.37613   186.88 -7.29861  14.9508        0
0 0 1
3
      1.9 -0.299984   2.00001
 62.2825 -3.32658  121.646        0        0        0
0 0 1
3
2
     1.8 0.299968      1.8
-4.42291 -18.9896  89.4875        0        0        0
0 0 1
5
  1.30001 -0.150001  0.800011
-178.669  52.2465  311.945  24.9565  24.9556        0
0 0 1
3
      1.9 -0.299968   2.00003
 183.092 -33.2566  228.865        0        0        0
0 0 1
4
2
     1.8 0.299968      1.8
 70.3234 -1.07492  118.314        0        0        0
0 0 1
5
  1.30001 -0.150001  0.800014
-79.4839  1.31354  201.761 -12.5387  16.1413        0
0 0 1
3
 1.89999 -0.29999  2.00001
 79.6912 -1.55226  112.198        0        0        0
0 0 1
4
     1.3     0.15 0.799997
-70.5308  1.31345  198.024 -12.5366   15.842        0
0 0 1
3
5
  1.30001 -0.150001  0.800014
-86.1612  16.9123  256.818 -20.5453   20.546        0
0 0 1
3
  1.89999 -0.299989   2.00001
 102.542 -33.8244  138.586        0        0        0
0 0 1
4
     1.3 0.150001 0.799997
-16.3807   16.912  234.893 -18.7914  18.7914        0
0 0 1
4
2
1.89999 0.30002       2
  33.9749 0.0548343   138.863         0         0         0
0 0 1
3
      1.9 -0.299995   1.99998
  33.8006 0.0548282   139.004         0         0         0
0 0 1
4
 1.29998 0.150011 0.800028
  -33.8457 -0.0549275     176.18  -0.238872    14.0942          0
0 0 1
5
  1.29998 -0.150006  0.800067
  -33.9301 -0.0546757     176.25  -0.239272    14.0999          0
0 0 1
