2
4
   0.899993    0.150011 2.72273e-05
-9.28992e-07  1.14818e-05      314.463     -4.57036      8.47096            0
0 0 1
5
   0.899991   -0.149991 2.19901e-05
-8.73023e-07  -1.2454e-05      315.834     -4.57036      8.47096            0
0 0 1
3
4
    0.89999    0.150014 3.73073e-05
-52.5453  22.7978  257.228   20.579  12.1724        0
0 0 1
5
   0.899988   -0.149987 3.05299e-05
 5.6455 22.7986 207.928 16.6352 12.1735       0
0 0 1
3
  1.39999 -0.299978         1
 46.8997 -45.5961  165.141        0        0        0
0 0 1
4
4
   0.899991    0.150015 4.76074e-05
-24.7512 0.352346  171.468   1.4869  13.7173        0
0 0 1
5
   0.899987   -0.149986 4.03751e-05
-24.2805 0.352405  171.024  1.48689  13.6817        0
0 0 1
3
  1.39999 -0.299955  0.999997
  24.9865 -0.352296   143.456         0         0         0
0 0 1
2
     1.4 0.300008  1.00001
  24.0452 -0.352303   144.349         0         0         0
0 0 1
3
4
    0.89999    0.150018 5.17787e-05
 2.44847 -9.38946  208.888 -16.7107  4.71551        0
0 0 1
5
  0.899986  -0.149983 4.3435e-05
-21.6824 -9.38968  229.275 -18.3415   4.7162        0
0 0 1
2
     1.4 0.300022  1.00003
 19.234 18.7793 192.135       0       0       0
0 0 1
4
4
    0.90001    0.149949 0.000102119
-19.4152  1.62317  168.613  2.23223  13.4887        0
0 0 1
5
   0.900008   -0.150041 0.000118781
-19.8449  1.62316  167.947  2.23264  13.4355        0
0 0 1
2
 1.40002 0.300073  1.00007
 16.4921 -1.32855  149.325        0        0        0
0 0 1
3
  1.50001 -0.300001   1.20004
22.7689 -1.9188 144.415       0       0       0
0 0 1
3
4
  0.900012   0.149932 0.00012582
-30.7329  10.7915  234.001  18.7201 0.606122        0
0 0 1
5
   0.900011   -0.150054 0.000147001
 5.86236  10.7895  207.778  16.6224 0.604299        0
0 0 1
3
  1.50001 -0.299991   1.20007
 24.8709 -21.5809   188.52        0        0        0
0 0 1
4
4
   0.900017    0.149932 0.000170901
-25.8201 0.279493  171.712  1.21376  13.7367        0
0 0 1
5
   0.900015   -0.150033 0.000189335
-25.3688 0.279325  171.349  1.21429  13.7077        0
0 0 1
3
  1.50001 -0.299986   1.20005
  26.0459 -0.279162   143.253         0         0         0
0 0 1
2
     1.5 0.300019  1.20001
  25.1432 -0.279133   143.983         0         0         0
0 0 1
3
5
    0.90002   -0.150012 0.000231708
-95.4162   8.5485  265.017  21.2022  21.1995        0
0 0 1
3
      1.5 -0.299981   1.20002
 80.1155 -4.27338  163.227        0        0        0
0 0 1
2
 1.49999 0.300038  1.20002
 15.3009 -4.27458  202.053        0        0        0
0 0 1
4
5
   0.899996   -0.149982 0.000238039
-48.1915  4.25649  183.579   14.687  14.6847        0
0 0 1
3
  1.49999 -0.300007   1.20002
 53.0184 -3.60293  126.199        0        0        0
0 0 1
2
 1.49999 0.300045  1.20003
  35.825 -3.60309  138.729        0        0        0
0 0 1
4
0.999986 0.150042 0.200016
-40.6522  2.95026  181.791  14.5419  14.5444        0
0 0 1
3
3
  1.49998 -0.300021   1.20001
 53.0004 -8.26601  168.946        0        0        0
0 0 1
2
    1.5 0.30004 1.20002
103.935 -8.2669 158.359       0       0       0
0 0 1
4
0.999978 0.150062  0.20002
-156.936  16.5331  302.993 -17.6011  24.2356        0
0 0 1
4
3
  1.49998 -0.300027       1.2
 65.6199 -5.40905  117.155        0        0        0
0 0 1
2
1.49999 0.30004     1.2
 51.2084 -5.40867  130.851        0        0        0
0 0 1
4
0.999975 0.150071 0.200029
-62.0152  5.40768  194.529  15.5589  15.5646        0
0 0 1
5
 0.999999 -0.149984  0.199998
-54.8131   5.4105  187.762  15.0207  15.0209        0
0 0 1
3
3
  1.49998 -0.300026       1.2
 155.612 -59.1117  194.515        0        0        0
0 0 1
4
0.999972  0.15007 0.200028
 -20.665  29.5552  200.173 -16.0163  16.0101        0
0 0 1
5
 0.999988 -0.149936  0.200017
-134.947  29.5566   235.61 -18.8515  18.8441        0
0 0 1
4
3
  1.49997 -0.299997       1.2
 61.056  4.2179 125.302       0       0       0
0 0 1
4
0.999973 0.150071 0.200029
-72.6905 -5.15505  197.078 -4.89082  15.7648        0
0 0 1
5
 0.999984 -0.149899  0.200031
-70.0157 -5.15461  198.541 -4.88014  15.8816        0
0 0 1
2
     1.6 0.299992  1.39997
81.6502 6.09228 109.377       0       0       0
0 0 1
3
4
0.999968 0.150074 0.200035
-17.3126   -25.11  220.117 -17.6131  17.6064        0
0 0 1
5
 0.999976 -0.149876  0.200037
-61.2044 -25.1107  260.379 -20.8385  20.8224        0
0 0 1
2
 1.59997 0.300032  1.39998
78.5164 50.2211 149.801       0       0       0
0 0 1
4
4
0.999965  0.15009 0.200046
-47.0265 -11.8498  182.829 -14.6293  14.6232        0
0 0 1
5
 0.999974 -0.149845  0.200047
-66.0027 -11.8505  198.045 -15.8514  15.8356        0
0 0 1
2
 1.59998 0.300024  1.39996
 75.496 11.8503 109.295       0       0       0
0 0 1
3
      1.6 -0.300045   1.39999
37.5335   11.85 140.128       0       0       0
0 0 1
3
4
0.999965 0.150087 0.200047
 -28.3766   17.5435   238.127 -0.710707   19.0494         0
0 0 1
5
 0.999972 -0.149846  0.200047
-55.1246  17.5426  238.344 -0.67935  19.0664        0
0 0 1
3
      1.6 -0.300043   1.39997
 83.5011 -35.0862  153.826        0        0        0
0 0 1
4
4
0.999966 0.150088 0.200049
 -58.1611 -0.128537   189.397   10.6744   15.1534         0
0 0 1
5
 0.999973 -0.149846  0.200049
 -51.6491 -0.128552   186.218   10.6947   14.9024         0
0 0 1
3
  1.59999 -0.300046   1.39994
 52.9692 0.109231  128.367        0        0        0
0 0 1
2
     1.7 0.299998      1.6
 56.8409 0.147823  126.316        0        0        0
0 0 1
3
5
  0.99998 -0.149841  0.200063
-170.045  79.9614   296.89  23.7362  23.7604        0
0 0 1
3
  1.59995 -0.300103    1.3999
 215.618 -30.7328  269.523        0        0        0
0 0 1
2
     1.7 0.299966  1.59999
-45.5731 -49.2289  63.8848        0        0        0
0 0 1
4
5
 0.99998 -0.14984 0.200064
-60.5453  2.62459  191.139  15.2829  15.2985        0
0 0 1
3
  1.59995 -0.300103    1.3999
 64.1137 -1.87603  120.534        0        0        0
0 0 1
2
     1.7 0.299967  1.59999
 52.8582 -2.62745  128.415        0        0        0
0 0 1
4
 1.1 0.15  0.4
-56.4266  1.87891  190.209  15.2167  15.2168        0
0 0 1
3
3
  1.59995 -0.300107   1.39989
3.24356 14.8704 134.893       0       0       0
0 0 1
2
     1.7 0.299959  1.59999
163.469 26.0308 204.336       0       0       0
0 0 1
4
 1.10003 0.150014 0.400019
-166.711 -40.9013  291.068 -23.2886  23.2851        0
0 0 1
4
3
  1.59992 -0.300097   1.39991
57.6361 2.08582 126.133       0       0       0
0 0 1
2
     1.7 0.299998  1.60001
69.8966 3.01407 117.217       0       0       0
0 0 1
4
 1.10003 0.150016 0.400022
-66.5005 -2.54973   194.14  4.48635  15.5321        0
0 0 1
5
      1.1 -0.149998  0.400001
-61.0328 -2.54985  192.809   4.4792  15.4247        0
0 0 1
3
2
 1.70002 0.299949  1.59999
94.9913 41.1354 145.893       0       0       0
0 0 1
4
 1.10003 0.150033 0.400029
-60.1886 -20.5665  240.843 -9.09437  19.2673        0
0 0 1
5
      1.1 -0.149971  0.400005
-34.8022 -20.5687  243.561  -9.1006  19.4847        0
0 0 1
4
2
 1.70001 0.299973  1.59999
71.7474 3.29876 116.243       0       0       0
0 0 1
4
 1.10003 0.150033  0.40003
-63.8176 -3.29903  192.479 -14.3019  15.3978        0
0 0 1
5
     1.1 -0.14997 0.400005
-69.1063 -3.29859  196.748 -14.3071  15.7395        0
0 0 1
3
      1.7 -0.300001       1.6
61.1763 3.29908 124.828       0       0       0
0 0 1
3
2
 1.70001 0.299973  1.59999
  63.91 10.6863 163.545       0       0       0
0 0 1
5
     1.1 -0.14997 0.400005
-170.117 -21.3718  308.326  8.54009  24.6661        0
0 0 1
3
      1.7 -0.299985   1.59998
106.208 10.6856 158.426       0       0       0
0 0 1
4
2
 1.70001 0.299973  1.59999
83.0652  12.673 103.831       0       0       0
0 0 1
5
     1.1 -0.14993 0.400023
-89.4011 -14.9778  211.132 -16.8928  16.8888        0
0 0 1
3
      1.7 -0.300038   1.59998
55.7744 12.6733 130.756       0       0       0
0 0 1
4
 1.20001     0.15 0.600008
-49.4383 -10.3685  184.579 -14.7665  14.7664        0
0 0 1
3
5
      1.1 -0.149931  0.400022
-70.1936  20.3725  246.234  1.61344  19.6987        0
0 0 1
3
      1.7 -0.300036   1.59999
 86.8766 -32.0148  151.406        0        0        0
0 0 1
4
 1.20001 0.149999 0.600007
-16.6831  11.6421  232.658  1.59963  18.6126        0
0 0 1
4
5
  1.09999 -0.149927  0.400028
-65.0423 -1.36783  193.766  14.8526  15.5028        0
0 0 1
3
      1.7 -0.300058   1.59996
 60.1344 0.976786  124.697        0        0        0
0 0 1
4
     1.2 0.149996 0.599997
 -55.0963 -0.975862   188.241   14.8432   15.0592         0
0 0 1
2
     1.8 0.300009  1.79999
60.0043 1.36683 123.592       0       0       0
0 0 1
3
5
  1.09999 -0.149922  0.400032
-34.1955 -20.0646  238.988  10.5096  19.1204        0
0 0 1
4
     1.2 0.149999 0.599997
-41.2178 -12.5389  231.263  10.4997   18.501        0
0 0 1
2
    1.8 0.30001     1.8
 75.413 32.6033 160.047       0       0       0
0 0 1
4
5
  1.09999 -0.149917  0.400036
-60.7407 -2.88006  191.103 -5.79707  15.2874        0
0 0 1
4
 1.19999     0.15 0.599998
-43.5239 -2.11165  181.403  -5.8048  14.5121        0
0 0 1
2
     1.8 0.299973      1.8
53.3115 2.49564 127.154       0       0       0
0 0 1
3
      1.8 -0.300011       1.8
50.9531 2.49565 130.637       0       0       0
0 0 1
3
4
 1.19999     0.15 0.599999
-171.613 -86.5877  299.627 -23.9696  23.9699        0
0 0 1
2
     1.8 0.299936  1.80001
215.318 43.2811 269.147       0       0       0
0 0 1
3
  1.79999 -0.300023   1.80001
-43.7047  43.3059  61.5229        0        0        0
0 0 1
4
4
 1.19998 0.150016 0.600022
-67.952 2.18504 195.882 9.45803 15.6705       0
0 0 1
2
     1.8 0.299932  1.80001
 62.7214 -2.18517  123.513        0        0        0
0 0 1
3
  1.79999 -0.300009   1.80001
69.6968 -2.1853 117.842       0       0       0
0 0 1
5
  1.19999 -0.149987  0.599996
-64.4666  2.18578  193.061  9.45928   15.445        0
0 0 1
3
4
 1.19998 0.149998 0.600033
-57.0748 -17.6455  239.402  4.28679   19.152        0
0 0 1
2
     1.8 0.299917      1.8
 85.118 35.2882 152.773       0       0       0
0 0 1
5
      1.2 -0.149989  0.600004
-28.0429 -17.6431  238.122  4.28732  19.0497        0
0 0 1
4
4
 1.19998 0.149998 0.600033
-49.0219 0.820662  184.856 -6.91117  14.7882        0
0 0 1
2
     1.8 0.299902  1.79997
 48.4579 -0.69445   131.15        0        0        0
0 0 1
5
      1.2 -0.149987  0.600004
-53.9283 0.820461  186.915  -6.9103  14.9528        0
0 0 1
3
      1.9 -0.299995         2
  54.4922 -0.946763   127.376         0         0         0
0 0 1
3
2
 1.79999 0.299887  1.79995
 36.4681 0.259941  187.479        0        0        0
0 0 1
5
      1.2 -0.149986  0.600004
 -142.865 -0.674342   289.835   23.1852   23.1865         0
0 0 1
3
     1.9 -0.29999        2
 106.397 0.414322  152.984        0        0        0
0 0 1
4
2
 1.79998 0.299868  1.79994
 45.4095 -2.00879  133.019        0        0        0
0 0 1
5
      1.2 -0.149984  0.600003
-63.845 2.81249 191.926 4.51766 15.3537       0
0 0 1
3
  1.90001 -0.299974   1.99998
 64.2949 -2.81256  121.165        0        0        0
0 0 1
4
     1.3 0.150004 0.800002
-45.8594  2.00896  184.188  4.52015  14.7352        0
0 0 1
3
2
 1.79999 0.299867  1.79993
 98.908 -2.2711 156.318       0       0       0
0 0 1
3
  1.90001 -0.299974   1.99996
 40.7632 -3.97401  180.284        0        0        0
0 0 1
4
 1.29999 0.150006 0.799999
-139.671  6.24514  293.695 -23.4965  23.4933        0
0 0 1
4
2
 1.79994 0.299927  1.79992
 65.1159 -3.88873  122.799        0        0        0
0 0 1
3
      1.9 -0.299943   1.99998
84.7493 -5.6182 107.793       0       0       0
0 0 1
4
 1.29998 0.149996 0.800022
-73.0261  4.75367  200.195  2.29257  16.0152        0
0 0 1
5
  1.29999 -0.150023  0.800017
-76.8407  4.75388  199.511  2.28227  15.9607        0
0 0 1
3
3
  1.89999 -0.299946   1.99998
 73.6598 -33.7014  160.246        0        0        0
0 0 1
4
 1.29997 0.150016 0.800027
-30.5895  16.8506  238.187  19.0535  19.0556        0
0 0 1
5
  1.29998 -0.150029  0.800017
-43.0705  16.8508  231.865  18.5506  18.5476        0
0 0 1
4
2
1.89999 0.30002       2
 33.9751 0.054816  138.863        0        0        0
0 0 1
3
      1.9 -0.299995   1.99998
  33.8002 0.0548099   139.004         0         0         0
0 0 1
4
 1.29998 0.150011 0.800028
-33.8454 -0.05455   176.18 -0.23903  14.0942        0
0 0 1
5
  1.29998 -0.150006  0.800067
  -33.9302 -0.0542981     176.25   -0.23943    14.0999          0
0 0 1
