2
4
   0.899993    0.150011 2.72273e-05
-9.28992e-07  1.14818e-05      314.463     -4.57036      8.47096            0
0 0 1
5
   0.899991   -0.149991 2.19901e-05
-8.73023e-07  -1.2454e-05      315.834     -4.57036      8.47096            0
0 0 1
3
4
   0.899994    0.150011 3.40637e-05
-63.3697  27.4868  267.025  21.3634  14.5667        0
0 0 1
5
   0.899992   -0.149992 2.90914e-05
6.85581 27.4876 207.552 16.6059 14.5682       0
0 0 1
3
  1.40001 -0.299989   1.00003
 56.5141 -54.9742  155.721        0        0        0
0 0 1
4
4
   0.899997    0.150009 4.75758e-05
  -23.9917 -0.0569729    170.879    2.04911      13.67          0
0 0 1
5
   0.899994   -0.149993 4.22502e-05
  -22.6916 -0.0569254    170.267    2.04901    13.6211          0
0 0 1
3
  1.40002 -0.299972   1.00004
  24.7507 0.0569952   143.908         0         0         0
0 0 1
2
 1.40001 0.350015  1.00003
  21.9328 0.0569731   145.243         0         0         0
0 0 1
3
4
   0.899996    0.150011 5.49859e-05
 1.38051 -9.99946  209.779 -16.7819   3.1609        0
0 0 1
5
   0.899992   -0.149989 4.81278e-05
-20.5511 -9.99957  229.618  -18.369  3.16102        0
0 0 1
2
 1.40001 0.350037  1.00006
19.1706 19.9993 190.902       0       0       0
0 0 1
4
4
   0.899997    0.150013 8.34109e-05
-17.3445  1.41054  167.309  3.36111  13.3842        0
0 0 1
5
  0.899994  -0.149985 7.5403e-05
-16.8654  1.41058  166.306   3.3613  13.3041        0
0 0 1
2
 1.40003 0.350032  1.00011
13.4732  -1.154 150.992       0       0       0
0 0 1
3
  1.50002 -0.299985   1.20005
 20.7374 -1.66676  145.693        0        0        0
0 0 1
3
4
   0.899998    0.150014 0.000111854
-41.0321  13.7289  241.931  19.3529 -10.5014        0
0 0 1
5
   0.899996   -0.149982 0.000102687
 13.2547  13.7297  204.727  16.3771 -10.5037        0
0 0 1
3
 1.50003 -0.29997  1.20011
 27.7781 -27.4582  183.642        0        0        0
0 0 1
4
4
   0.899997    0.150023 0.000138983
  -28.404 -0.403464    173.04  -1.75709   13.8432         0
0 0 1
5
   0.899996   -0.149964 0.000129739
-29.0527 -0.40356  173.562 -1.75635   13.885        0
0 0 1
3
  1.50003 -0.299968    1.2001
 28.0822 0.403756  142.373        0        0        0
0 0 1
2
 1.49999 0.300007  1.20001
29.3745 0.40368 141.323       0       0       0
0 0 1
3
4
   0.899997    0.150031 0.000166119
 2.63867  -9.7536  209.124 -16.7294  5.70326        0
0 0 1
5
   0.899995   -0.149946 0.000156799
-26.8926  -9.7544  231.067 -18.4848  5.70449        0
0 0 1
2
 1.49999 0.300014  1.20003
24.2539 19.5084 190.107       0       0       0
0 0 1
4
4
  0.899994   0.150031 0.00016735
-52.0231  2.77528  186.883  1.52511  14.9502        0
0 0 1
5
   0.899991   -0.149941 0.000156215
-53.666 2.77491 186.426 1.52722 14.9136       0
0 0 1
2
 1.49999 0.300013  1.20002
 46.3565 -2.34805  133.019        0        0        0
0 0 1
3
  1.59999 -0.299996       1.4
 59.3324 -3.20204  123.969        0        0        0
0 0 1
3
4
   0.899995    0.150033 0.000169486
-20.7555  10.6412  227.657 -4.35027  18.2129        0
0 0 1
5
   0.899988   -0.149914 0.000162761
-37.0408   10.641  228.953 -4.34405  18.3158        0
0 0 1
3
  1.59999 -0.299953   1.40002
 57.7961 -21.2814  173.688        0        0        0
0 0 1
4
4
   0.899994    0.150033 0.000169514
-50.4341  7.86899  187.141  14.9726  14.9692        0
0 0 1
5
   0.899988   -0.149914 0.000162775
-35.7504  7.86816  176.561  14.1246  14.1246        0
0 0 1
3
  1.59999 -0.299951   1.40002
 57.7797 -7.86945  122.581        0        0        0
0 0 1
2
     1.6 0.300032  1.39999
 28.4048 -7.86744  144.014        0        0        0
0 0 1
3
4
   0.899997    0.150028 0.000171516
-2.38686 -13.2454   212.02 -16.9595  16.9638        0
0 0 1
5
 0.899989 -0.149919 0.0001648
-40.4165 -13.2458  239.239 -19.1389  18.6955        0
0 0 1
2
 1.59999 0.300038  1.39997
42.8033 26.4912 179.039       0       0       0
0 0 1
4
4
   0.900002    0.150021 0.000172704
-33.3432  1.47533  175.775 0.936657  14.0617        0
0 0 1
5
   0.899994   -0.149923 0.000166531
-33.9591    1.475  175.495 0.940375  14.0394        0
0 0 1
2
 1.59999 0.300043  1.39998
 29.7792 -1.27842   142.04        0        0        0
0 0 1
3
      1.7 -0.299992       1.6
 37.5232 -1.67192  136.987        0        0        0
0 0 1
3
5
   0.899992   -0.149924 0.000166916
-106.647  9.47338  269.267   21.541  21.5403        0
0 0 1
2
 1.59998 0.300035  1.39998
 14.6733 -3.78907  202.686        0        0        0
0 0 1
3
      1.7 -0.299991   1.59999
 91.9738 -5.68434  158.345        0        0        0
0 0 1
4
5
   0.899997   -0.149924 0.000167525
-47.0921   1.4369  182.618   1.8543  14.6092        0
0 0 1
2
1.59998 0.30004 1.39996
35.2993  -1.078 138.683       0       0       0
0 0 1
3
      1.7 -0.299991   1.59999
47.1504 -1.4375 131.678       0       0       0
0 0 1
4
 1.00001 0.149996 0.200003
-35.3574  1.07856  177.318  1.85435  14.1855        0
0 0 1
3
2
 1.59998 0.300043  1.39995
   99.19 -1.92552  156.463        0        0        0
0 0 1
3
  1.70001 -0.299953   1.60001
 40.4418 -3.08228  182.369        0        0        0
0 0 1
4
 1.00001 0.149993 0.200003
-139.632   5.0082  291.466 -23.3168   23.318        0
0 0 1
4
2
 1.59999 0.300034  1.39992
 40.8729 -3.72975  136.678        0        0        0
0 0 1
3
 1.70002 -0.29997  1.59997
 59.4283 -5.08642   123.33        0        0        0
0 0 1
4
 1.00001 0.150009 0.200004
-50.9302  4.40787  186.542  9.38149  14.9233        0
0 0 1
5
 0.999991 -0.149994       0.2
-49.3702  4.40794  183.747   9.3812  14.6995        0
0 0 1
3
3
  1.70004 -0.299983   1.59994
 54.279 -32.028 171.042       0       0       0
0 0 1
4
       1 0.150022 0.200007
-47.5957  16.0147   244.81  19.5847  19.5846        0
0 0 1
5
  0.99998 -0.149995  0.199999
-6.68239  16.0129  214.445  17.1563  17.1548        0
0 0 1
4
3
  1.70004 -0.299975   1.59995
  55.507 -6.38183  124.595        0        0        0
0 0 1
4
0.999999 0.150024 0.200008
-49.5506   6.3831   186.15  14.8919  14.8919        0
0 0 1
5
 0.999971 -0.149998       0.2
-37.6333  6.38272  177.567  14.2059  14.2042        0
0 0 1
2
 1.70001 0.299995  1.59999
 31.6772 -6.38413  141.985        0        0        0
0 0 1
3
4
 1.00001 0.150028 0.200012
 15.0229 -19.9642  204.916 -16.3934 -2.85324        0
0 0 1
5
 0.999975 -0.149994  0.200008
-67.1024 -19.9537  258.468 -20.6773 -2.86647        0
0 0 1
2
 1.69999 0.300001      1.6
52.0791  39.918 166.914       0       0       0
0 0 1
4
4
 1.00001 0.150007 0.200016
-24.6609 -4.24735  170.632  -13.649  13.6519        0
0 0 1
5
 0.999974 -0.149996  0.200013
-36.4883   -4.246   178.15 -14.2496  14.2537        0
0 0 1
2
 1.69996 0.300046  1.59999
38.3253 3.68087 135.184       0       0       0
0 0 1
3
  1.79999 -0.299999   1.80001
22.8231  4.8127 146.332       0       0       0
0 0 1
3
5
 0.999968 -0.150005  0.200016
-88.246 -1.0875 258.143 18.0338 20.6479       0
0 0 1
2
 1.69997 0.300054  1.59995
 23.4343 0.435047  196.096        0        0        0
0 0 1
3
  1.80001 -0.299977   1.79999
 64.8123 0.653042  176.058        0        0        0
0 0 1
4
5
 0.999962 -0.150005  0.200018
 -30.9699 -0.285917   174.049    -3.649    13.924         0
0 0 1
2
1.69996 0.30007  1.5999
 24.4593 0.214807  144.286        0        0        0
0 0 1
3
  1.80002 -0.299955   1.79997
 28.0122 0.286289  142.724        0        0        0
0 0 1
4
 1.09999     0.15 0.399999
 -21.5016 -0.214671   169.237  -3.64555   13.5388         0
0 0 1
3
2
 1.69996 0.300072  1.59989
  99.6526 -0.438678   155.003         0         0         0
0 0 1
3
  1.80002 -0.299961   1.79996
  34.9207 -0.706005   186.575         0         0         0
0 0 1
4
 1.09999 0.149997 0.400004
-134.573  1.14475   288.72 -23.0976   23.097        0
0 0 1
4
2
 1.69996 0.300069  1.59989
 44.6775 -2.69403  134.108        0        0        0
0 0 1
3
  1.80002 -0.299964   1.79997
 59.0535 -3.67424   123.98        0        0        0
0 0 1
4
 1.09999     0.15 0.400004
-51.4678   3.1841  186.638  3.57501  14.9309        0
0 0 1
5
      1.1 -0.149998  0.399999
-52.2633  3.18412  185.572  3.57389  14.8457        0
0 0 1
3
3
  1.80001 -0.299967   1.79997
 59.3116 -24.3518  172.622        0        0        0
0 0 1
4
 1.09999 0.150003 0.400005
-27.1724  12.1759  231.493  17.8152  18.5197        0
0 0 1
5
      1.1 -0.149997  0.399999
-32.1392  12.1759  226.182  17.8141  18.0945        0
0 0 1
4
3
  1.80001 -0.299974   1.79996
  46.1853 -0.700258   132.198         0         0         0
0 0 1
4
 1.09999 0.150004 0.400005
-45.5315 0.700305   182.47  3.18515  14.5975        0
0 0 1
5
      1.1 -0.149995  0.399999
-44.2218 0.700389  181.521  3.18419  14.5216        0
0 0 1
2
     1.8 0.300008      1.8
  43.5679 -0.700445   134.109         0         0         0
0 0 1
3
3
  1.80002 -0.299989   1.79995
 13.813 8.80992 189.256       0       0       0
0 0 1
4
 1.09996 0.150002 0.400008
-137.474 -17.6251  286.465 -22.9149  22.9167        0
0 0 1
2
 1.80001 0.300045  1.79996
123.661 8.81555 154.576       0       0       0
0 0 1
4
3
  1.80002 -0.299916   1.79993
31.9936 1.55146 140.584       0       0       0
0 0 1
4
 1.09996 0.150003 0.400014
-40.1777 -1.78982  179.007 -10.7055  14.3207        0
0 0 1
2
 1.79999 0.300073  1.79993
41.9719 1.55194 134.164       0       0       0
0 0 1
5
      1.2 -0.150001  0.600007
 -33.788 -1.31279  176.542 -10.7039  14.1235        0
0 0 1
3
3
  1.80002 -0.299915   1.79993
 216.576 -42.5835   270.72        0        0        0
0 0 1
2
 1.79999 0.300058  1.79992
-41.4855 -42.6489  53.8796        0        0        0
0 0 1
5
      1.2 -0.150002  0.600008
-175.09 85.2326 305.698 24.4561 24.4553       0
0 0 1
4
3
  1.80002 -0.299911   1.79991
63.3985  2.7622 123.357       0       0       0
0 0 1
2
 1.79999 0.300058  1.79992
 72.212 2.76266 116.191       0       0       0
0 0 1
5
      1.2 -0.150001  0.600008
-70.0082 -2.76235  197.156 -11.9512  15.7727        0
0 0 1
4
 1.2 0.15  0.6
-65.6022 -2.76243  193.594 -11.9496  15.4875        0
0 0 1
3
3
  1.80002 -0.299902    1.7999
 76.5678 -44.5639  153.511        0        0        0
0 0 1
5
      1.2 -0.150001  0.600008
-25.6957  22.2815  223.927  17.9145  17.9139        0
0 0 1
4
 1.2 0.15  0.6
-50.872 22.2824 252.859 20.2287 20.2288       0
0 0 1
4
3
 1.80002 -0.29989  1.79989
47.7558 0.33462  131.39       0       0       0
0 0 1
5
      1.2 -0.150001  0.600009
 -47.2463 -0.394642   183.782    8.5089   14.7024         0
0 0 1
4
 1.2 0.15  0.6
 -52.7168 -0.394549   186.319    8.5099   14.9055         0
0 0 1
2
     1.9 0.299978  2.00001
52.2072 0.45451 128.807       0       0       0
0 0 1
3
3
  1.80002 -0.299877   1.79989
38.5472 -1.2002   185.7       0       0       0
0 0 1
4
 1.2 0.15  0.6
-140.452  3.11489  288.406 -21.2277  23.0725        0
0 0 1
2
     1.9 0.299955  2.00003
 101.904 -1.91475  156.192        0        0        0
0 0 1
4
3
 1.80003 -0.29986  1.79988
47.4949 2.73003  132.15       0       0       0
0 0 1
4
     1.2 0.149995      0.6
-67.8151 -3.82285   193.95 -7.89346  15.5158        0
0 0 1
2
     1.9 0.299974  1.99999
70.0098 3.82345 117.625       0       0       0
0 0 1
5
      1.3 -0.150011  0.800006
-49.6891 -2.73037  186.572 -7.89596   14.926        0
0 0 1
3
3
  1.80004 -0.299843   1.79986
 165.622 -9.41427  207.027        0        0        0
0 0 1
2
     1.9 0.299992  1.99996
 22.4106 -16.7024  94.9769        0        0        0
0 0 1
5
  1.30001 -0.150022  0.800013
-188.032  26.1171  328.293  26.2647  26.2627        0
0 0 1
4
3
 1.80003 -0.29986  1.79985
 64.436 3.48049 122.961       0       0       0
0 0 1
2
     1.9 0.299997  1.99993
82.4414 5.02679 109.329       0       0       0
0 0 1
5
  1.30001 -0.150004  0.800022
 -71.2591  -4.25323   199.073 -0.471553    15.926         0
0 0 1
4
     1.3 0.150006 0.800009
 -75.6184  -4.25381   198.934 -0.470358   15.9147         0
0 0 1
3
2
 1.89998 0.299983  1.99991
79.2499 31.6622 156.863       0       0       0
0 0 1
5
      1.3 -0.149999  0.800099
-23.6996 -15.8316  234.704  13.5081  18.7763        0
0 0 1
4
 1.30001 0.149984 0.800094
-55.5511 -15.8312   238.73  13.4949  19.0969        0
0 0 1
4
2
1.89999 0.30002       2
  33.9745 0.0546445   138.864         0         0         0
0 0 1
3
      1.9 -0.299995   1.99998
  33.8002 0.0546384   139.005         0         0         0
0 0 1
4
 1.29998 0.150011 0.800028
  -33.8455 -0.0549836     176.18  -0.238749    14.0943          0
0 0 1
5
  1.29998 -0.150006  0.800067
    -33.93 -0.0547317     176.25  -0.239149    14.0999          0
0 0 1
