2
4
   0.899993    0.150011 2.72273e-05
-9.28992e-07  1.14818e-05      314.463     -4.57036      8.47096            0
0 0 1
5
   0.899991   -0.149991 2.19901e-05
-8.73023e-07  -1.2454e-05      315.834     -4.57036      8.47096            0
0 0 1
3
4
   0.899988    0.150005 3.60486e-05
 9.88016 -25.0647  205.383 -16.4288  16.4326        0
0 0 1
5
   0.899987   -0.149996 3.25588e-05
-65.1352 -25.0648  264.757  -21.178  20.3569        0
0 0 1
2
 1.39999 0.249978 0.999996
55.2549 50.1291 160.159       0       0       0
0 0 1
4
4
   0.899994    0.149995 4.51909e-05
-23.0944 -3.57413  169.895 -13.5898  13.5933        0
0 0 1
5
   0.899992   -0.150007 4.35873e-05
-32.5483 -3.57402   176.68 -14.1324  14.1362        0
0 0 1
2
1.39999 0.24998 1.00002
38.8506 3.57428 133.846       0       0       0
0 0 1
3
      1.4 -0.449987   1.00001
16.7924 3.57363 149.877       0       0       0
0 0 1
3
4
   0.899996    0.149991 5.32228e-05
-3.18212  3.57832  214.911  6.76389  16.6949        0
0 0 1
5
   0.899993   -0.150012 5.24158e-05
-5.56488  3.57834  212.882  6.76389  16.6949        0
0 0 1
3
  1.40001 -0.449972   1.00003
 8.74721 -7.15666  202.505        0        0        0
0 0 1
4
4
   0.899996     0.14999 5.89205e-05
-22.7128 -3.87612   168.95 -13.5143  13.5177        0
0 0 1
5
   0.899993   -0.150014 6.01744e-05
-26.9425 -3.87598  173.126 -13.8482  13.8519        0
0 0 1
3
  1.40001 -0.449965   1.00004
14.9307 3.17121 151.702       0       0       0
0 0 1
2
    1.5     0.3 1.20003
34.7246 4.58078  136.52       0       0       0
0 0 1
3
4
  0.899996   0.149989 6.4618e-05
 30.6025 -26.2284   198.47 -15.8796 -15.8757        0
0 0 1
5
   0.899992   -0.150016 6.79353e-05
-80.1372 -26.2256  272.563 -21.8078 -21.8018        0
0 0 1
2
     1.5 0.299999  1.20006
49.5348 52.4538 159.266       0       0       0
0 0 1
4
4
   0.899998    0.149966 9.33519e-05
 -26.501  -1.4694  171.806 -10.4725   13.746        0
0 0 1
5
   0.899992   -0.150029 0.000105152
-31.311 -1.4692 174.926 -10.473 13.9958       0
0 0 1
2
 1.49999 0.300006  1.20007
  34.52 1.46949  138.12       0       0       0
0 0 1
3
      1.5 -0.399995   1.20001
23.2919  1.4687 145.446       0       0       0
0 0 1
3
4
        0.9    0.149944 0.000122092
-102.174 -17.8143  268.445 -21.4714   21.479        0
0 0 1
2
 1.49998 0.300013  1.20008
95.5382 8.91057 150.908       0       0       0
0 0 1
3
      1.5 -0.399991   1.20001
6.63579 8.90332 210.945       0       0       0
0 0 1
4
4
   0.900004    0.149919 0.000169319
-55.8905 -0.34612  188.562 -14.7044  15.0889        0
0 0 1
2
 1.49996 0.300031  1.20009
 60.6854 0.294336  123.911        0        0        0
0 0 1
3
  1.49997 -0.400053   1.20002
 40.8699 0.293113   134.19        0        0        0
0 0 1
5
  1.00001 -0.150008  0.200051
-45.6655 -0.24228  183.636 -14.6864  14.6916        0
0 0 1
3
4
   0.899996     0.14992 0.000166232
-39.3326   39.511  258.224 -2.05954  20.6589        0
0 0 1
3
 1.49998 -0.40005  1.19999
 92.7697 -62.0864  132.084        0        0        0
0 0 1
5
 0.999994 -0.150006  0.200047
-53.4368  22.5754  239.989 -2.02283   19.199        0
0 0 1
4
4
   0.899996     0.14992 0.000166239
-70.4165  10.6927  199.086   15.931  15.9224        0
0 0 1
3
 1.49998 -0.40005  1.19999
  58.387 -7.63824  118.906        0        0        0
0 0 1
5
 0.999994 -0.150006  0.200047
-42.2221  7.63907  180.638  14.4516  14.4501        0
0 0 1
2
    1.6 0.30002 1.39999
 54.2516 -10.6933  131.668        0        0        0
0 0 1
3
3
  1.49998 -0.400052   1.19994
209.753 -88.731 262.191       0       0       0
0 0 1
5
 0.999999 -0.150006  0.200056
-191.252  116.084  333.915  26.7143  26.7113        0
0 0 1
2
 1.60001 0.300028  1.39996
-18.5006 -27.3522  34.1902        0        0        0
0 0 1
4
3
  1.49997 -0.400063   1.19994
 56.7347 0.448879  125.304        0        0        0
0 0 1
5
  1.00003 -0.149991  0.200074
 -66.9006 -0.548663   195.431   1.08813   15.6347         0
0 0 1
2
     1.6 0.300028  1.39997
 78.3297 0.648462  113.805        0        0        0
0 0 1
4
 1.00001 0.150002 0.200007
 -68.1635 -0.548467   195.758   1.09407   15.6608         0
0 0 1
3
5
  1.00002 -0.149994  0.200078
-31.2507 -18.1655  239.773 -11.5708   19.183        0
0 0 1
2
     1.6 0.299998      1.4
82.8192  36.331 154.198       0       0       0
0 0 1
4
 1.00002 0.149988  0.20001
-51.5693 -18.1664  236.327 -11.5666  18.9067        0
0 0 1
4
5
  1.00002 -0.149996  0.200078
-63.2984 -1.65258   193.02 -12.5262  15.4431        0
0 0 1
2
 1.59999 0.299976  1.40002
66.7195 1.65237 119.925       0       0       0
0 0 1
4
 1.00001 0.149985 0.200015
-57.4468 -1.65291  189.289 -12.5227   15.144        0
0 0 1
3
  1.59996 -0.350011       1.4
54.0249 1.65265 128.064       0       0       0
0 0 1
3
5
  1.00002 -0.149992   0.20008
-174.514 -4.20264  309.447   24.759  24.7543        0
0 0 1
2
 1.59999 0.299967  1.40002
57.5829 2.10222 173.553       0       0       0
0 0 1
3
  1.59996 -0.350012   1.40001
116.931 2.10046 147.298       0       0       0
0 0 1
4
5
  1.00001 -0.149974  0.200084
-85.3422   3.2663  204.249  11.6898   16.339        0
0 0 1
2
 1.59995 0.300044  1.40003
 69.5973 -2.76401  119.622        0        0        0
0 0 1
3
  1.59996 -0.349985   1.40002
 78.2717 -2.76378  112.016        0        0        0
0 0 1
4
 1.09999 0.149985 0.400023
-62.528 2.26261 194.411 11.6923 15.5521       0
0 0 1
3
2
 1.59996 0.300047      1.4
210.391 62.3636 262.989       0       0       0
0 0 1
3
 1.59997 -0.34999  1.39999
-2.0191 2.80191 3.50238       0       0       0
0 0 1
4
 1.09996 0.149983 0.400014
-208.372 -65.1661  363.806 -29.1008  29.1045        0
0 0 1
4
2
1.59995 0.30006 1.39997
  87.722 -5.42504  109.652        0        0        0
0 0 1
3
  1.59997 -0.349986   1.39996
 87.0191 -5.42425  108.774        0        0        0
0 0 1
4
 1.09997 0.149961 0.400029
-91.688 5.42403 209.677 16.7752  16.772       0
0 0 1
5
      1.1 -0.150011  0.400013
-83.0525  5.42515  202.193  16.1757  16.1754        0
0 0 1
3
2
 1.59995 0.300072  1.39996
187.738 80.2175 234.673       0       0       0
0 0 1
4
 1.09996 0.149962 0.400032
-147.988 -40.1246  258.379  20.6715  20.6666        0
0 0 1
5
  1.10001 -0.150024  0.400033
-39.7502 -40.0927  137.246  10.9798  10.9794        0
0 0 1
4
2
 1.59995 0.300073  1.39994
 60.2662 -4.95781  126.151        0        0        0
0 0 1
4
 1.09996 0.149962 0.400032
-71.2195   6.0602   199.43  8.63937  15.9529        0
0 0 1
5
  1.10001 -0.150024  0.400033
-72.6394  6.05981  196.844    8.651  15.7476        0
0 0 1
3
 1.7 -0.3  1.6
 83.5927 -7.16219  107.872        0        0        0
0 0 1
3
4
 1.09996 0.149961 0.400032
-36.1184  20.8454  244.305  14.9338  19.5425        0
0 0 1
5
  1.10001 -0.150024  0.400033
-58.4142  20.8415  239.843  14.9458  19.1874        0
0 0 1
3
      1.7 -0.300001       1.6
 94.5325 -41.6868  146.149        0        0        0
0 0 1
4
4
 1.09995 0.149928 0.400037
 -68.0883 -0.374234   195.465   -1.6389   15.6368         0
0 0 1
5
      1.1 -0.150024   0.40003
-68.6831   -0.375   195.94 -1.62061  15.6753        0
0 0 1
3
  1.69998 -0.300009   1.59999
 67.7943 0.374308  119.931        0        0        0
0 0 1
2
     1.7 0.299992  1.59996
68.9767 0.37421  118.96       0       0       0
0 0 1
3
4
 1.09993 0.149894 0.400041
-180.244 -73.8667  314.695 -25.1609  25.1816        0
0 0 1
3
  1.69995 -0.300018   1.59998
-28.7826  37.0375  54.3189        0        0        0
0 0 1
2
     1.7 0.299983  1.59992
209.026 36.8281 261.282       0       0       0
0 0 1
4
4
 1.09993 0.149889 0.400041
-90.4206  5.35468  208.862  10.2349   16.702        0
0 0 1
3
  1.69995 -0.300017   1.59998
 77.2303 -4.53071  111.605        0        0        0
0 0 1
2
     1.7 0.299996  1.59992
 74.7475 -4.52984  117.777        0        0        0
0 0 1
5
  1.2 -0.15   0.6
-61.5572   3.7059  192.054  10.2921  15.3635        0
0 0 1
3
4
1.09993 0.14989 0.40005
 -4.9976  16.0039  230.638 -18.4421  18.4603        0
0 0 1
3
  1.69994 -0.300047   1.59997
 84.3912 -25.1272  142.453        0        0        0
0 0 1
5
  1.19996 -0.149967  0.600004
-79.3944  9.12341  257.207 -20.5776  20.5736        0
0 0 1
4
4
 1.09993 0.149887 0.400052
-65.7406 -3.44892  192.869 -6.74953  15.4316        0
0 0 1
3
  1.69993 -0.300042   1.59997
46.2711  2.4642 132.736       0       0       0
0 0 1
5
  1.19996 -0.149967  0.600004
-47.8763 -2.46504  185.457 -6.70152  14.8353        0
0 0 1
2
 1.79999 0.300005  1.79998
67.3458 3.44985 119.235       0       0       0
0 0 1
3
3
  1.69993 -0.300036   1.59997
 163.684 -9.62882  204.606        0        0        0
0 0 1
5
  1.19996 -0.149966  0.600005
-185.29 26.3421 323.506  25.875 25.8809       0
0 0 1
2
1.79999 0.30001 1.79995
21.6055 -16.713 102.186       0       0       0
0 0 1
4
3
  1.69993 -0.300035   1.59997
61.2322 4.86428  125.55       0       0       0
0 0 1
5
  1.19996 -0.149974  0.600007
-71.8854 -5.94594  199.789 -7.94525  15.9816        0
0 0 1
2
 1.79997 0.300007  1.79995
84.2546 7.02645 107.546       0       0       0
0 0 1
4
 1.20001 0.149976 0.600001
-73.6016 -5.94518  197.412 -7.96173  15.7935        0
0 0 1
3
5
  1.19996 -0.149983  0.600009
-36.2729 -21.0671  244.592 -13.6602  19.5665        0
0 0 1
2
 1.79995 0.300003  1.79995
95.9439 42.1293 145.192       0       0       0
0 0 1
4
 1.20001 0.149953 0.600001
-59.6712 -21.0626  240.513 -13.6805  19.2428        0
0 0 1
4
5
  1.19993 -0.149927  0.600025
-67.6098 -1.02429  195.467 -4.42313   15.635        0
0 0 1
2
 1.79994 0.300042  1.79996
68.4316 1.02402 119.017       0       0       0
0 0 1
4
 1.20001 0.149948 0.600001
 -65.971 -1.02337  194.133 -4.45909  15.5311        0
0 0 1
3
  1.79998 -0.300049       1.8
65.1483 1.02398 121.681       0       0       0
0 0 1
3
5
  1.19993 -0.149927  0.600025
-11.381 25.2069  217.24 17.3745 17.3831       0
0 0 1
4
 1.20001 0.149948 0.600001
 -63.45 25.2265  261.61 20.9317 20.9262       0
0 0 1
3
 1.79998 -0.30005  1.79999
  74.831 -50.4334  151.448        0        0        0
0 0 1
4
5
  1.19993 -0.149926  0.600026
 -50.1523 -0.955714   185.519   6.52883   14.8422         0
0 0 1
4
     1.2 0.149942 0.600003
 -54.9417 -0.953345   187.454   6.50224   14.9951         0
0 0 1
3
  1.79998 -0.300056   1.79999
 49.2512 0.807499  130.751        0        0        0
0 0 1
2
     1.9 0.299996        2
55.8427 1.10138 126.573       0       0       0
0 0 1
3
4
     1.2 0.149942 0.600003
-146.821  5.65297  292.217 -15.1981  23.3796        0
0 0 1
3
  1.79998 -0.300045   1.79997
 42.9484 -2.17403  182.315        0        0        0
0 0 1
2
     1.9 0.299996        2
103.873 -3.4789 155.765       0       0       0
0 0 1
4
4
     1.2 0.149941 0.600004
-73.5829  13.0541   201.58   16.129  16.1237        0
0 0 1
3
  1.79998 -0.300043   1.79997
 66.6902 -9.32449  114.057        0        0        0
0 0 1
2
 1.90001 0.299999  1.99998
40.6171 -13.053 138.281       0       0       0
0 0 1
5
  1.3 -0.15   0.8
-33.7244  9.32336   176.38  14.1104  14.1104        0
0 0 1
3
4
     1.2  0.14994 0.600004
 -50.8293  -14.1643   236.074 -0.113754   18.8856         0
0 0 1
2
     1.9 0.299997  1.99999
67.7184 23.0178 167.096       0       0       0
0 0 1
5
      1.3 -0.149996  0.800003
 -16.8892  -8.85345   227.127 -0.101792   18.1702         0
0 0 1
4
4
     1.2 0.149939 0.600005
-47.9385  4.53844  184.283  13.4827  14.7404        0
0 0 1
2
     1.9 0.299999  1.99999
 35.1484 -3.93285  139.951        0        0        0
0 0 1
5
      1.3 -0.149996  0.800004
-31.2873  3.32775  174.207  13.4904  13.9366        0
0 0 1
3
1.89999    -0.3 2.00002
 44.0772 -3.93331  131.857        0        0        0
0 0 1
3
2
 1.89999 0.300011  1.99992
-44.2145 -43.7809  56.0393        0        0        0
0 0 1
5
      1.3 -0.150009  0.800027
-173.23 87.4871  302.45 24.1954 24.1966       0
0 0 1
3
  1.90003 -0.299907   1.99992
 217.445 -43.7049  271.807        0        0        0
0 0 1
4
2
1.89999 0.30002       2
  33.9752 0.0547772   138.863         0         0         0
0 0 1
3
      1.9 -0.299995   1.99998
 33.8006 0.054771  139.004        0        0        0
0 0 1
4
 1.29998 0.150011 0.800028
  -33.8455 -0.0548355     176.18  -0.238954    14.0943          0
0 0 1
5
  1.29998 -0.150006  0.800067
  -33.9301 -0.0545836     176.25  -0.239354    14.0999          0
0 0 1
