2
4
   0.899993    0.150011 2.72273e-05
-9.28992e-07  1.14818e-05      314.463     -4.57036      8.47096            0
0 0 1
5
   0.899991   -0.149991 2.19901e-05
-8.73023e-07  -1.2454e-05      315.834     -4.57036      8.47096            0
0 0 1
3
4
   0.899992    0.150011 3.29631e-05
-15.973 8.26333 225.017 18.0028 17.9998       0
0 0 1
5
    0.89999   -0.149991 2.76642e-05
-7.17211  8.26352  213.329  17.0678  17.0648        0
0 0 1
3
  1.39999 -0.299981   1.00001
  23.145 -16.5266  191.952        0        0        0
0 0 1
4
4
   0.899993     0.15001 3.41115e-05
 -23.5363 -0.257283   170.617  -1.08955   13.6494         0
0 0 1
5
   0.899991   -0.149992 2.89973e-05
 -23.8798 -0.257241   170.941  -1.08928   13.6753         0
0 0 1
3
      1.4 -0.299985   1.00002
 23.3652 0.257249  144.696        0        0        0
0 0 1
2
     1.4 0.300001        1
 24.0511 0.257234  144.044        0        0        0
0 0 1
3
4
   0.899993     0.15001 3.52617e-05
 4.06416 -10.5778  208.219 -16.6573  2.26604        0
0 0 1
5
   0.899991   -0.149992 3.03341e-05
-24.8617  -10.578   232.05 -18.5638  2.26742        0
0 0 1
2
     1.4 0.300002  1.00001
20.7977 21.1558 190.029       0       0       0
0 0 1
4
4
   0.899993     0.15001 3.83268e-05
-27.6084  1.78163  173.371 0.793715  13.8695        0
0 0 1
5
   0.899991   -0.149992 3.35387e-05
-29.0741   1.7817  173.134 0.794446  13.8505        0
0 0 1
2
1.40001 0.30002 1.00003
 24.6537 -1.45761  144.712        0        0        0
0 0 1
3
      1.5 -0.299986   1.20002
 32.0288 -2.10544  139.081        0        0        0
0 0 1
3
4
   0.899993     0.15001 4.13898e-05
-28.4422  10.4376  232.341  18.5877  8.06394        0
0 0 1
5
   0.899991   -0.149993 3.67411e-05
1.82091 10.4379 209.527 16.7626 8.06293       0
0 0 1
3
      1.5 -0.299972   1.20005
 26.6213 -20.8753  188.431        0        0        0
0 0 1
4
4
  0.899992   0.150009 5.9431e-05
-31.7581 -1.24035  174.771 -5.37887   13.982        0
0 0 1
5
  0.899989   -0.14999 5.6503e-05
-33.7432 -1.24034  176.373 -5.37817  14.1101        0
0 0 1
3
  1.49999 -0.299965   1.20007
30.7673 1.24052  141.19       0       0       0
0 0 1
2
 1.49999 0.300006  1.20001
34.7338 1.24019 137.965       0       0       0
0 0 1
3
4
   0.899987    0.150037 7.84807e-05
-19.8658 -8.76139  219.769 -16.7037  17.5824        0
0 0 1
5
   0.899988    -0.14998 5.70789e-05
-16.7451 -8.76158  224.748 -16.7037  17.9807        0
0 0 1
2
     1.5 0.300002  1.20002
36.6109 17.5234 185.781       0       0       0
0 0 1
4
4
   0.899986    0.150065 9.46479e-05
-34.7589 0.776608  176.806 -3.99177  14.1444        0
0 0 1
5
   0.899989   -0.149966 5.85863e-05
-37.8725 0.776777  177.996 -3.99207  14.2396        0
0 0 1
2
     1.5 0.299985  1.20003
    33.84 -0.656822   139.345         0         0         0
0 0 1
3
      1.6 -0.299972   1.40002
  38.7916 -0.895923   136.152         0         0         0
0 0 1
3
4
  0.899985   0.150092 0.00011082
-121.977 -8.45974  281.875 -22.5497  22.5497        0
0 0 1
2
     1.5 0.299969  1.20005
100.833 3.25538 151.362       0       0       0
0 0 1
3
  1.60001 -0.299944   1.40004
21.1445 5.20498 197.061       0       0       0
0 0 1
4
4
   0.899985    0.150092 0.000110902
-67.4076  1.38419  195.092  -15.546   15.607        0
0 0 1
2
     1.5 0.299948  1.20003
  62.4202 -0.988528   123.411         0         0         0
0 0 1
3
  1.60001 -0.299945   1.40003
 62.1602 -1.38432  122.354        0        0        0
0 0 1
5
    1 -0.15   0.2
-57.1728 0.988497  189.441 -15.1552  15.1552        0
0 0 1
3
2
     1.5 0.299945  1.20003
 46.4972 0.357234  142.239        0        0        0
0 0 1
3
  1.60001 -0.299955   1.40003
 135.809 0.628283  169.761        0        0        0
0 0 1
5
        1 -0.149999  0.200001
 -182.306 -0.985587   318.297   25.4637   25.4637         0
0 0 1
4
2
     1.5 0.299947  1.20004
 49.5316 -1.98186  130.723        0        0        0
0 0 1
3
      1.6 -0.299951   1.40002
 60.7668 -2.86276  122.463        0        0        0
0 0 1
5
        1 -0.150004  0.200007
-57.3535  2.42234  188.995 -2.94427  15.1196        0
0 0 1
4
       1 0.149997 0.200004
-52.9449  2.42229  188.117 -2.94516  15.0494        0
0 0 1
3
3
      1.6 -0.299956       1.4
 102.125 -34.1249   139.04        0        0        0
0 0 1
5
       1    -0.15 0.200008
-84.9221  17.0626  256.027 -20.4821  20.4822        0
0 0 1
4
       1 0.150001 0.200006
-17.2028  17.0623   235.23 -18.8182  18.8186        0
0 0 1
4
3
      1.6 -0.299954       1.4
60.5412 3.26913 125.174       0       0       0
0 0 1
5
 0.999994 -0.149951   0.20002
-68.3878 -3.26889  196.337 -14.1539  15.7046        0
0 0 1
4
       1 0.150003 0.200007
-63.1579 -3.26865  192.113 -14.1687  15.3691        0
0 0 1
2
     1.6 0.300003      1.4
71.0045 3.26911 116.674       0       0       0
0 0 1
3
3
  1.59999 -0.299967   1.39996
-35.8052  38.6752  48.3439        0        0        0
0 0 1
4
       1 0.150005 0.200019
-179.308 -80.6289  313.062 -25.0454   25.045        0
0 0 1
2
 1.59999 0.299991  1.39998
215.113 41.9529 268.891       0       0       0
0 0 1
4
3
  1.59998 -0.299995   1.39994
  70.9007 -0.418664   117.023         0         0         0
0 0 1
4
0.999998 0.150005 0.200023
-87.1286 0.494498  206.089  -7.3891  16.4871        0
0 0 1
2
 1.59999 0.299967  1.39997
  80.6863 -0.418642   112.587         0         0         0
0 0 1
5
      1.1 -0.149995  0.400006
-64.4586 0.342269  194.599 -7.38867  15.5678        0
0 0 1
3
4
0.999994 0.149999 0.200026
-85.8658 -13.6159  256.376  20.5097  20.5102        0
0 0 1
2
 1.59999 0.299979  1.39996
 84.049 21.3985 152.191       0       0       0
0 0 1
5
  1.09999 -0.149981  0.400008
 1.81703 -7.78163   221.73  17.7376  17.7393        0
0 0 1
4
4
 0.99999 0.150001 0.200027
-67.142 3.49725 195.301 -7.0032 15.6239       0
0 0 1
2
 1.59998 0.300011  1.39996
 57.7282 -2.49784  126.777        0        0        0
0 0 1
5
  1.09998 -0.149982  0.400008
-54.1302  2.49806  187.348 -7.00067  14.9872        0
0 0 1
3
      1.7 -0.300004   1.59999
  63.544 -3.49728  120.871        0        0        0
0 0 1
3
2
 1.59997 0.300034  1.39993
 38.6062 -2.59005  135.724        0        0        0
0 0 1
5
  1.09995 -0.149979  0.400003
-181.189  7.13796  316.345  25.3029  25.3077        0
0 0 1
3
  1.69998 -0.300048   1.59998
 142.582 -4.54823  178.227        0        0        0
0 0 1
4
2
 1.59996 0.300029  1.39994
76.9839 1.49057  112.71       0       0       0
0 0 1
5
  1.09995 -0.149983  0.399998
-84.0297 -1.82093  205.417 -16.4337  16.4308        0
0 0 1
3
  1.69998 -0.300061   1.59996
77.1456 2.15322 114.617       0       0       0
0 0 1
4
 1.09999 0.149997 0.400005
-70.0999 -1.82303  197.553 -15.8043  15.8042        0
0 0 1
3
5
  1.09995 -0.149977  0.400004
-62.8207  20.7772  242.279  4.65558   19.382        0
0 0 1
3
  1.69998 -0.300047   1.59996
 97.2685 -41.5497  144.363        0        0        0
0 0 1
4
 1.09999 0.149996 0.400003
-34.4479  20.7726  243.656  4.63993  19.4924        0
0 0 1
4
5
  1.09995 -0.149977  0.400004
-66.383 1.47173 194.288 6.38365 15.5429       0
0 0 1
3
  1.69998 -0.300046   1.59996
69.9072 -1.4718 118.003       0       0       0
0 0 1
4
 1.09999 0.149996 0.400003
-68.7345  1.47197  196.182  6.37074  15.6945        0
0 0 1
2
1.7 0.3 1.6
 65.2103 -1.47189  121.824        0        0        0
0 0 1
3
5
  1.09995 -0.149977  0.400004
-33.5119 -18.9425  241.376 -18.1769   19.307        0
0 0 1
4
 1.09999 0.149993 0.400002
-51.0078 -18.9398  235.949 -18.1933  18.8761        0
0 0 1
2
     1.7 0.299994      1.6
84.5196  37.882 152.972       0       0       0
0 0 1
4
5
  1.09995 -0.149977  0.400004
-64.4775 -7.07193  195.251 -15.6212  15.6168        0
0 0 1
4
 1.09999 0.149993 0.400002
-45.3114 -7.07487  182.561 -14.6044  14.6051        0
0 0 1
2
 1.70001 0.299962  1.59999
65.6169 5.98463 117.616       0       0       0
0 0 1
3
      1.8 -0.300001       1.8
44.1721 8.16194 134.869       0       0       0
0 0 1
3
5
  1.09994 -0.150004  0.400011
-41.1944  12.3491   231.08 -1.05083  18.4857        0
0 0 1
4
 1.09999  0.14997 0.400003
-24.6883  12.3466  230.761 -1.06026  18.4609        0
0 0 1
3
  1.79999 -0.300001   1.79998
 65.8821 -24.6959  168.456        0        0        0
0 0 1
4
5
  1.09995 -0.150001  0.400018
-42.9836 -1.80463  181.232 -8.18125  14.4969        0
0 0 1
4
 1.09999 0.149963 0.400017
-39.6202 -1.80507  178.789 -8.18714   14.303        0
0 0 1
3
  1.79998 -0.299971   1.80001
37.9382 1.80543 137.594       0       0       0
0 0 1
2
 1.79998 0.300039  1.79997
 44.665 1.80513 132.682       0       0       0
0 0 1
3
5
  1.09995 -0.150008   0.40002
-136.355  4.47439  287.641   23.007  23.0113        0
0 0 1
3
  1.79997 -0.299939   1.80001
107.503  -2.239 150.229       0       0       0
0 0 1
2
 1.79997 0.300063  1.79996
 28.8523 -2.23524  192.428        0        0        0
0 0 1
4
5
  1.09995 -0.149995  0.400022
-60.6008 -2.27034  190.933 -3.38426  15.2733        0
0 0 1
3
  1.79997 -0.299935   1.80001
52.2102 1.96803 129.748       0       0       0
0 0 1
2
 1.79996 0.300068  1.79998
52.6439 1.96793 127.714       0       0       0
0 0 1
4
     1.2 0.150007 0.600007
-44.2533 -1.66539  181.903  -3.3909  14.5522        0
0 0 1
3
3
  1.79997 -0.299922   1.79995
 57.1063 -7.24458  169.761        0        0        0
0 0 1
2
 1.79996 0.300066  1.79995
 113.298 -7.24295  152.535        0        0        0
0 0 1
4
     1.2 0.150006 0.600019
-170.405  14.4876      308 -24.6404   24.639        0
0 0 1
4
3
  1.79997 -0.299907   1.79994
 66.9106 -2.03018  119.476        0        0        0
0 0 1
2
 1.79996 0.300031  1.79996
 60.3858 -2.03048  124.771        0        0        0
0 0 1
4
 1.19998 0.149965 0.600022
-65.2783     2.03  194.341  8.80836  15.5452        0
0 0 1
5
  1.19999 -0.149997  0.599997
-62.0183  2.02999  191.709  8.81894  15.3362        0
0 0 1
3
3
  1.79996 -0.299939   1.79995
  214.49 -40.6346  268.113        0        0        0
0 0 1
2
 1.79994 0.300062  1.79993
-35.2829 -39.4378  49.2973        0        0        0
0 0 1
5
  1.19999 -0.150003   0.60001
-179.208  80.0723  312.887  25.0333  25.0275        0
0 0 1
4
3
  1.79994 -0.299957   1.79994
 78.434 2.14688 114.636       0       0       0
0 0 1
2
 1.79991 0.300052  1.79994
 73.742 2.14666 114.644       0       0       0
0 0 1
5
  1.19999 -0.150016  0.600017
  -88.7498   -2.53728    207.382 -0.0149183    16.5904          0
0 0 1
4
     1.3  0.14999 0.800006
   -63.427   -1.75632    193.635 0.00830691    15.4908          0
0 0 1
3
3
  1.79995 -0.299965    1.7999
0.124058 0.270559 0.338198        0        0        0
0 0 1
2
 1.79992 0.300045   1.7999
210.198 62.7086 262.748       0       0       0
0 0 1
4
 1.29997 0.149988 0.799991
-210.322   -62.98   367.21 -29.3755  29.3749        0
0 0 1
4
3
  1.79995 -0.299956    1.7999
 90.1942 -7.78911  112.743        0        0        0
0 0 1
2
 1.79992 0.300049  1.79989
 82.6946 -7.79218  105.898        0        0        0
0 0 1
4
 1.29997 0.149978 0.799984
-104.943  7.78981   217.27  17.3804  17.3811        0
0 0 1
5
  1.29999 -0.149989  0.800007
-67.9457  7.79163  194.386  15.5511  15.5508        0
0 0 1
3
2
 1.79992 0.300054  1.79988
 167.53 61.4666 209.413       0       0       0
0 0 1
4
 1.29998 0.149968 0.799976
-148.909 -30.7375  259.987  20.7971  20.7985        0
0 0 1
5
  1.29999 -0.149978  0.800013
-18.6215 -30.7289  160.898   12.872  12.8715        0
0 0 1
4
2
 1.79992 0.300017  1.79986
80.4008 4.15979 108.783       0       0       0
0 0 1
4
 1.29998 0.149968 0.799976
-66.2862 -5.08514  195.225  -15.618   15.617        0
0 0 1
5
  1.29999 -0.149978  0.800014
-84.8566 -5.08353  207.132 -16.5703  16.5709        0
0 0 1
3
      1.9 -0.299996   1.99997
70.7423 6.00856 119.157       0       0       0
0 0 1
3
4
 1.29997 0.149965 0.799977
-34.2082  20.5777  243.366  5.10961   19.469        0
0 0 1
5
  1.29999 -0.149978  0.800013
-61.9997   20.577  241.842  5.10484  19.3473        0
0 0 1
3
      1.9 -0.299999   1.99996
 96.2077 -41.1549  145.089        0        0        0
0 0 1
4
2
1.89999 0.30002       2
  33.9749 0.0547073   138.863         0         0         0
0 0 1
3
      1.9 -0.299995   1.99998
  33.8002 0.0547011   139.005         0         0         0
0 0 1
4
 1.29998 0.150011 0.800028
  -33.8454 -0.0548558     176.18  -0.238971    14.0942          0
0 0 1
5
  1.29998 -0.150006  0.800067
 -33.9301 -0.054604    176.25 -0.239371   14.0999         0
0 0 1
