2
4
   0.899993    0.150011 2.72273e-05
-9.28992e-07  1.14818e-05      314.463     -4.57036      8.47096            0
0 0 1
5
   0.899991   -0.149991 2.19901e-05
-8.73023e-07  -1.2454e-05      315.834     -4.57036      8.47096            0
0 0 1
3
4
   0.900001    0.150015 3.58438e-05
 -53.3616   22.3751    257.55   20.6038 -0.588618         0
0 0 1
5
   0.899998    -0.14999 3.02662e-05
  10.9144   22.3759   205.604   16.4483 -0.587394         0
0 0 1
3
  1.40001 -0.299994   1.00002
 42.4475 -44.7508  167.143        0        0        0
0 0 1
4
4
   0.899999    0.150014 3.85388e-05
-31.0767 0.747252  175.222  3.14589  14.0174        0
0 0 1
5
   0.899997   -0.149991 3.29555e-05
-30.0833 0.747361  174.283  3.14564  13.9422        0
0 0 1
3
  1.40002 -0.300018   1.00004
  31.5749 -0.747459   139.451         0         0         0
0 0 1
2
     1.4 0.299994  1.00001
  29.5851 -0.747404   141.343         0         0         0
0 0 1
3
4
   0.899998    0.150013 4.12325e-05
-3.00929 -6.91171  211.199 -16.8942  14.7005        0
0 0 1
5
   0.899996   -0.149992 3.56436e-05
 -14.357 -6.91179  223.018 -17.8396  14.7005        0
0 0 1
2
     1.4 0.299988  1.00001
17.3663 13.8232 196.081       0       0       0
0 0 1
4
4
   0.899998    0.150012 4.23144e-05
-34.451 4.05386 177.798 9.21813 14.2227       0
0 0 1
5
   0.899995   -0.149992 3.66688e-05
-33.3397  4.05401  175.048  9.21787  14.0027        0
0 0 1
2
     1.4 0.299987  1.00001
 26.6205 -3.31685  144.574        0        0        0
0 0 1
3
  1.49999 -0.300013   1.20002
   41.17 -4.79113  132.877        0        0        0
0 0 1
3
4
   0.899998     0.15001 4.33959e-05
-48.4751  17.2135  248.125  19.8504   4.1096        0
0 0 1
5
   0.899995   -0.149993 3.76936e-05
7.72707  17.214 207.374 16.5905 4.11057       0
0 0 1
3
  1.49999 -0.300026   1.20003
 40.7479 -34.4276  174.798        0        0        0
0 0 1
4
4
  0.900001   0.150038 6.5987e-05
-44.7355 -1.74454  182.004 -7.57654  14.5612        0
0 0 1
5
   0.900001    -0.14997 4.54307e-05
-47.5342 -1.74446   184.26 -7.57472  14.7415        0
0 0 1
3
  1.49998 -0.300023   1.20004
43.3391 1.74497 134.288       0       0       0
0 0 1
2
 1.49999 0.300011      1.2
48.9304  1.7446 129.746       0       0       0
0 0 1
3
4
   0.900004    0.150065 8.85858e-05
-138.395 -33.8261  284.876 -22.7882  22.7934        0
0 0 1
3
 1.49998 -0.30002  1.20005
0.763667  16.9244  173.383        0        0        0
0 0 1
2
 1.49998 0.300021      1.2
137.631 16.9022 172.039       0       0       0
0 0 1
4
4
   0.899994    0.150042 9.20357e-05
 -56.7475 -0.270986   188.886  -7.01568   15.1116         0
0 0 1
3
  1.49998 -0.300016   1.20005
  45.741 0.228949  131.809        0        0        0
0 0 1
2
 1.49997 0.300045  1.19999
 53.6457 0.228627  127.605        0        0        0
0 0 1
5
 0.999997 -0.150029  0.200012
 -42.6393 -0.187017   181.997   -7.0158   14.5606         0
0 0 1
3
4
   0.899985    0.150019 9.54838e-05
-28.7312 -16.4338  224.728 -17.9761  17.9804        0
0 0 1
2
 1.49996 0.300069  1.19998
51.4893 25.8253 173.358       0       0       0
0 0 1
5
 0.999993 -0.150057  0.200024
-22.7582 -9.39196  232.211 -18.5724  18.5811        0
0 0 1
4
4
   0.900002    0.149982 9.45504e-05
-57.2201 0.991651  189.319 -13.8995  15.1477        0
0 0 1
2
 1.49996 0.300074  1.19996
  53.3351 -0.708166   128.399         0         0         0
0 0 1
5
  1.00004 -0.150106  0.200056
-48.7467 0.708128  184.682 -13.9227  14.7814        0
0 0 1
3
      1.6 -0.299979   1.39998
  52.6325 -0.992502   127.897         0         0         0
0 0 1
3
2
 1.49996 0.300057  1.19997
-34.7446 -30.7186  54.0899        0        0        0
0 0 1
5
  1.00004 -0.150104  0.200061
-177.833  84.3131  310.486  24.8536  24.8292        0
0 0 1
3
  1.59999 -0.300024   1.39993
 212.577 -53.5948  265.721        0        0        0
0 0 1
4
2
 1.49996 0.300035  1.19998
77.4383 2.01942 112.066       0       0       0
0 0 1
5
  1.00004 -0.150107  0.200064
-83.9533 -2.46562  205.617 -16.4416  16.4579        0
0 0 1
3
 1.59999 -0.30003  1.39993
75.6749 2.91401 115.633       0       0       0
0 0 1
4
0.999998 0.149992 0.199998
  -69.16 -2.46811  196.981 -15.7581  15.7587        0
0 0 1
3
2
 1.49992 0.300097  1.19997
212.923 56.8605 266.153       0       0       0
0 0 1
3
  1.59997 -0.300023   1.39995
-18.5327  19.7982  24.7478        0        0        0
0 0 1
4
0.999982 0.149975 0.200017
-194.392 -76.6592  339.397 -27.1489  27.1526        0
0 0 1
4
2
1.49992 0.30009 1.19997
  85.817 -4.06934  109.111        0        0        0
0 0 1
3
  1.59994 -0.300061   1.39996
 87.5909 -6.10469  109.489        0        0        0
0 0 1
4
0.999982 0.149975 0.200022
-102.579  6.10442  215.255   1.1802  17.2198        0
0 0 1
5
      1.1 -0.149999  0.400007
-70.8295  4.06895  196.444  1.19395  15.7155        0
0 0 1
3
3
  1.59994 -0.300051   1.39996
 132.253 -81.3989  165.316        0        0        0
0 0 1
4
0.999982 0.149973 0.200023
-86.7804  51.8027  259.302 -14.8446   20.745        0
0 0 1
5
      1.1 -0.150001  0.400009
-45.4729  29.5966  205.679 -14.7977  16.4542        0
0 0 1
4
3
  1.59995 -0.300052   1.39996
 75.6188 -3.49594  112.978        0        0        0
0 0 1
4
 0.99998 0.149971 0.200024
-89.5794  4.13165  208.151  5.84272  16.6512        0
0 0 1
5
 1.09999    -0.15 0.400005
-62.2775  2.86061   192.69  5.83867  15.4144        0
0 0 1
2
    1.6 0.30002     1.4
 76.2382 -3.49622  116.478        0        0        0
0 0 1
3
4
0.999977 0.149969 0.200024
-93.9204 -7.21069  262.575  21.0076   21.003        0
0 0 1
5
  1.09999 -0.150001  0.400004
 17.1271 -4.11917  212.324   16.987  16.9851        0
0 0 1
2
     1.6 0.300035  1.39997
76.7933 11.3301 155.398       0       0       0
0 0 1
4
4
0.999968 0.149944 0.200027
-60.7914  9.36298  192.824   15.427  15.4239        0
0 0 1
5
  1.09997 -0.149999  0.400004
-40.8161  6.68766  179.001  14.3194  14.3196        0
0 0 1
2
 1.59999 0.300034  1.39998
 39.2925 -6.68749  139.004        0        0        0
0 0 1
3
  1.69999 -0.300001   1.60001
 62.3146 -9.36309  119.468        0        0        0
0 0 1
3
5
  1.09999 -0.150015   0.40004
-180.614  85.4021  315.342  25.2264  25.2256        0
0 0 1
2
 1.59998 0.300075  1.39993
-35.0795 -31.0607  45.3351        0        0        0
0 0 1
3
  1.70001 -0.299979   1.59996
 215.695 -54.3409  269.619        0        0        0
0 0 1
4
5
  1.09999 -0.150015   0.40004
-85.6176 -1.83594  206.335 -16.5058  16.5059        0
0 0 1
2
 1.59999 0.300006   1.3999
78.4174 1.50248 111.863       0       0       0
0 0 1
3
  1.70001 -0.299979   1.59996
78.6601 2.17136 113.748       0       0       0
0 0 1
4
 1.1 0.15  0.4
-71.4599 -1.83838   198.35 -15.8681  15.8679        0
0 0 1
3
2
 1.59999 0.300016  1.39987
208.607 45.6725 260.759       0       0       0
0 0 1
3
  1.70004 -0.299957   1.59992
-15.2238  25.5229  31.9036        0        0        0
0 0 1
4
 1.10001 0.149979 0.400007
-193.382 -71.1958  337.634 -27.0102  27.0108        0
0 0 1
4
2
1.59999 0.30002 1.39986
 79.9646 -4.94937  113.598        0        0        0
0 0 1
3
  1.70004 -0.299949   1.59992
 86.5694 -7.42533  108.212        0        0        0
0 0 1
4
 1.09999 0.149978 0.400003
-98.1412  7.42502  213.478  3.46748  17.0778        0
0 0 1
5
  1.19999 -0.150004  0.599996
-68.3927  4.94964  195.009  3.46614  15.6004        0
0 0 1
3
3
  1.70004 -0.299946   1.59989
 154.564 -87.5625  193.205        0        0        0
0 0 1
4
 1.09999 0.149978 0.400004
-87.2784  55.7183  241.157 -19.2921  19.2928        0
0 0 1
5
  1.19999 -0.150004  0.599997
-67.2854   31.844  195.936 -15.6742  15.6751        0
0 0 1
4
3
 1.70004 -0.29995  1.59986
69.7234 1.21033 118.393       0       0       0
0 0 1
4
1.09998 0.14997     0.4
-87.4637 -1.43258  205.916 -14.5549  16.4728        0
0 0 1
5
  1.19996 -0.150004  0.600001
 -66.8181 -0.991786   196.319  -14.5587   15.7054         0
0 0 1
2
 1.69999 0.299945      1.6
84.5582 1.21357 109.669       0       0       0
0 0 1
3
3
  1.70005 -0.299945   1.59984
 208.576 -58.9745  260.719        0        0        0
0 0 1
5
  1.19994 -0.150002   0.59999
-210.126  61.1421  366.868  29.3466  29.3448        0
0 0 1
2
     1.7 0.299952  1.59998
 1.55064 -2.16689  2.70862        0        0        0
0 0 1
4
3
  1.70005 -0.300036   1.59983
90.1721 7.66077 112.715       0       0       0
0 0 1
5
  1.19994 -0.150002   0.59999
-112.456 -7.66616  209.935 -16.7923  16.7933        0
0 0 1
2
 1.70001 0.299928  1.59999
96.8075 7.67805 121.009       0       0       0
0 0 1
4
 1.2 0.15  0.6
-74.5235 -7.67341  186.638  -14.931   14.931        0
0 0 1
3
5
  1.19994 -0.150002   0.59999
-69.0742 -48.7444   190.94 -11.4521  15.2742        0
0 0 1
2
 1.70001 0.299905      1.6
186.905 97.4715 233.631       0       0       0
0 0 1
4
 1.2 0.15  0.6
-117.831 -48.7278  205.726  -11.405  16.4581        0
0 0 1
4
5
  1.19991 -0.150002  0.600057
-82.2784 -4.73759  205.538 -16.4401  16.4435        0
0 0 1
2
 1.70002 0.299854  1.60002
77.8169 3.87851 110.487       0       0       0
0 0 1
4
 1.20005 0.149958 0.600014
-64.5261 -4.74635  194.197 -15.5354   15.537        0
0 0 1
3
      1.8 -0.300012       1.8
68.9879 5.60406 120.077       0       0       0
0 0 1
3
5
  1.19991 -0.150005  0.600058
-60.7055  20.2676  241.172  5.78709   19.292        0
0 0 1
4
 1.20003   0.1499 0.600009
-33.8097  20.2587  242.883  5.77894  19.4299        0
0 0 1
3
     1.8 -0.30001      1.8
 94.5152 -40.5269  146.242        0        0        0
0 0 1
4
5
   1.1999 -0.150006  0.600058
-68.9211  0.29775  195.957  1.30506  15.6753        0
0 0 1
4
 1.20002 0.149846 0.600013
-69.4187 0.300355  196.336   1.2833  15.7063        0
0 0 1
3
  1.79999 -0.300019   1.79999
  69.6607 -0.299442   118.607         0         0         0
0 0 1
2
1.8 0.3 1.8
  68.6791 -0.299445   119.397         0         0         0
0 0 1
3
5
   1.1999 -0.150007  0.600058
-181.281  74.5789  316.507  25.3206  25.3139        0
0 0 1
3
  1.79999 -0.300028   1.79999
 210.542 -37.2899  263.178        0        0        0
0 0 1
2
     1.8 0.299999      1.8
 -29.261 -37.2893  50.6126        0        0        0
0 0 1
4
5
   1.1999 -0.150005  0.600057
-91.7465 -3.31063  209.225 -2.58725  16.7366        0
0 0 1
3
  1.79998 -0.300038   1.79998
 79.786 2.80091 114.158       0       0       0
0 0 1
2
     1.8 0.300001      1.8
76.7645 2.80105 112.612       0       0       0
0 0 1
4
     1.3 0.150001 0.799999
-64.8041 -2.29125  194.303 -2.57219  15.5441        0
0 0 1
3
3
 1.79999 -0.30004  1.79997
-0.791364   2.79008    3.4876         0         0         0
0 0 1
2
1.80001     0.3 1.79998
 209.68  60.824 262.101       0       0       0
0 0 1
4
 1.29997 0.149999 0.799991
-208.889 -63.6146  364.709 -29.1746  29.1748        0
0 0 1
4
3
  1.79997 -0.300023   1.79997
 100.704 -5.01127   125.88        0        0        0
0 0 1
2
 1.79996 0.300082  1.79997
  96.376 -5.01235   120.47        0        0        0
0 0 1
4
 1.29995 0.149983 0.800027
-110.948  5.01138  199.591  15.9668  15.9651        0
0 0 1
5
  1.29998 -0.150008  0.800021
-86.1341   5.0132  184.357  14.7484   14.748        0
0 0 1
3
2
1.79995 0.30008 1.79996
185.822 96.8519 232.277       0       0       0
0 0 1
4
 1.29995 0.149983 0.800027
-117.374  -48.428  204.928 -15.6562  16.3937        0
0 0 1
5
  1.29998 -0.150008  0.800021
-68.4485  -48.424  193.092 -15.4468  15.4474        0
0 0 1
4
2
 1.79995 0.300056  1.79995
84.3825 5.52386 105.478       0       0       0
0 0 1
4
 1.29995 0.149983 0.800027
-66.4888 -6.74974  195.297  -15.622   15.624        0
0 0 1
5
  1.29998 -0.150008  0.800021
-87.7791 -6.75248  209.439 -16.7544  16.7551        0
0 0 1
3
      1.9 -0.300001         2
69.8854 7.97814 120.083       0       0       0
0 0 1
3
4
 1.29995 0.149983 0.800027
-3.89961  13.4381  228.179 -18.2531  18.2555        0
0 0 1
5
  1.29998 -0.150008  0.800021
-95.7756  13.4277  263.585 -21.0859  21.0868        0
0 0 1
3
      1.9 -0.300003   1.99999
99.6752 -26.866 138.533       0       0       0
0 0 1
4
2
1.89999 0.30002       2
 33.9747 0.054866  138.863        0        0        0
0 0 1
3
      1.9 -0.299995   1.99998
  33.8003 0.0548598   139.005         0         0         0
0 0 1
4
 1.29998 0.150011 0.800028
  -33.8454 -0.0549788     176.18  -0.238995    14.0942          0
0 0 1
5
  1.29998 -0.150006  0.800067
  -33.9299 -0.0547269     176.25  -0.239395    14.0999          0
0 0 1
