    1.33827 -0.00217744    0.705991     2.59735     1.95099    -2.44997    0.182659    -1.73621  -0.0713825     1.16209   -0.707202   -0.196242     -1.0651    -1.11442    -1.21558    0.961322   -0.811172    0.261799    0.307117   -0.176011   -0.901178    0.485413    0.240006   -0.226283    0.734657   -0.072093   -0.440681    -0.70564   -0.605065    -0.34431   -0.717141   -0.192935    0.314359   0.0750764
  1.27035 -0.119648  0.742244   2.45934   1.85837  -2.25022  0.654337  -1.49321  0.423543  0.380837 -0.272367 -0.261799  -1.39778  -1.28551   -1.5708   0.93577 -0.748959 0.0605406  0.098427 -0.204277  -1.13697  0.695578  0.130591 -0.192778  0.626033  0.122634 -0.478011 -0.997507 -0.545558 -0.391793 -0.460044 0.0716488  0.213415 -0.171719
    1.2078 -0.0915583   0.766001    2.47109     1.7491   -2.37004   0.508946   -1.66561   0.390128  0.0839761   0.131295 -0.0726923   -1.47268   -1.36415    -1.5708    0.62439  -0.494121  0.0993177   0.127621 -0.0971612   -1.25658   0.755943   0.041186  -0.244055   0.555393   0.209419   -0.26253   -1.24211  -0.601404  -0.347134  -0.451153     0.1222   0.358896 -0.0583011
   1.30048  -0.209381    0.74972      2.715     1.7292   -2.54955   0.700338   -1.52314   0.608352   0.120984 -0.0288018  -0.198736    -1.3617    -1.4633   -1.43726   0.790465  -0.672825 -0.0638407  -0.236029  -0.126518    -1.2125   0.770516  -0.185093  -0.258391   0.539198    0.21128  -0.316436   -1.00529   -0.44344  -0.701152  -0.368881  0.0663756  0.0477918 -0.0584468
  1.32196 -0.294368  0.719943   3.19771   1.98286  -2.99057   1.18925  -1.52861   1.10766  0.788675 -0.400132 -0.261799  -1.07777  -1.52368  -1.12552   1.25984 -0.872665 -0.174397 -0.336641    0.5334  -1.36061  0.422653 -0.171452  -1.09449 -0.256297 -0.346666  0.655821   -0.1963 -0.547161 -0.919153 -0.762717  0.191094  0.227566 -0.729178
   1.42045  -0.295024   0.702303    2.75958    1.82719   -2.62158    1.39987    -1.4583    1.24807   0.699353  -0.511982  -0.261799  -0.512907   -1.51417  -0.635616    1.04912  -0.872665  -0.117943  -0.523599   0.435174   -1.50142   0.686892  -0.595281   -1.89118  -0.328045   0.310098   0.815464  -0.176935  -0.261355  -0.950763   -1.11995 0.00254338   0.132551  -0.648889
   1.47354  -0.276468   0.718166      2.518    1.88208   -2.26155    1.28735   -1.59197      1.048    0.41574  -0.208764  -0.261799   -0.43003   -1.27217  -0.658439   0.833581  -0.872665 -0.0958192  -0.435023   0.353301   -1.18172   0.573056  -0.427688   -1.92241  -0.205544    0.14031    0.53285  -0.337123  -0.476699  -0.865842   -0.26779  -0.166136  -0.398536  -0.542374
   1.47743  -0.188442   0.740896    2.90365    1.78703     -2.799    1.60352   -1.59373    1.53462   0.585638  -0.381235 -0.0887654  -0.246399  -0.899607  -0.346362  0.0211366  -0.454511   0.105082  -0.523599   0.600548   -1.11128   0.305539  -0.528546   -1.99826  -0.788693   0.160637   0.852093 -0.0330317  -0.669911  -0.392854  -0.238859  -0.678782  -0.550677  -0.750125
  1.52081 -0.286375  0.713244   2.53966   1.87509  -2.33368   1.40619  -1.53651   1.17646  0.545123 -0.349637 -0.261799 -0.378559  -1.62615 -0.609205   1.05572 -0.801655 -0.261799 -0.523599  0.541993  -1.35661   0.64291 -0.750593   -1.9004  -1.18089  0.244189   1.64689 -0.143756 -0.510071 -0.400283 -0.321254 -0.907674 -0.510985 -0.493287
    1.42612   -0.188963    0.792142     2.17755     1.98392    -2.20092     1.65806    -1.47202     1.29574    0.358627   -0.145606   -0.115706    0.311053    -1.23824  -0.0286269    0.168371   -0.261971 -0.00827239  -0.0891752    0.799088    -1.76771    0.716657    -1.38398    -1.66399    -1.37861    0.981643     2.23229    0.255431   -0.822842   -0.430138    -0.48837    -1.08094   -0.351751   -0.464873
   1.31157  -0.146894    0.84091    2.40703    2.33849   -2.61476    1.65806   -1.44499    1.12376   0.716701  -0.122568 -0.0872428   0.457787   -1.01157 0.00479337   0.250646  -0.165976  0.0515172 -0.0936847   0.158651   -1.68121   0.957645   -1.55046   -1.20388   -1.15679   0.727571     1.9972 -0.0903617  -0.734807  -0.509196   -0.85129  -0.991606    -1.0383  -0.278902
   1.44351 0.00843465   0.822234    2.86086     2.2758   -3.13241    1.05243   -1.46276    0.97125    1.18373  -0.536484   0.151544  0.0170199  -0.739716 0.00708621   0.104258  -0.230328   0.261799  -0.029176   0.321309   -1.01559    1.03164    -1.3313   -1.59452   -1.27664    1.38068    1.99039   0.324137  -0.746402  -0.529314   -1.10242  -0.920273   -1.13225  -0.209484
   1.41841  0.0201256   0.838942     2.9667    2.26089   -3.16707   0.753299   -1.49167   0.732152    1.05359  -0.421453   0.139288  -0.132251   -1.09231 -0.0876888   0.276037  -0.062454   0.260334  -0.132074   0.350024   -1.12229   0.843309   -1.32519   -1.35478   -1.32198    1.24414    2.05721   0.360901  -0.829859  -0.518818   -0.91471   -1.03006   -1.22817   -0.30897
  1.16883 0.0823573   0.77363   2.90023   2.17409  -2.93625   0.71577  -1.85578  0.723466  0.689533  0.127418  0.219434 -0.714282  -1.23455 -0.730956         0  0.351249  0.261799 0.0891636 0.0985207  -1.55542  0.830752  -1.14172  -1.00711  -1.14965  0.875158   2.10707  0.205007  -1.55363 -0.629724 -0.790102  -1.10296 -0.702819  -0.34073
   1.28337  0.0630471   0.861027    3.07375    2.38014   -3.03402  -0.342299   -1.36348  -0.382068   0.679455 -0.0658892  0.0232754  -0.521466  -0.984879  -0.444026   0.173456   0.120957   0.261799   0.186503    0.37616   -1.29989   0.832014   -1.11641   -1.42157  -0.953392    1.02397    2.14152   0.957286   -1.24731  -0.802854    -0.9389   -1.38517  -0.966807 -0.0469235
  1.84483 -0.146997  0.791376   2.97974   3.00949  -3.27048  0.308137  0.498578  0.193912  0.265084 -0.843109 -0.237468 0.0417708  0.380949  0.152265  0.304072 -0.807852 0.0632124  0.273992  0.487897  0.407761   1.22404  -0.98098  -1.97328  -1.57506     1.478      2.55  0.671377         0 0.0392988 -0.817356 -0.772349    -1.542    0.2112
   1.85722  -0.158811   0.782492    3.47191    3.30355    -3.1105  -0.118789   0.487874 -0.0119056   0.549148  -0.872463  -0.204326  -0.461795   0.919157  0.0613557   0.105522  -0.864868  0.0881572  -0.297063   0.319064   0.109235    1.41312   -1.36161   -2.10339   -1.27105      1.478    2.47329   0.537439  -0.055504   0.471444  -0.592692   -1.17971   -1.52835   0.169354
   1.75227 -0.0463082   0.796527    3.75195    3.55696   -2.85906  -0.495832   0.568685 -0.0325107   0.800735  -0.872665 -0.0440669   -1.01086    1.08853   0.255848   0.255385  -0.872665   0.261799  -0.392473  0.0380466 -0.0547756   0.974825   -1.33405   -1.64788  -0.865176    1.19905     2.5255   0.441436  -0.371562   0.505495  -0.495304   -1.12935   -1.01994  0.0598917
   1.29501  -0.263595   0.927185    3.11932    2.75065   -3.49372   0.611855  -0.582703   0.542818   0.316019  0.0630173  -0.261799   0.304825  -0.591165   0.448477   0.169075  0.0953155 -0.0209066  -0.385172    0.21104  -0.523649    1.92063  -0.855833   -1.51299  -0.923209   0.798752    2.38817  -0.809397  -0.513782   0.225844  -0.529556   -1.01749  -0.763195  0.0537962
   1.73578 -0.0362673   0.885132    3.27305    3.07675    -3.3571  -0.102689 -0.0241345   0.207533   0.632723  -0.695545 -0.0257888  -0.402736    0.21476    0.18334   0.235143  -0.590268    0.22649  -0.459971   0.401284 0.00418927   0.986283   -1.07511   -2.12543   -1.33778      1.478    1.61044   0.648618   -0.40488   0.158055   -0.98269   -1.06821    -1.3785  -0.226114
   1.88288  0.0238098   0.793376    2.82125    3.34819    -3.5367  -0.118749     1.0214   0.580512          0   -0.75782 -0.0622325  -0.332144   0.761985   0.541941          0  -0.609179   0.261799   0.167938    0.16312    1.10999  0.0346202  -0.506389   -2.30125   -1.82707   0.903245    1.60368    1.05904  -0.628471 -0.0411285   -1.63488  -0.866212  -0.691434  -0.105532
