4
0
     1.67984       0.1619 -8.31865e-07
-2.17248 -16.5185   242.34
-0 -0  1
1
     1.69494     -0.30598 -1.84034e-06
 32.2226 -0.19034  176.713
0 0 1
4
    0.997946     0.205272 -9.36961e-07
-21.6809   44.822  100.256
-0 -0  1
5
    0.993968      -0.4035 -4.34011e-06
-8.36925 -28.1131  110.989
0 0 1
3
0
     1.67984       0.1619 -8.31865e-07
  0.00147345 -0.000322658      317.194
-0 -0  1
1
     1.69494     -0.30598 -1.84034e-06
-0.00182052 0.000587152     65.9872
0 0 1
5
    0.993968      -0.4035 -4.34011e-06
0.000342688 0.000267349     247.117
0 0 1
4
0
     1.67984       0.1619 -8.31865e-07
-8.72939e-05 -0.000250755      159.634
-0 -0  1
1
     1.69494     -0.30598 -1.84034e-06
-0.000358152 -0.000385762      156.977
0 0 1
5
    0.993968      -0.4035 -4.34011e-06
-0.000397174   1.1157e-07      155.274
0 0 1
4
1.15  0.1    0
-0.000150574 -9.84729e-05      158.414
0 0 1
3
1
     1.69494     -0.30598 -1.84034e-06
0.00155754  0.0024635     339.78
0 0 1
5
    0.993968      -0.4035 -4.34011e-06
 0.000985633 -0.000596984       30.425
0 0 1
4
1.15  0.1    0
-0.00337525 -0.00236907     260.093
0 0 1
4
1
     1.69494     -0.30598 -1.84034e-06
21.3484  -27.45 235.976
0 0 1
5
    0.993968      -0.4035 -4.34011e-06
14.4041 22.4672 188.922
0 0 1
4
1.15  0.1    0
50.2584 11.3561 162.394
0 0 1
0
 2.1  0.2 0.65
 -86.011 -6.37342  43.0055
         -1 1.28488e-10 7.49511e-05
3
1
     1.69494     -0.30598 -1.84034e-06
16.2893 -15.827 32.5786
0 0 1
5
    0.993968      -0.4035 -4.34011e-06
235.115  141.53 472.017
0 0 1
0
 2.1  0.2 0.65
-251.405 -125.702  125.702
         -1 1.28488e-10 7.49511e-05
4
1
     1.69494     -0.30598 -1.84034e-06
 30.3733 -14.5157  232.511
0 0 1
5
    0.993968      -0.4035 -4.34011e-06
24.1986 29.8887 160.598
0 0 1
0
 2.1  0.2 0.65
-110.663 -25.8754  55.3315
         -1 1.28488e-10 7.49511e-05
4
1.3 0.1   0
56.0915 10.5022 181.857
-0 -0  1
3
1
     1.69494     -0.30598 -1.84034e-06
-10.7481 -51.2769  251.055
0 0 1
0
 2.1  0.2 0.65
   -60 23.269     30
         -1 1.28488e-10 7.49511e-05
4
1.3 0.1   0
70.7482 28.0078 349.242
-0 -0  1
4
1
     1.69494     -0.30598 -1.84034e-06
 25.0128 -20.5165  237.364
0 0 1
0
 2.1  0.2 0.65
-112.519 -23.9581  56.2596
         -1 1.28488e-10 7.49511e-05
4
1.3 0.1   0
61.9474 15.4143 167.385
-0 -0  1
5
1.15 -0.3    0
25.5594 29.0599 169.289
-0 -0  1
3
0
 2.1  0.2 0.65
-220.262 -106.127  110.131
         -1 1.28488e-10 7.49511e-05
4
1.3 0.1   0
 16.9222 -16.9222  33.8444
-0 -0  1
5
1.15 -0.3    0
 203.34 123.048 486.323
-0 -0  1
4
0
 2.1  0.2 0.65
-74.5559 -9.84108  37.2779
         -1 1.28488e-10 7.49511e-05
4
1.3 0.1   0
 39.096  20.411 321.673
-0 -0  1
5
1.15 -0.3    0
  95.4602 -0.725214   241.346
-0 -0  1
1
 2.1 -0.4 0.65
     -60 -9.84479       30
          -1 -4.80007e-05  7.49512e-05
3
0
 2.1  0.2 0.65
-60.916 26.7077  30.458
         -1 1.28488e-10 7.49511e-05
4
1.3 0.1   0
 158.569 -53.4174  551.013
-0 -0  1
1
 2.1 -0.4 0.65
-97.6532  26.7096  48.8266
          -1 -4.80007e-05  7.49512e-05
4
0
 2.1  0.2 0.65
 -97.2494 0.0280595   48.6247
         -1 1.28488e-10 7.49511e-05
4
1.3 0.1   0
   106.589 -0.0269702    450.352
-0 -0  1
1
 2.1 -0.4 0.65
       -60 -0.0150809         30
          -1 -4.80007e-05  7.49512e-05
5
 1.3 -0.3    0
 50.6606 0.014306  101.321
-0 -0  1
3
4
1.3 0.1   0
 46.7206 -15.6283  566.283
-0 -0  1
1
 2.1 -0.4 0.65
-62.9824   31.234  31.4912
          -1 -4.80007e-05  7.49512e-05
5
 1.3 -0.3    0
 16.2618 -15.6047  32.5236
-0 -0  1
4
4
1.3 0.1   0
0 0 0
-0 -0  1
1
 2.1 -0.4 0.65
0 0 0
          -1 -4.80007e-05  7.49512e-05
5
 1.3 -0.3    0
0 0 0
-0 -0  1
0
2.1 0.2 0.9
0 0 0
          -1 -5.78184e-10  0.000112424
3
1
 2.1 -0.4 0.65
-81.3092 -19.1291  40.6546
          -1 -4.80007e-05  7.49512e-05
5
 1.3 -0.3    0
 230.49 83.0733 515.053
-0 -0  1
0
2.1 0.2 0.9
 -149.18 -63.9444  74.5902
          -1 -5.78184e-10  0.000112424
4
1
 2.1 -0.4 0.65
-117.364 -1.40265   58.682
          -1 -4.80007e-05  7.49512e-05
5
 1.3 -0.3    0
 97.9496 -4.18947  269.293
-0 -0  1
0
2.1 0.2 0.9
-98.0083  14.6488  49.0042
          -1 -5.78184e-10  0.000112424
4
1.4 0.1   0
 117.422 -9.05774  253.319
0 0 1
3
5
 1.3 -0.3    0
127.459  113.67 481.526
-0 -0  1
0
2.1 0.2 0.9
-161.476 -79.6535   80.738
          -1 -5.78184e-10  0.000112424
4
1.4 0.1   0
 34.0168 -34.0168  68.0336
0 0 1
4
5
 1.3 -0.3    0
0 0 0
-0 -0  1
0
2.1 0.2 0.9
0 0 0
          -1 -5.78184e-10  0.000112424
4
1.4 0.1   0
0 0 0
0 0 1
1
 2.1 -0.4  0.9
0 0 0
          -1 -6.17129e-05  0.000112424
3
0
2.1 0.2 0.9
-62.7277  26.4422  31.3638
          -1 -5.78184e-10  0.000112424
4
1.4 0.1   0
 149.316 -52.8855   555.64
0 0 1
1
 2.1 -0.4  0.9
-86.588 26.4433  43.294
          -1 -6.17129e-05  0.000112424
4
0
2.1 0.2 0.9
-105.856 -14.6548  52.9282
          -1 -5.78184e-10  0.000112424
4
1.4 0.1   0
65.9507 14.6741 347.557
0 0 1
1
 2.1 -0.4  0.9
     -60 -14.6971       30
          -1 -6.17129e-05  0.000112424
5
 1.4 -0.3    0
99.9068 14.6776 199.814
-0 -0  1
