 0.392671   -0.0191674      0.95783   -0.0105976   -0.0353956    0.0267116    0.0788019    -0.458175   -0.0334518     0.741072     -0.24991   -0.0829859   -0.0311674    -0.446869   -0.0289934     0.740588     -0.25764    0.0292569   0.00010873  -0.00163887     0.956914   0.00772743   0.00150577     -1.91999 -0.000490356    -0.524224  -0.00193652     0.960553  -0.00986163  6.40194e-05     -1.91815  0.000557603    -0.523711  0.000680927
    0.396428     0.115131     0.907058   -0.0102783      0.51637      -0.0746   -0.0109624     -1.11005    0.0714683     0.743601    -0.152862    0.0966136    -0.183196    -0.899329   -0.0283089     0.349039     0.029545     0.195775    -0.337294     0.258848     0.958035   0.00755593  0.000946107     -1.91994 -0.000308101    -0.523992  -0.00121676      1.14389     -0.30159     -1.28799    -0.617596     -1.17149   0.00654275    -0.738325
   0.182557  -0.0212222    0.954529 0.000216191    -0.33708    0.040768   0.0682467   -0.194098  -0.0706656    0.427908   0.0992551  -0.0867776  -0.0331636   -0.202077  -0.0321511    0.469462   0.0707867   0.0280796    0.137702   -0.141032   -0.110272    0.643169     1.16109   -0.442652     1.51642   -0.913452    -1.39446    -0.87366    -0.33538    -1.29042    -1.06837   -0.783065   -0.849241     1.94905
   0.182467  -0.0210824    0.954512 0.000264081    -0.33727   0.0410511   0.0680124   -0.194094  -0.0709039    0.428011   0.0993307  -0.0866306  -0.0333905   -0.201899  -0.0323648    0.469443   0.0708323   0.0282341    0.137228   -0.140546   -0.111628    0.642655     1.16082   -0.443701     1.51545   -0.914247    -1.39564   -0.872623   -0.336765    -1.29078    -1.06727    -0.78415   -0.849472     1.94889
  0.483592 -0.0980504   0.940501    5.72422  -0.131252    5.54209   0.699041   0.454005   0.448188   0.742022  -0.585065  -0.261799   0.504791    0.34212   0.558505   0.390873  -0.222594 -0.0483066   0.523599   0.988624  -0.020146   0.356672   0.942961   -1.98676  -0.900575   0.956684   0.308359  -0.325023   -1.44578   -1.73174   -1.53615   -2.12141    -1.2018      -2.55
  0.499226  -0.117731   0.930057    5.71255   -0.33447    5.80322   0.742855   0.350925   0.101695   0.852952  -0.635176  -0.261799   0.523599   0.541218   0.215164   0.214612  -0.215674 -0.0955086   0.502888   0.923635     1.5344    2.03017   0.842052    -1.4724   0.178863      1.478    1.76119   0.617912   -2.43491       2.55   -1.58066   -0.96308  -0.233776   -2.51156
   0.263355   0.0849647    0.934385   -0.251114   -0.230347     0.38758  -0.0247345   -0.636024   -0.555179    0.975005   -0.161986  -0.0534335   0.0687347   -0.145547   -0.417781    0.345913 -0.00842282    0.126044    0.523599   -0.469148   -0.288998     1.50486     1.37926    -1.29718   -0.618612       1.478    0.100445  -0.0268307    -2.43964    -0.78425   -0.761994  -0.0236978       1.508   -0.457634
  0.263313  0.0849566   0.934394  -0.251075  -0.230309   0.387575 -0.0247761  -0.636051   -0.55517   0.974904   -0.16188 -0.0534401  0.0686661  -0.145647   -0.41777   0.345952 -0.0083807   0.126027   0.523599  -0.469185  -0.288947    1.50487    1.37935   -1.29705   -0.61863      1.478   0.100558  -0.026632   -2.43976   -0.78432  -0.761876 -0.0237784      1.508  -0.457733
   0.393766   0.0541531    0.939778    -11.9745   -0.150675    -11.8119   -0.523599    0.266791   -0.558505     0.35863  -0.0934808 -0.00798854    -1.54243    0.941342     -1.5708    0.166153   -0.790993    0.225539   -0.304088   -0.607733     1.53249      2.2511    -1.61415   -0.727885    -2.18216    0.621605    0.217847    0.618618    -2.89366    -2.44816       0.292    -1.68121    -1.26149        2.55
   0.518575  -0.0202058    0.939393    -19.3046    -6.19821    -13.9221    0.243743    0.683692     1.30643    0.503195   -0.519176   -0.261799 0.000524202   -0.409454   -0.224323           0   -0.716296 -0.00968426    0.523599    0.996991    -1.96413    0.833514  -0.0412098     -1.3696    -1.58581     1.19624   -0.673783   -0.616617    -1.81078    0.523049   -0.540538        2.55    -1.00206        2.55
    0.31676   0.0052737     1.02108    0.275557   -0.398448    0.476337    0.451829 -0.00224013    0.777137           0   -0.872665    0.261799   -0.886739    0.628499    -1.55895           0   -0.872665   0.0284465   -0.245088   -0.459981   -0.026751     1.46181    0.651841   -0.938342   -0.440012     1.43711    0.608684     1.31983    -2.51539       -2.55       0.292    -2.07792    -1.05425     2.10932
