2
4
   0.399993    0.150011 2.72273e-05
2.07919e-05 1.14816e-05     314.463    -4.57036     8.47096 3.25818e-06
0 0 1
5
   0.399991   -0.149991 2.19901e-05
-2.25939e-05 -1.24539e-05      315.834     -4.57036      8.47096  3.25818e-06
0 0 1
3
4
   0.399987    0.150023 5.52999e-05
 0.00379411 -0.00424591      467.69      18.706    -17.3702  0.00142548
0 0 1
5
   0.399988   -0.149977 4.66416e-05
 -0.0035274  0.00520975     162.608      6.5037    -6.50491 9.87624e-05
0 0 1
1
  0.55004 -0.699958       1.3
-2.44249e-14  2.62013e-14  7.77156e-15            0            0            0
-1.90035e-05            1 -7.01418e-05
4
4
   0.399987    0.150023 5.55662e-05
 -42.8562 -0.687467   229.491   -2.0131   9.17999   -3.4302
0 0 1
5
  0.399988  -0.149977 4.6931e-05
 -43.8849 -0.687446   230.093  -2.01311   9.20399   -3.4292
0 0 1
1
 0.550038 -0.699955   1.29999
44.4408 107.384 85.9068       0       0       0
-1.90035e-05            1 -7.01418e-05
0
0.499953 0.700013  1.20001
    42.3 -106.009  84.8068        0        0        0
-2.08616e-05           -1 -1.30293e-05
3
4
   0.399988    0.150023 5.58318e-05
-33.6305  37.4967  219.898 -8.79437  8.79521  24.1885
0 0 1
5
   0.399988   -0.149977 4.72189e-05
-26.3599  37.4907   470.39 -18.8132  18.8163  24.2069
0 0 1
0
0.499906 0.700026  1.20002
   59.99 -74.9875   -59.99        0        0        0
-2.08616e-05           -1 -1.30293e-05
4
4
   0.399988    0.150024 5.69605e-05
-0.563688   4.15545   228.006   5.46721  0.739157  0.185452
0 0 1
5
   0.399989   -0.149976 4.74608e-05
-0.508059    4.1555   226.366   5.46721  0.739157  0.185452
0 0 1
0
0.499904 0.700021  1.20003
 0.22128 -114.109  91.2869        0        0        0
-2.08616e-05           -1 -1.30293e-05
1
 0.500005 -0.699995       1.7
0.850478  105.798  84.6381        0        0        0
-2.08602e-05            1 -7.81734e-05
3
4
   0.399987    0.150026 5.94163e-05
  0.98461  -13.5016   316.509   12.6603  -1.24306 -0.720572
0 0 1
5
    0.39999   -0.149972 4.80046e-05
 0.767949  -13.5006   292.187   11.6874  -1.24309 -0.720756
0 0 1
1
 0.500005 -0.699998   1.69999
-1.75257   27.002  21.6016        0        0        0
-2.08602e-05            1 -7.81734e-05
4
4
   0.399988    0.150025 7.06259e-05
 -13.9711  0.658572   227.345  0.770802   9.09372 0.0435069
0 0 1
5
   0.399989   -0.149972 5.67366e-05
 -13.9582  0.658588   227.114  0.770863   9.08449 0.0436256
0 0 1
1
 0.500006 -0.699998   1.69998
13.9955  109.24 87.3921       0       0       0
-2.08602e-05            1 -7.81734e-05
0
0.500019 0.699982  1.69999
 13.9341 -110.558  88.4461        0        0        0
-2.08602e-05           -1 -7.81734e-05
3
4
   0.399988    0.150025 8.18509e-05
-36.1416 -15.8298  354.882 -12.9064  14.1967 -3.53648
0 0 1
1
 0.500007 -0.699999   1.69998
15.5963  180.05  144.04       0       0       0
-2.08602e-05            1 -7.81734e-05
0
0.500039 0.699963  1.69998
20.5456 -164.22 131.376       0       0       0
-2.08602e-05           -1 -7.81734e-05
4
4
   0.399989    0.150025 8.39606e-05
-10.0115 -100.615  302.468 -12.0983  10.4446  1.21481
0 0 1
1
 0.499997 -0.699998   1.69998
8.77905 144.332 115.466       0       0       0
-2.08602e-05            1 -7.81734e-05
0
0.500043 0.699961  1.69998
  7.0782 -154.586  123.669        0        0        0
-2.08602e-05           -1 -7.81734e-05
5
 0.399999 -0.699997       0.3
-5.84574  110.869  88.6952 -4.43483  10.4461  1.21572
-6.85448e-06            1 -4.68276e-06
3
1
 0.499984 -0.700002   1.69997
0.0154923   398.793   319.034         0         0         0
-2.08602e-05            1 -7.81734e-05
0
0.500046 0.699969  1.69997
-0.015962  -398.792   311.263         0         0         0
-2.08602e-05           -1 -7.81734e-05
5
 0.399978 -0.699986  0.299995
-1.67466e-11   2.0966e-11  1.67972e-11     0.001588      35.0557   0.00248382
-6.85448e-06            1 -4.68276e-06
4
0
0.499994 0.699989  1.70002
 18.0892 -196.434  157.147        0        0        0
-2.08602e-05           -1 -7.81734e-05
1
0.499998     -0.7      1.7
18.0955 196.241 156.993       0       0       0
-2.08602e-05            1 -7.81734e-05
4
0.400001      0.7 0.300003
  -18.0957   -197.502    158.002   0.225404    25.8461 0.00475345
-6.85448e-06           -1 -4.68276e-06
5
0.399999     -0.7 0.300003
   -18.089    197.694    158.155   0.225404    25.8461 0.00475345
-6.85448e-06            1 -4.68276e-06
