0
0.313748
0.859062
0.538507
0
0
0.17768
0
0
0.774123
0
5.01572
0.142513
5.00994
0.151314
0
2.86056
0
0
0.425456
2.46472
0.455268
1.58335
0
0
0
0
0
1.1425
0
0
0
0.971382
1.12752
1.46495
0
0
0
1.61837
0
0
4.64825
0
0
0.635686
0
0.926874
5.01083
0
0
0.585158
1.55629
0
0
0.307073
0
0
0.243704
5.01369
0.632653
5.00278
0.135917
0.164945
0
0
5.00336
1.27776
5.01751
0
5.01104
0
0
0
0
0
5.01144
0.555061
5.00892
1.55966
1.60334
0.890707
0
0.0817609
5.00679
4.56571
0
0
5.02392
2.61243
5.01014
1.83489
5.00864
5.01039
5.02062
5.02
0
3.19233
0.776346
