 0.667735 0.0883619  0.728919   2.72396   1.63101  -2.78667 0.0343859  -1.69703 0.0136503  0.798518 -0.615841 0.0638499 -0.533093  -1.49371 -0.553075  0.489789  -0.49891  0.102645  0.417614 0.0798681 -0.918882  0.030251  0.854959 -0.976352 -0.219728  0.223951 0.0460971 -0.896905 -0.253557 -0.250631  -1.03687   0.66272  0.588262 -0.235464
   0.584761   0.0837923    0.754343     3.70483     1.62027    -3.75966 -0.00114383    -1.75646   0.0282439    0.677854   -0.451896   0.0606305   -0.663874    -1.52195   -0.634583    0.302719   -0.301686   0.0843857    0.324027    0.113827    -1.13729    0.134933    0.860081   -0.836428   -0.321347    0.313396   0.0471157    -1.13236   -0.318757   -0.257756   -0.858918    0.652623    0.623812   -0.223176
  0.552031  0.0484125   0.747496   -4.77476   0.707964    4.68348  -0.297772   -1.59939   0.564701   0.480347  -0.478157   0.096468   -1.65806   -1.51665  -0.797021          0 -0.0598308     0.1199  -0.523599  0.0144257   -1.91532   0.919136   0.526959  -0.284558   -0.16312   0.679859   -0.11885   -1.46504  -0.200195 -0.0289707  -0.386984   0.902095   0.545523  -0.650475
   0.657184   -0.021417    0.750698    -7.38888     1.34473     7.51457    0.161079    -1.44484  -0.0524243    0.298334   -0.349447   -0.127147    -0.50946    -1.51445   -0.721045    0.622066   -0.589657  -0.0963814    0.271054   -0.152423    -1.68688    0.663282    0.424891   -0.308922   -0.281461    0.542284 -0.00182768    -1.02243   -0.272411   -0.140131   -0.663174    0.961424     0.42172   -0.984743
  0.640782  0.0176402   0.754682   -7.35463    1.36362    7.46225  0.0801535   -1.84943  -0.118846   0.269883   0.085544  -0.147923  -0.680912   -1.49617  -0.869674   0.598371   -0.56782 -0.0580016   0.438607  -0.115703    -1.6179   0.731236   0.595658  -0.394454 -0.0899951   0.572346  -0.135453    -1.0925  -0.279688 -0.0858246  -0.678943   0.893626   0.512891  -0.748397
   0.61496  0.0597337   0.757167   -7.36127    1.44152    7.39917 0.00771974   -1.90566  -0.117161   0.287446   0.102033 -0.0796733  -0.722629   -1.49984  -0.837139    0.46529  -0.456073  0.0115764   0.442412 -0.0785309   -1.66073   0.787515    0.60497  -0.392911  -0.102434   0.607363 -0.0899065   -1.22387  -0.280035 -0.0657529  -0.573961   0.842773   0.503588  -0.621939
  0.612841  0.0569358    0.74462   -6.78554    1.64095    6.78983  -0.278463   -1.91986  -0.253692   0.148369   0.128807 -0.0914398  -0.623769   -1.46967  -0.595447   0.117309   -0.26256  0.0514189   0.221235   0.202555   -1.83917   0.502671   0.481849  -0.395995  -0.227625   0.621811  0.0508602   -2.01959  -0.479311  -0.141441  -0.351269   0.692994   0.844079  -0.114828
  0.834218  0.0963872    0.72773   -8.03122    2.51144    8.08855  -0.523599   -1.63433   0.409348   0.860816  -0.613543  0.0630729   -1.36258   -1.04084  -0.447194   0.207406  -0.499752   0.261799  -0.523599   0.058115   -1.15266   0.452804   0.657074   -0.30044 0.00654113   0.135563  0.0541974    -1.3617  -0.451365  -0.174087  -0.316936   0.694978   0.481118  -0.348025
   0.809337    0.113934    0.758757    -8.00642     2.24358     7.99469   -0.523599    -1.68597    0.146793    0.632686    -0.43123   0.0590807    -1.65806    -1.35595    -0.98504 1.38778e-17   -0.031126    0.221427   -0.245641    0.114706    -1.27704    0.450118    0.672165   -0.353269   -0.100609    0.201377    0.112324     -1.5004   -0.481833   -0.166721   -0.332971    0.669054    0.527411   -0.233158
   0.809324    0.113966    0.758745     -8.0065     2.24359     7.99472   -0.523599    -1.68607    0.146801    0.632882   -0.431298   0.0591036    -1.65806    -1.35595   -0.985027 1.38778e-17   -0.031108     0.22147   -0.245502      0.1148    -1.27745    0.450365    0.672384   -0.352147    -0.10071    0.200778    0.112242    -1.50092    -0.48205    -0.16582   -0.331852    0.669147    0.527089   -0.233974
   0.805812   0.0103825    0.751309    -7.64457     1.98451     7.62389    0.107076    -1.52206    0.513764           0   -0.134298  -0.0221939    -1.65806    -1.55066    -1.25591 1.38778e-17  -0.0980699   0.0210939   -0.523599    0.265647    -1.52149    0.112685    0.156169   -0.645458   -0.580836     0.57366     0.37134    -2.40105   -0.938719   -0.248614   -0.356998    0.435595     0.92415    0.247007
   0.805797    0.010343    0.751315    -7.64471     1.98459     7.62402    0.107189      -1.522    0.513974 2.77556e-17   -0.134307  -0.0222182    -1.65806     -1.5507    -1.25581           0  -0.0980225    0.021059   -0.523599    0.266463    -1.52267    0.113699    0.152455   -0.642373   -0.579529    0.572707    0.374632    -2.40045   -0.938433   -0.250674   -0.359386    0.437283    0.925439    0.248057
    0.837718     0.042918     0.737328     -7.35371      1.90915      7.33142    0.0843279     -1.57918     0.379787 -3.02898e-16    -0.158717  0.000558456     -1.65806     -1.52118     -1.37051  3.83867e-18    -0.176577    0.0467114    -0.251917    0.0444877     -2.24666     0.505893      0.22586    -0.357822     -0.43117     0.864929    0.0523643     -2.33723     -0.59631    -0.163897    -0.316958     0.417488     0.893512    0.0856011
    0.868862     0.055726     0.738128      1.49315      2.10862     -1.39742     0.837209      -1.5826      0.30571 -8.32667e-17     -0.07722   -0.0681787     -0.86646     -1.47826      -1.4065     0.430465    -0.534495    0.0200144     0.523599   -0.0981656     -2.12341     0.504663     0.220265    -0.287114    -0.531701     0.780737     0.145741     -2.12761    -0.677825    -0.302799    -0.302556     0.290694     0.765909     0.152481
   0.930339   0.0893025    0.754153     1.47971       2.015    -1.49964    0.707759    -1.43249    0.268085 1.38778e-17   -0.164031 -0.00973635    -1.12438    -1.46657     -1.5708           0  -0.0307103    0.131084    0.523599   0.0648323    -1.81569    0.496532    0.336471   -0.431206   -0.417407    0.675476    0.165231    -1.88664   -0.716583   -0.255607   -0.427262    0.188178    0.745459    0.196051
  1.20634 0.0438614   0.65233   7.22664  0.881576  -7.76346 -0.144104 -0.687949  0.721007  0.199064 -0.872665 0.0212319  -1.65806  -1.91986  -1.01655    0.7214 -0.472041  0.261799 -0.105427  0.521236 -0.907082  0.621486  0.634569  0.220344 -0.505685 -0.389425  0.760513 -0.907315 -0.308831 -0.229061 -0.818331  0.511834  0.643086 -0.123357
    1.16491    0.094815    0.745001    -6.77496      1.5976     6.84478    0.437342    -1.72389    0.454635    0.451471   -0.336525 -0.00293539    -1.57979    -1.34607     -1.5708    0.441984   -0.465324    0.154817    0.523599    0.267187    -1.48679    0.542207    0.396208       0.298   -0.505665    -0.37659    0.814471    -1.04265     -1.0088    0.195732    -1.53646   0.0998679     1.27567    -0.18678
   1.18129   0.103033   0.742187   -8.06049    1.59197    8.12374   0.432146   -1.73642   0.458425   0.560327  -0.405783 0.00983669    -1.4819    -1.3359   -1.46314   0.453737  -0.473547   0.170327   0.523599   0.233604   -1.42118   0.526779   0.406137   0.263857  -0.445047  -0.374863   0.773537  -0.988855   -1.00645   0.198529   -1.50713   0.084409    1.21884  -0.219089
   1.17249   0.108139   0.749453   -6.14936    1.60736    6.18985   0.366101   -1.69147   0.363616   0.390502  -0.314164 0.00242247   -1.55706   -1.29329    -1.5708   0.196758   -0.23469   0.237267   0.523599   0.289164     -1.501   0.510642   0.379769      0.298  -0.392612  -0.357774   0.702123   -1.00719   -1.10823   0.219657   -1.54619  0.0120171    1.24175  -0.253673
   1.17238   0.108049   0.749499   -6.11177     1.6078    6.15239     0.3665   -1.69097   0.362548   0.388549  -0.312908 0.00202805   -1.55555   -1.29342    -1.5708   0.196358  -0.234577    0.23704   0.523599    0.28985   -1.50251   0.509445   0.378302      0.298  -0.390791  -0.356856   0.700027   -1.00605   -1.11499    0.22288   -1.54853 0.00757642    1.24229  -0.259548
    1.1491  0.0490718   0.749777   -5.23265    1.71196     5.2404   0.778176   -1.50951   0.659641          0  -0.119534 -0.0410509   -1.22423   -1.40612    -1.3607          0  -0.106597   0.158034    0.29733   0.446663    -1.4351   0.193481   0.314673  -0.386724 -0.0877577   0.182593   0.125313   -2.28501  -0.984852   0.313915   -0.56138   0.157311    1.09122   0.214668
   1.15727  0.0224468   0.754723   -13.9055    1.72085    13.9035   0.638551   -1.51138   0.786921   0.180945  -0.257608  -0.042623   -1.46428    -1.4244   -1.32576          0 -0.0708084   0.141587  -0.061676   0.325655   -1.33896   0.213333   0.451939  -0.570741  -0.172115   0.297001 -0.0106005    -2.1485   -1.02262   0.279754  -0.482329 -0.0138768   0.956412   0.141505
      1.1711    0.0282415     0.742655     -13.6935       1.7863      13.6689     0.416186     -1.44924     0.619442  1.38778e-17    -0.196062   -0.0555632     -1.65806     -1.43701     -1.47897 -3.81639e-17    -0.109895     0.149088   -0.0985431     0.106694     -2.05909     0.687941     0.292178    -0.324411    -0.151815     0.735803    -0.133169     -2.19179     -0.77444     0.307404     -0.34045   -0.0660092     0.852347     0.063896
   1.24504 -0.0446614   0.745409   -10.9853    2.05333    10.9518    1.24564   -1.25056   0.784949          0  -0.209656  -0.195887  -0.367501   -1.51661   -0.84954   0.363517  -0.379034  0.0691929   0.523599  0.0362896   -1.74458   0.796136   0.510613   -0.37543 -0.0662403   0.650473  -0.358631   -1.76339  -0.729496   0.269531  -0.413717  -0.135413   0.680967  -0.161785
   1.23577 -0.0457385   0.750237   -9.51886    1.54739    9.48457    1.01678    -1.3157    1.03793          0  -0.155745  -0.184893   -1.13211   -1.54983   -1.13123   0.239655   -0.27203  0.0532563  0.0943456  0.0775586   -1.78155   0.811471    0.58802   -0.38976 -0.0341944   0.673808  -0.424349   -1.83001  -0.696727   0.293237  -0.482656  -0.033671   0.780232  -0.183515
   1.23461 -0.0445927   0.750311   -9.51996    1.54589    9.48638    1.01989   -1.31924    1.04092          0  -0.154628  -0.182971   -1.13709   -1.54786   -1.13619   0.234343  -0.268873  0.0543675  0.0943246  0.0776258   -1.78656   0.809206   0.585445   -0.39004 -0.0385217   0.675375   -0.42013   -1.83515  -0.698054   0.292395  -0.481796 -0.0341686   0.782153  -0.179096
  1.40401 0.0226421   0.66888  -11.0738   2.39157   11.2533   1.65806  -1.40879  0.884389         0 -0.292274 -0.226906  0.112577  -1.13986 -0.798927         0 -0.507006  0.210046  0.523599 0.0894946  -1.33554  0.234352 -0.116843  -1.48825 -0.306322   1.20005 0.0852133  -3.22036  -1.45003   0.13207 -0.281071  0.147086   1.12674  0.829367
    1.35311  -0.0616083    0.701489    -8.07385     1.02129     8.08795     1.65806    -1.26735     1.17275   0.0379197   -0.285076   -0.261799    0.157246    -1.31966   -0.403363  0.00501758   -0.358805    0.117779    0.331447    0.254932    -1.47454    0.462593 -0.00831458    -1.21468  0.00421678     1.04621 -0.00217812     -2.8786    -1.23842    0.161355   -0.237826   0.0885994     1.01751    0.541867
   1.36541 -0.0415394    0.67689   -8.79769    1.18851    8.81006    1.49799   -1.36407    1.34032          0  -0.364232  -0.188033  -0.556999    -1.4838  -0.806842          0  -0.370656   0.089277   0.292526 -0.0333825   -2.98176    1.04304  -0.342765  -0.348626   0.139118    1.19854  -0.534996   -2.53642  -0.736478   0.298145  -0.684172  -0.151284    1.28969   0.185154
