4
0
          1   0.0999897 5.78195e-06
 2.84573 -54.6361  182.142
-0 -0  1
1
          1  -0.0999932 8.45425e-06
-78.974 76.2015 228.332
0 0 1
4
   0.300004    0.149999 9.26141e-07
 61.1122 -21.9837   133.52
-0 -0  1
5
   0.299997   -0.150004 3.29419e-06
 15.0161 0.418245  86.3041
0 0 1
3
1
          1  -0.0999932 8.45425e-06
0 0 0
0 0 1
4
   0.300004    0.149999 9.26141e-07
0 0 0
-0 -0  1
5
   0.299997   -0.150004 3.29419e-06
0 0 0
0 0 1
4
1
          1  -0.0999932 8.45425e-06
0 0 0
0 0 1
4
   0.300004    0.149999 9.26141e-07
0 0 0
-0 -0  1
5
   0.299997   -0.150004 3.29419e-06
0 0 0
0 0 1
0
 1.3 0.15    0
0 0 0
0 0 1
3
1
          1  -0.0999932 8.45425e-06
0 0 0
0 0 1
5
   0.299997   -0.150004 3.29419e-06
0 0 0
0 0 1
0
 1.3 0.15    0
0 0 0
0 0 1
4
1
          1  -0.0999932 8.45425e-06
0 0 0
0 0 1
5
   0.299997   -0.150004 3.29419e-06
0 0 0
0 0 1
0
 1.3 0.15    0
0 0 0
0 0 1
4
0.6 0.2   0
0 0 0
-0 -0  1
3
5
   0.299997   -0.150004 3.29419e-06
0 0 0
0 0 1
0
 1.3 0.15    0
0 0 0
0 0 1
4
0.6 0.2   0
0 0 0
-0 -0  1
4
5
   0.299997   -0.150004 3.29419e-06
0 0 0
0 0 1
0
 1.3 0.15    0
0 0 0
0 0 1
4
0.6 0.2   0
0 0 0
-0 -0  1
1
  1.3 -0.15     0
0 0 0
-0 -0  1
3
0
 1.3 0.15    0
0 0 0
0 0 1
4
0.6 0.2   0
0 0 0
-0 -0  1
1
  1.3 -0.15     0
0 0 0
-0 -0  1
4
0
 1.3 0.15    0
0 0 0
0 0 1
4
0.6 0.2   0
0 0 0
-0 -0  1
1
  1.3 -0.15     0
0 0 0
-0 -0  1
5
 0.6 -0.2    0
0 0 0
0 0 1
3
0
 1.3 0.15    0
0 0 0
0 0 1
4
0.6 0.2   0
0 0 0
-0 -0  1
5
 0.6 -0.2    0
0 0 0
0 0 1
4
0
 1.3 0.15    0
0 0 0
0 0 1
4
0.6 0.2   0
0 0 0
-0 -0  1
5
 0.6 -0.2    0
0 0 0
0 0 1
1
 1.6 -0.2    0
0 0 0
0 0 1
3
4
0.6 0.2   0
0 0 0
-0 -0  1
5
 0.6 -0.2    0
0 0 0
0 0 1
1
 1.6 -0.2    0
0 0 0
0 0 1
4
4
0.6 0.2   0
0 0 0
-0 -0  1
5
 0.6 -0.2    0
0 0 0
0 0 1
1
 1.6 -0.2    0
0 0 0
0 0 1
0
1.6 0.2   0
0 0 0
-0 -0  1
3
4
0.6 0.2   0
0 0 0
-0 -0  1
1
 1.6 -0.2    0
0 0 0
0 0 1
0
1.6 0.2   0
0 0 0
-0 -0  1
4
4
0.6 0.2   0
0 0 0
-0 -0  1
1
 1.6 -0.2    0
0 0 0
0 0 1
0
1.6 0.2   0
0 0 0
-0 -0  1
5
  0.9 -0.25     0
0 0 0
-0 -0  1
3
1
 1.6 -0.2    0
0 0 0
0 0 1
0
1.6 0.2   0
0 0 0
-0 -0  1
5
  0.9 -0.25     0
0 0 0
-0 -0  1
4
1
 1.6 -0.2    0
0 0 0
0 0 1
0
1.6 0.2   0
0 0 0
-0 -0  1
5
  0.9 -0.25     0
0 0 0
-0 -0  1
4
 0.9 0.25    0
0 0 0
0 0 1
3
1
 1.6 -0.2    0
0 0 0
0 0 1
0
1.6 0.2   0
0 0 0
-0 -0  1
4
 0.9 0.25    0
0 0 0
0 0 1
4
1
 1.6 -0.2    0
0 0 0
0 0 1
0
1.6 0.2   0
0 0 0
-0 -0  1
4
 0.9 0.25    0
0 0 0
0 0 1
5
   1 -0.3    0
0 0 0
-0 -0  1
3
0
1.6 0.2   0
0 0 0
-0 -0  1
4
 0.9 0.25    0
0 0 0
0 0 1
5
   1 -0.3    0
0 0 0
-0 -0  1
4
0
1.6 0.2   0
0 0 0
-0 -0  1
4
 0.9 0.25    0
0 0 0
0 0 1
5
   1 -0.3    0
0 0 0
-0 -0  1
1
  1.9 -0.25     0
0 0 0
-0 -0  1
3
4
 0.9 0.25    0
0 0 0
0 0 1
5
   1 -0.3    0
0 0 0
-0 -0  1
1
  1.9 -0.25     0
0 0 0
-0 -0  1
4
4
 0.9 0.25    0
0 0 0
0 0 1
5
   1 -0.3    0
0 0 0
-0 -0  1
1
  1.9 -0.25     0
0 0 0
-0 -0  1
0
 1.9 0.25    0
0 0 0
0 0 1
3
5
   1 -0.3    0
0 0 0
-0 -0  1
1
  1.9 -0.25     0
0 0 0
-0 -0  1
0
 1.9 0.25    0
0 0 0
0 0 1
4
5
   1 -0.3    0
0 0 0
-0 -0  1
1
  1.9 -0.25     0
0 0 0
-0 -0  1
0
 1.9 0.25    0
0 0 0
0 0 1
4
  1 0.3   0
0 0 0
0 0 1
3
5
   1 -0.3    0
0 0 0
-0 -0  1
0
 1.9 0.25    0
0 0 0
0 0 1
4
  1 0.3   0
0 0 0
0 0 1
4
5
   1 -0.3    0
0 0 0
-0 -0  1
0
 1.9 0.25    0
0 0 0
0 0 1
4
  1 0.3   0
0 0 0
0 0 1
1
2.15 -0.4    0
0 0 0
0 0 1
3
5
   1 -0.3    0
0 0 0
-0 -0  1
4
  1 0.3   0
0 0 0
0 0 1
1
2.15 -0.4    0
0 0 0
0 0 1
4
5
   1 -0.3    0
0 0 0
-0 -0  1
4
  1 0.3   0
0 0 0
0 0 1
1
2.15 -0.4    0
0 0 0
0 0 1
0
2.15  0.4    0
0 0 0
-0 -0  1
