   0.345159  -0.0659159    0.727154     2.77275     1.69407    -2.83265   0.0208293    -1.77879  -0.0364217     0.99962   -0.668932   0.0467975 -0.00478575    -1.70346  -0.0622767    0.890602   -0.634987   0.0427115  -0.0236055   0.0327607   -0.707632    0.659625   0.0465484   -0.996233    0.676377    0.443535   -0.279072    -0.69928   -0.614039   -0.100137   -0.940449   -0.642097     0.31942    0.179788
  0.289557  -0.264851   0.721032    2.86658    1.64517   -2.61495 0.00786322    -1.6795 -0.0299582   0.581213   -0.40827  -0.256089  0.0134234   -1.91986 -0.0261655    1.04656  -0.633323  -0.261799  -0.433281  -0.287167    -1.0858   0.834472  0.0174859  -0.752309   0.659213   0.815725    -0.6547   -1.34432  -0.351334  -0.310166  0.0841507   -1.06666  -0.243375   0.667994
  0.380485 -0.0515575   0.720796     2.7581    1.73687   -2.82819  0.0106337   -1.70275 -0.0422483    1.02821  -0.738454  0.0603798  0.0127102   -1.61065 -0.0391998   0.893766  -0.696024  0.0644257   -0.17134 -0.0307675  -0.975109   0.607658  0.0657259   -1.07612  -0.233901   0.830078   0.300825  -0.839227  -0.368489  -0.365036  -0.505935  -0.553784 -0.0162746    0.30118
  0.293906  0.0476928   0.720181    2.70203    1.71198   -2.92319  0.0528271   -1.91429  0.0246299    1.14606  -0.664847   0.227407  -0.016736   -1.71178 -0.0489605   0.804667  -0.526045   0.212091  0.0201766  0.0608459   -1.12382   0.650797  0.0375961   -1.01409  -0.205087   0.899912   0.439468  -0.940431  -0.539261  -0.208926    -0.6881   -0.29311   0.306097  0.0513908
  0.377797 -0.0893559   0.723292    2.79605    1.74776   -2.80744  0.0284671   -1.68494 -0.0309122    1.00084   -0.71967  0.0029204 0.00473846   -1.63428  -0.054539    0.95023  -0.719762 0.00298348 -0.0511328 -0.0271384   -0.94023   0.664459   0.167996  -0.955006 -0.0132928   0.663945   0.195289  -0.928661  -0.636702  -0.245555  -0.767895  -0.208792   0.447067  -0.127953
  0.352921 -0.0499066    0.72741    2.77058    1.72185   -2.84433  0.0271925   -1.75366 -0.0181453    1.02192  -0.694697  0.0671875 0.00605686   -1.66243 -0.0391842   0.887244  -0.651291  0.0668991 -0.0296787  0.0166401     -1.006   0.648235    0.12736  -0.988941 -0.0820784   0.732858    0.27758   -1.00256   -0.73608  -0.173469  -0.730501   -0.36721   0.475304 -0.0214609
  0.441305  -0.050886    0.72827    2.78774    1.75845   -2.72802 -0.0507052    -1.8151  -0.136593    1.00274  -0.588858 -0.0997092    -0.3378   -1.41844  -0.407738   0.774768   -0.74282 -0.0051563   0.110721 -0.0801532  -0.802082   0.508898    0.41632  -0.894522 0.00646061   0.431119   0.110433  -0.844079  -0.576466  -0.293581  -0.854281 -0.0373225   0.448599  -0.105929
 0.345945 -0.115694   0.73217   1.67209   1.81466  -1.59321 -0.286139  -1.91986 -0.558505  0.588696 -0.283807 -0.261799 -0.296671  -1.66881 -0.542878  0.701069 -0.611656 -0.130123  0.523599  -0.12863 -0.162016   1.80892 -0.413228  -1.27696 -0.381254  0.278985      2.55   -1.8816 -0.761684   1.65831  -0.89744 -0.452413  0.832014  -1.07566
  0.520463 -0.0348277   0.691703    1.22806     1.5135   -1.18881  -0.382686   -1.76521  -0.336762   0.903453  -0.698313  -0.102579  -0.374499   -1.31153  -0.329818   0.478252  -0.702692  0.0444628   0.216963  -0.167233  -0.240829    2.12773    -0.6358   -1.66076 -0.0783089   0.544033    2.54814   -2.08021  -0.910291    2.54861   -1.42445  -0.130784   0.833165   -2.08411
    0.453263    0.0957993     0.678545       1.6195      1.02167     -1.72892   -0.0226457     -1.91986     0.533162     0.922821    -0.702624     0.261799     -1.09285     -1.25179    -0.587489 -1.26288e-15    -0.351841     0.261799    -0.370149    -0.346194    -0.655707      2.53446     -0.59402     -2.00752     0.683839     0.904222      1.86889     -2.17553    -0.885882      2.45987     -1.14524     0.140459     0.353196     -2.32992
  0.573173  -0.163604   0.661152    1.08726    1.66279   -0.82465  0.0921883   -1.58439  0.0245296   0.518388  -0.567199  -0.260164 -0.0964119    -1.0215  -0.199241          0  -0.603171  -0.156777 -0.0480659  -0.567397  -0.328223    2.67622  -0.906575   -2.03533 -0.0101067   0.650761    2.48966   -2.13289   -1.04127    2.50816   -1.48374    0.11938   0.695259      -2.55
  0.537296  -0.130133   0.677754    1.19457    1.72323  -0.961253   -0.10626   -1.67957   -0.23071   0.551549  -0.532703  -0.252778 -0.0926683   -1.09706  -0.255165  0.0184895  -0.566617   -0.11201  0.0484699  -0.616694  -0.387947    2.82106  -0.943527   -2.04174  0.0882119   0.583806    2.48278   -2.18483  -0.976427    2.46034   -1.31701  0.0956937   0.504992   -2.50296
   0.57271 -0.0161919   0.699706    1.19002    1.73864   -1.13693  0.0301003   -1.64313  -0.122136   0.593716  -0.592201 -0.0565514  -0.384639   -1.18789  -0.586165          0  -0.395579   0.160972   0.224111  -0.389208  -0.242248    2.56273  -0.763199   -2.06278   0.112423   0.872588       2.55   -2.19448   -1.04215    2.50358   -1.14293    0.27158   0.324493   -2.50306
  0.512518  0.0708462   0.691144    1.11554    1.66988   -1.19048   0.292202   -1.90215   0.208722   0.971532  -0.683684   0.144139  -0.662307   -1.30583  -0.778988   0.150276  -0.378398   0.261799  0.0917207  -0.223674   0.170875    2.79842  -0.274784   -1.81328   0.625129     0.7797    2.34978   -1.88101   -1.23659     1.9845  -0.680334 -0.0400053  -0.186304   -1.90368
   0.60347 -0.0768019   0.703181   0.908174    1.62407   -0.86582   0.204336   -1.31483   0.170691   0.175012  -0.461955 -0.0846974  -0.318845   -1.16976   -0.39305          0  -0.408222   0.108517   0.193917  -0.160806  -0.522601    1.96219  -0.784956   -1.76856 -0.0915117   0.712448    2.21834   -2.51912   -1.09647     2.4676   -1.23531  -0.765776   0.513129   -1.29705
   0.511276   -0.197106    0.725052     1.71062     1.23307    -1.82478    0.375626    -1.21155    0.756919 6.77626e-21    -0.35241   -0.144322   -0.130484    -1.42266    0.201802           0   -0.228563   0.0706827  -0.0317623    0.253395   -0.747365     1.22964  -0.0518183   -0.793833     1.62171    0.339849   -0.374742    -2.30671   -0.804739     1.95958    -0.78573   -0.847962    0.914708   -0.757039
    0.590844   -0.0169385      0.71289     0.846797      1.57237    -0.776373    -0.103481     -1.30874    -0.108286     0.199567     -0.46128   -0.0424211    -0.524383     -1.11613    -0.573453 -1.33782e-14    -0.390791     0.170152     0.523599    0.0384332     -0.84555      1.43316    -0.267605    -0.901269      1.45805      0.38456     0.257508     -2.37128    -0.897783      2.02827    -0.916047    -0.885642     0.895467    -0.555104
    0.590734   -0.0169169     0.712898     0.846831      1.57268    -0.776352    -0.103545     -1.30925    -0.108566      0.19978    -0.461201   -0.0424572    -0.524508     -1.11639     -0.57381 -1.35447e-14    -0.390704     0.170102     0.523599    0.0385203    -0.846175      1.43345    -0.267715    -0.901874      1.45664     0.385029     0.258789      -2.3717    -0.898199      2.02784    -0.916492    -0.885399     0.895839    -0.554914
  0.599052 -0.0361599   0.722388    1.67411    1.58239    -1.7093   0.199622   -1.31271   0.194341   0.229608  -0.481444 -0.0141274  -0.753512   -1.27121   -0.78743          0  -0.212972   0.245844   0.492732  0.0393439  -0.711489    1.45038   -0.17598  -0.819352    1.51953   0.376634   0.141292   -2.13917  -0.717989    1.94927  -0.527575   -1.05911   0.671943  -0.417302
   0.532256  -0.0142214    0.735487      1.8553     1.52156    -1.85794  -0.0114912    -1.33493     0.03687    0.085952   -0.335606  -0.0063056    -1.10153    -1.29652    -1.07385 4.33681e-19   -0.147693    0.242727    0.309373   0.0688337    -1.69114     1.13303   -0.471486   -0.402116       1.048    0.607789  -0.0538854    -2.22948   -0.831758     1.74251   -0.349517    -1.17309    0.678189  -0.0712215
  0.688429 -0.0738996   0.713067    2.11027    1.77379   -2.18601   0.426665   -1.04635   0.279803    0.17003  -0.559707 -0.0736905  -0.215972   -1.09057  -0.402405          0  -0.328359    0.24918   0.490991   0.160546   -1.15258   0.931072  -0.298923   -0.37495    1.39165   0.312955  -0.364213   -1.91598  -0.909339    1.45551  -0.385346   -0.92319   0.652609  -0.220985
 0.630245  -0.25925  0.724112   2.14992   1.55933  -2.45072   0.83685 -0.893138  0.970161 0.0754902 -0.512688 -0.242871  0.523599  -1.29056  0.549758         0 -0.249573   0.15575   0.10158  0.331574  -1.50984   1.23228 -0.312403 -0.321792    1.2939  0.589941 -0.613905  -2.04193 -0.687169   1.46388 -0.323344 -0.843659   0.68761 -0.504607
  0.802494 -0.0723146   0.658363     2.2513    1.98978   -2.25519   0.474387  -0.957193   0.146097   0.525157  -0.872665  -0.126828  -0.291774   -1.09194  -0.606177   0.739195  -0.872665   0.235134    0.48301  -0.049536   -1.61613   0.880604  -0.344752   0.104572    1.11802   0.390177  -0.532018   -2.04754   -1.18861    2.49649   -1.08233  -0.615861   0.365463   -1.54772
  0.775355  -0.105847    0.65836    2.07742    1.92162   -2.07737   0.554536   -1.04544   0.256511    0.45895  -0.801088  -0.155671  -0.395445   -1.27468  -0.694773   0.813007  -0.872665   0.164361   0.242955 -0.0391666   -2.04211    0.71028   -0.28437      0.298    0.24819   0.369683  -0.136281   -2.20005   -1.40346       2.55   -1.24249  -0.266078   0.324095   -1.93621
  0.754017 -0.0751235   0.698148    1.94846    1.90076   -1.78142  -0.105144   -1.66732  -0.432843   0.804663  -0.649147  -0.218619  -0.633325   -1.14937   -0.97526   0.596839  -0.771143   0.168212   0.214582  -0.235681   -2.05158   0.687492  -0.442133  0.0517929   0.200988    0.54517  0.0393191   -2.21926    -1.3482    2.54236   -1.02947  -0.306577   0.140284   -1.93509
   0.731962  -0.0286902    0.700163     1.93162     1.69674    -1.88083   -0.286019    -1.73541   -0.413534    0.861745   -0.672376   -0.119045    -0.64749     -1.1294   -0.805423    0.242795   -0.518851    0.260298 -0.00160238   -0.165754    -2.10022    0.619985   -0.559969  -0.0451313    0.101116    0.677359    0.214295    -2.19782    -1.32183        2.55   -0.800663   -0.323817  -0.0991633    -1.96789
   0.85838 -0.0783666   0.673024    2.21129    1.81743   -1.98624 -0.0214605   -1.39395   -0.24729   0.664584  -0.737371  -0.192988  -0.476799  -0.902663  -0.775102   0.380804  -0.784602    0.21449  0.0645663 -0.0939037   -1.91535   0.434643  -0.373285      0.298   0.209608   0.244087  0.0857124   -2.45775   -1.78211    2.18032   -1.08002   -1.22754   0.474011  -0.462988
  0.857319 -0.0993415   0.695922    2.47551    1.87394      -2.23  0.0512812   -1.25735  -0.189318   0.550144  -0.674153  -0.208919  -0.295446  -0.703179  -0.633671  0.0853673  -0.639051   0.209343   0.315301  -0.145416   -1.54923   0.760557  0.0253519 -0.0444877   0.733337   0.338324  -0.483597   -2.19216   -1.23486    2.09897  -0.788689    -1.1952   0.570753  -0.590914
  0.936693   -0.12933   0.687579     2.3991    1.93395   -2.35749   0.473175      -1.03   0.212207    0.47916  -0.754219  -0.187572  -0.532055   -1.30633  -0.764093   0.938171  -0.872665    0.11266   0.288264 0.00290793   -1.14408   0.756697 -0.0220678  -0.362557   0.657853   0.349002  -0.218039   -1.91792   -1.20317     2.3053  -0.818498   -1.06174    0.29186   -1.11204
  0.936924  -0.129639   0.687684    2.39776    1.93485    -2.3559   0.473684   -1.02739   0.211767   0.475009  -0.752481  -0.188259  -0.529113   -1.30558  -0.762248    0.93749  -0.872665   0.112407   0.287403 0.00224935   -1.14602   0.756361  -0.023242  -0.359725   0.656975   0.348006  -0.219077   -1.91515   -1.20241    2.30609  -0.816224   -1.06339   0.288661   -1.11402
   0.84718 -0.0346728   0.729428    2.47635    1.66828   -2.46262  -0.449895   -1.79991  -0.531528   0.822643   -0.54793  -0.131762  -0.597237   -1.12703  -0.686458          0  -0.273575   0.260353   0.132644   0.111126    -1.5722   0.675241  -0.319351   -0.36761   0.355014   0.489282   0.221293   -2.17289   -1.32041    1.77452  -0.519919   -1.47096   0.561958  0.0200578
   0.880611  -0.0702851    0.746071     2.59857     1.67773    -2.49209   0.0231458    -1.59416  -0.0417777     0.55383   -0.445384   -0.110221   -0.587395    -1.05749     -0.6908           0   -0.320251    0.210178   0.0628207  -0.0289241    -1.54292    0.706716   -0.286626   -0.285788    0.366666    0.407562    0.111755    -1.91747    -1.26714     1.66761    -0.47363    -1.58729    0.423247 -0.00505895
  0.810173 -0.0201582   0.749025    3.30623    1.51157   -3.27911  0.0745646   -1.75042  0.0668072   0.430433   -0.30987 -0.0149401   -1.35415   -1.33517   -1.38136          0  -0.105455   0.204847   0.282758   0.248518   -1.87029   0.686897  -0.295758  0.0310189    1.05668   0.337187  -0.437403   -2.68724   -1.00844    2.24928  -0.461764   -1.37998   0.783258 -0.0466772
  0.880816  -0.057811   0.744488    3.26978    1.52783    -3.2587   0.310599    -1.5193   0.306621   0.231052  -0.322824 -0.0265196   -1.03793   -1.35355   -1.06132 0.00563556   -0.15632   0.178501   0.454715   0.267325    -1.3289     0.8095   0.122765  -0.257245    1.42663   0.380556  -0.775001   -2.56433  -0.878621     2.4357  -0.750769    -1.1756   0.800753  -0.511056
  0.871498 0.00254866   0.732336    2.36441    1.36826   -2.32044  -0.523599   -1.91986  -0.377662    0.42164  -0.234014  -0.181927   -1.55907   -1.27009   -1.45777          0  -0.178871   0.247406   0.523599   0.441607   -1.44535      0.576    1.23936  -0.292179   0.633833   0.539809  -0.930533   -2.59093  -0.546887       2.55   -0.37348   -1.38967   0.964607  -0.105886
  0.822721 0.00570675   0.742258    3.34288    1.49663   -3.31694  -0.523599   -1.91986  -0.550588   0.346169  -0.119621   -0.20586   -1.43566   -1.30761   -1.47174  0.0610956   -0.16334   0.237114   0.420155   0.353815   -1.78117   0.513932    1.38201   -0.20316  -0.337025   0.402222  -0.531326    -2.7166  -0.945842    2.21184   -0.50559   -1.18537    0.90104 -0.0610774
  0.950234 -0.0777726   0.736394    3.22228    1.48024   -3.18434     1.0021   -1.49896     1.0049  0.0818507  -0.211056 -0.0986405   -1.07482   -1.36304   -1.10449   0.121884  -0.308426     0.1483  0.0130629   0.222422   -2.07669   0.520886    1.03418 -0.0298416  -0.898289   0.461256  -0.122511   -3.08099   -2.06839    2.11874   -1.60261  -0.611973   0.992696  -0.399654
  0.830155  0.0143297   0.729192    3.69352    1.37066   -3.66604  -0.461917   -1.91986  -0.558505   0.180113 -0.0566108  -0.203741   -1.42329   -1.31188    -1.5708 0.00249245  -0.181461   0.244227   0.523599   0.225066   -2.04354   0.889313   0.817035  -0.361393 -0.0519487   0.819535  -0.414965   -2.62734  -0.783296    1.79171   -0.49305  -0.969478   0.976574  -0.053393
  0.954008 0.00472529   0.731627    3.81684    1.44873   -3.70562   0.406789   -1.63988   0.339671   0.137192  -0.175158 -0.0847151   -1.28155   -1.21765   -1.39578   0.241145  -0.414903   0.241613   0.523329   0.338466   -1.65485   0.596671   0.931605  -0.379895   0.328734    0.60323  -0.609801   -2.69339  -0.809947    1.85024  -0.407956  -0.863794    1.04392  0.0274825
     0.9684   0.0177089    0.729009     3.84504     1.48487    -3.71384    0.514603    -1.75139    0.468676    0.405461   -0.316441  -0.0480807      -1.344    -1.17655    -1.43176    0.347524   -0.483216    0.261799    0.302347    0.327487     -1.7837    0.381774    0.708868   -0.319494  -0.0117269    0.481754   -0.306781    -3.04142    -1.42105      1.8659    -1.01868   -0.723329     1.21121 -0.00803618
   0.95805  0.0120395   0.736231    3.80981    1.45234   -3.72864   0.494615   -1.61775   0.427278   0.121808  -0.177647 -0.0583756   -1.33193   -1.24463   -1.43817   0.186471  -0.335128   0.246915   0.477932   0.334569   -1.64668   0.542629   0.879828  -0.460365   0.239393   0.612522  -0.518557   -2.71145   -0.93297    1.84273  -0.510493  -0.876257    1.03157 0.00922306
 0.914068 0.0212132  0.732586   3.84908   1.42962  -3.79187 -0.305036  -1.88909 -0.395169  0.448763 -0.266602 -0.173918  -1.22704  -1.25135  -1.36012         0 -0.187017  0.261799  0.285198   0.30944  -1.91051  0.442346  0.571286 -0.380575 -0.142421  0.624701 -0.155241  -2.89612  -1.03843   1.76283 -0.266364  -1.01792  0.949033  0.299237
   0.983426 -0.00384012    0.732915     3.80369     1.46052     -3.7277    0.501549    -1.56044    0.440808    0.104088   -0.205272  -0.0776258    -1.29408    -1.26534    -1.39225    0.228246   -0.380325    0.228572    0.422305    0.366899    -1.62161    0.464779    0.861045   -0.468747     0.23961    0.572879   -0.543759    -2.75785   -0.953061     1.84219   -0.462554   -0.874067     1.03436   0.0419436
  0.927234  -0.194257   0.725752    3.23583    1.35863   -3.27453    1.52165   -1.30967    1.55085          0  -0.223084  -0.225387   -1.16714   -1.63424   -1.18384          0  -0.186662 -0.0183634  -0.330168 -0.0179515   -2.55283    0.41693     1.0052  0.0878086   -1.58658   0.817862 0.00723609   -3.14674   -1.57534    2.15459  -0.935292    -1.3535   0.780383  -0.275674
    0.997744   -0.0888902     0.712073       3.2267      1.33841     -3.21454      1.29001     -1.48728      1.29268    0.0600281    -0.315524   -0.0926547     -1.16667     -1.42949     -1.21865 -8.41341e-17    -0.282871     0.126102    -0.267344   -0.0982434     -2.59659     0.403023     0.975836        0.298     -1.77806     0.890812      0.35162     -3.31218     -1.82682      2.23397     -1.13793     -1.25068     0.778143    -0.171678
