4
0
   0.679839   0.0618939 0.000146338
-71.4083 -44.2532   261.47
-0 -0  1
1
   0.694943   -0.205986 0.000454325
-2.98927  25.8119   158.74
0 0 1
4
-0.00205337  0.00526895  0.00653293
32.1502 6.59369 97.8121
0 0 1
5
-0.00603244   -0.203508  0.00778003
42.2473 11.8476 112.275
-0 -0  1
3
0
   0.679839   0.0618939 0.000146338
53.9334 12.6692 401.441
-0 -0  1
4
-0.00205337  0.00526895  0.00653293
-27.2772 -17.6651       65
0 0 1
5
-0.00603244   -0.203508  0.00778003
-26.6562  4.99588  163.856
-0 -0  1
4
0
   0.679839   0.0618939 0.000146338
-6.65347  6.85616  176.337
-0 -0  1
4
-0.00205337  0.00526895  0.00653293
-26.0768 0.817441  118.012
0 0 1
5
-0.00603244   -0.203508  0.00778003
8.03483 9.02983 107.494
-0 -0  1
1
0.85 -0.3    0
 24.6954 -16.7034  228.454
0 0 1
3
4
-0.00205337  0.00526895  0.00653293
-67.7292  44.1873  212.955
0 0 1
5
-0.00603244   -0.203508  0.00778003
-27.8895 -16.6854       65
-0 -0  1
1
0.85 -0.3    0
 95.6187 -27.5019  352.342
0 0 1
4
4
-0.00205337  0.00526895  0.00653293
-18.8925  17.1796  109.215
0 0 1
5
-0.00603244   -0.203508  0.00778003
 3.36907 -18.0998  121.579
-0 -0  1
1
0.85 -0.3    0
1.52729 21.5072 334.898
0 0 1
0
0.85 0.15    0
 13.9961 -20.5871  64.6056
-0 -0  1
3
4
-0.00205337  0.00526895  0.00653293
  -24.43 -21.4214  65.0001
0 0 1
5
-0.00603244   -0.203508  0.00778003
-29.2171  5.12584  223.176
-0 -0  1
0
0.85 0.15    0
53.6471 16.2955 342.121
-0 -0  1
4
4
-0.00205337  0.00526895  0.00653293
-8.50339  18.4036  119.106
0 0 1
5
-0.00603244   -0.203508  0.00778003
 21.0161 -38.1123  121.881
-0 -0  1
0
0.85 0.15    0
5.32586 95.2874 231.731
-0 -0  1
1
1.05 -0.3    0
-17.8386 -75.5788   157.58
-0 -0  1
3
5
-0.00603244   -0.203508  0.00778003
-1.97337 -16.0814  229.702
-0 -0  1
0
0.85 0.15    0
 46.035 -17.714 289.536
-0 -0  1
1
1.05 -0.3    0
-44.0616  33.7955   111.06
-0 -0  1
4
5
-0.00603244   -0.203508  0.00778003
4.05672 9.37011 108.649
-0 -0  1
0
0.85 0.15    0
-35.5895  23.2861  182.069
-0 -0  1
1
1.05 -0.3    0
 20.6799 -29.0232   207.14
-0 -0  1
4
0.15  0.1    0
 10.8529 -3.63298   132.44
0 0 1
3
0
0.85 0.15    0
 43.7374 -15.5074  111.907
-0 -0  1
1
1.05 -0.3    0
 101.582 -30.6564  212.807
-0 -0  1
4
0.15  0.1    0
-145.319  46.1638  305.584
0 0 1
4
0
0.85 0.15    0
 -7.4186 -18.0601  347.933
-0 -0  1
1
1.05 -0.3    0
32.2254 7.88269 66.4513
-0 -0  1
4
0.15  0.1    0
-5.52329  17.4304  129.941
0 0 1
5
0.15 -0.3    0
-19.2835 -7.25297  85.9723
0 0 1
3
1
1.05 -0.3    0
 57.3724 -37.8039  301.219
-0 -0  1
4
0.15  0.1    0
-85.0587  41.0098  264.078
0 0 1
5
0.15 -0.3    0
 27.6863 -3.20595  65.0002
0 0 1
4
1
1.05 -0.3    0
 3.11356 -54.4838  197.399
-0 -0  1
4
0.15  0.1    0
25.7599 34.9779 127.897
0 0 1
5
0.15 -0.3    0
-3.65011 -33.8151  186.487
0 0 1
0
1.05 0.15    0
-25.2233   53.321  118.515
0 0 1
3
4
0.15  0.1    0
28.9882 5.17316 65.0002
0 0 1
5
0.15 -0.3    0
-13.8339 -10.4796  277.674
0 0 1
0
1.05 0.15    0
-15.1544  5.30647  287.624
0 0 1
4
4
0.15  0.1    0
7.24047  27.694 127.765
0 0 1
5
0.15 -0.3    0
-8.21733   -38.32  168.757
0 0 1
0
1.05 0.15    0
6.10363 30.2288 148.025
0 0 1
1
1.25 -0.3    0
-5.12676 -19.6028  185.751
-0 -0  1
3
4
0.15  0.1    0
-13.7593  8.30396  315.621
0 0 1
0
1.05 0.15    0
-6.66808 -3.15007       15
0 0 1
1
1.25 -0.3    0
20.4273 -5.1539 299.677
-0 -0  1
4
4
0.15  0.1    0
-12.8158 -19.3841  212.982
0 0 1
0
1.05 0.15    0
-4.38726 -10.3486  115.521
0 0 1
1
1.25 -0.3    0
-21.5255  -6.4417  193.955
-0 -0  1
5
 0.3 -0.4    0
38.7286 36.1744  107.84
-0 -0  1
3
0
1.05 0.15    0
-88.9434 -66.6561  314.661
0 0 1
1
1.25 -0.3    0
7.17672 1.88516 15.0006
-0 -0  1
5
 0.3 -0.4    0
81.7666 64.7709 300.636
-0 -0  1
4
0
1.05 0.15    0
 43.1016 -12.3537  113.504
0 0 1
1
1.25 -0.3    0
-34.0323  22.0387  172.554
-0 -0  1
5
 0.3 -0.4    0
 7.21821 -19.4327   176.83
-0 -0  1
4
0.35  0.1    0
-16.2875   9.7477   167.41
0 0 1
3
0
1.05 0.15    0
 2.42308 -4.28712       15
0 0 1
1
1.25 -0.3    0
0.306812  3.33268  272.091
-0 -0  1
4
0.35  0.1    0
-2.72989 0.954439  343.206
0 0 1
4
0
1.05 0.15    0
-8.11283 -9.26958  119.047
0 0 1
1
1.25 -0.3    0
-17.8227  22.1774   191.58
-0 -0  1
4
0.35  0.1    0
 26.649 29.6974 218.571
0 0 1
5
 0.5 -0.4    0
-0.713436  -42.6052   101.099
0 0 1
3
1
1.25 -0.3    0
-46.8027  23.8022  293.658
-0 -0  1
4
0.35  0.1    0
 52.3841 -24.4006   271.64
0 0 1
5
 0.5 -0.4    0
-5.58135 0.598341       65
0 0 1
4
1
1.25 -0.3    0
   12.9405 -0.0645617    160.595
-0 -0  1
4
0.35  0.1    0
-52.7554 -14.9962  110.926
0 0 1
5
 0.5 -0.4    0
-31.0961 -6.74194  157.637
0 0 1
0
1.2 0.2   0
 70.911 21.8027  201.14
0 0 1
3
4
0.35  0.1    0
 15.732 5.23365      65
0 0 1
5
 0.5 -0.4    0
-3.30456  -6.9402  245.535
0 0 1
0
1.2 0.2   0
-12.4274  1.70655  319.763
0 0 1
4
4
0.35  0.1    0
50.1073 11.6628 159.445
0 0 1
5
 0.5 -0.4    0
-35.1342 -45.8131  116.914
0 0 1
0
1.2 0.2   0
 31.4735 -34.3989  117.115
0 0 1
1
1.45 -0.3    0
-46.4465  68.5492  236.824
0 0 1
3
4
0.35  0.1    0
1.47338 -26.832 238.111
0 0 1
5
 0.5 -0.4    0
2.50015 30.7115 65.0002
0 0 1
1
1.45 -0.3    0
-3.97352 -3.87944  327.187
0 0 1
4
4
0.35  0.1    0
-12.9733 -61.1096  154.498
0 0 1
5
 0.5 -0.4    0
-37.8793    69.41  171.192
0 0 1
1
1.45 -0.3    0
 47.3795 -27.2174  196.327
0 0 1
0
1.4 0.2   0
3.47311  18.917 108.281
-0 -0  1
3
4
0.35  0.1    0
15.2934 2.25233 65.0005
0 0 1
5
 0.5 -0.4    0
-1.37427 -1.84463  290.854
0 0 1
0
1.4 0.2   0
 -13.9191 -0.407697   274.443
-0 -0  1
4
4
0.35  0.1    0
-26.266 60.5413 136.761
0 0 1
5
 0.5 -0.4    0
31.9338 -48.498 177.506
0 0 1
0
1.4 0.2   0
-8.4191 -20.722 131.774
-0 -0  1
1
 1.6 -0.4    0
2.75125 8.67867 184.256
0 0 1
3
5
 0.5 -0.4    0
 -16.081 -27.0341  312.115
0 0 1
0
1.4 0.2   0
46.8238 8.21603 246.001
-0 -0  1
1
 1.6 -0.4    0
-30.7428   18.818  72.1816
0 0 1
4
5
 0.5 -0.4    0
-26.9996 -10.6466  158.755
0 0 1
0
1.4 0.2   0
36.1403 25.3397 113.574
-0 -0  1
1
 1.6 -0.4    0
 53.5236 -35.2002  198.593
0 0 1
4
0.5 0.2   0
-62.6643  20.5071  159.376
-0 -0  1
3
5
 0.5 -0.4    0
-11.471 9.00088 254.632
0 0 1
0
1.4 0.2   0
34.1998 7.64734 310.666
-0 -0  1
4
0.5 0.2   0
-22.7288 -16.6482       65
-0 -0  1
4
5
 0.5 -0.4    0
-2.27506  3.24814  164.347
0 0 1
0
1.4 0.2   0
-8.45026 -3.34772  115.087
-0 -0  1
4
0.5 0.2   0
7.06164 -1.7169 142.979
-0 -0  1
1
 1.7 -0.4    0
3.66367 1.81648 207.885
0 0 1
3
5
 0.5 -0.4    0
-50.4156  7.18772  101.909
0 0 1
4
0.5 0.2   0
-22.8114  4.21797  240.449
-0 -0  1
1
 1.7 -0.4    0
 73.2269 -11.4057  287.939
0 0 1
4
5
 0.5 -0.4    0
-48.2729  8.45102  243.231
0 0 1
4
0.5 0.2   0
 -23.0717 -0.620753   67.7629
-0 -0  1
1
 1.7 -0.4    0
59.9592 16.0151 141.284
0 0 1
0
1.6 0.2   0
 11.3854 -23.8453  178.019
-0 -0  1
3
4
0.5 0.2   0
-4.77105  1.72378  305.821
-0 -0  1
1
 1.7 -0.4    0
 2.4367 4.34136 309.477
0 0 1
0
1.6 0.2   0
 2.33435 -6.06513       15
-0 -0  1
4
4
0.5 0.2   0
 -31.392 -1.29434  143.314
-0 -0  1
1
 1.7 -0.4    0
75.1265 13.4603 196.281
0 0 1
0
1.6 0.2   0
  4.0467 -33.4737  107.713
-0 -0  1
5
 0.7 -0.4    0
-47.7812  21.3077   182.99
-0 -0  1
3
4
0.5 0.2   0
 55.7846 -30.6801   266.92
-0 -0  1
1
 1.7 -0.4    0
-45.6875  27.3347  298.377
0 0 1
5
 0.7 -0.4    0
-10.0971  3.34536  65.0003
-0 -0  1
4
4
0.5 0.2   0
 70.9859 -7.12693  196.633
-0 -0  1
1
 1.7 -0.4    0
-21.2894   41.136  193.558
0 0 1
5
 0.7 -0.4    0
-39.1292 -27.6988  125.601
-0 -0  1
0
1.7 0.2   0
-10.5673 -6.31021  114.506
0 0 1
3
1
 1.7 -0.4    0
-2.86379  5.08209       15
0 0 1
5
 0.7 -0.4    0
 1.19123 -1.00354  346.374
-0 -0  1
0
1.7 0.2   0
 1.67256 -4.07856  268.924
0 0 1
4
1
 1.7 -0.4    0
7.35398   67.51  137.86
0 0 1
5
 0.7 -0.4    0
 20.0235 -15.6823  123.708
-0 -0  1
0
1.7 0.2   0
-16.7787 -83.9365  199.678
0 0 1
4
0.7 0.2   0
-10.5988  32.1088  169.052
-0 -0  1
