2.37866
0
3.00074
3.01518
1.43146
0
0
3.00648
0
0
3.00135
0
0.417126
0
3.00141
3.00106
3.00308
1.31746
3.00089
0.0584463
3.00177
0
3.00369
3.00138
3.00536
3.07866
3.00132
3.00013
0
3.001
3.00121
3.00198
1.85583
1.38536
3.00147
3.00167
3.00204
3.02053
3.0021
0.0844296
3.00567
3.00119
3.00326
3.00024
3.00082
0.824104
0.0457207
0.0311631
1.59438
3.01063
1.73686
3.00084
0.0951252
0
3.00251
0.10335
3.00186
3.00033
0.695752
3.00084
0.0880656
3.00137
3.0003
3.00277
0.673735
0
0
0.049826
3.0032
3.00067
3.00338
3.00154
3.0032
3.00234
2.99155
3.00168
3.00148
3.00202
0.970916
0
3.00236
0
0.481643
0
0.490823
3.00288
2.0902
3.0018
3.0028
3.00238
1.75165
0.068543
0
0.129638
3.00019
3.00147
3.00224
3.00545
0
3.00041
0.284357
3.01177
3.00182
3.0543
3.00154
3.00154
0
3.00145
1.64968
0.14359
3.00178
3.00164
3.00028
2.55089
0
1.51321
3.00494
3.00141
3.00143
3.0017
3.00188
3.00053
2.03299
0
3.00077
0.958861
3.00061
0.0639085
0.367126
3.00257
3.00014
3.0028
3.00098
1.95327
0
0.646227
0.125209
3.00308
3.00075
3.00142
3.00017
3.00018
0
1.93539
3.00419
3.00221
2.16477
0.567608
2.05754
0
3.00985
3.0015
0
3.00157
0.357759
0
3.00157
3.00164
3.00158
3.0029
0.990107
1.16129
0
0.765688
3.00087
1.87589
3.00097
3.00142
3.00003
1.77867
0.62238
2.95077
0.128263
0
0
0
3.00007
3.00148
3.00042
3.00168
3.00112
0
3.00032
1.8997
0
3.00287
0.350533
0
0.108712
0
0.378664
3.00179
0.0366335
0
0
1.74146
3.00235
0.821529
0
0.662896
0.0663679
0
1.27599
0
0
3.00172
3.00182
0.365963
0
0
3.00034
3.00071
3.00025
0.817551
2.12233
0.0554279
3.00277
3.00077
0.78313
1.21451
3.00011
0.186883
0
1.55684
3.00025
0.0937868
0.443207
0
0.403795
0.462968
0.16277
3.0007
0
0.475342
3.00121
0.191971
3.01858
3.00241
0
3.00188
3.00047
0.0183046
3.00249
2.20698
3.00104
0.551382
3.00035
0.266673
1.49585
3.0007
3.00077
3.00119
1.52035
3.00061
2.07432
0
3.00189
3.00014
0.0795539
0
0
1.19411
0.393995
0
0.0515409
0.0677821
0
0
3.00022
3.00037
0
0
0.410009
0.87999
3.01706
0
3.00028
0
3.00127
0.0467605
3.00228
0.562704
0
1.38587
0
3.00024
0
0.238377
0.884661
0.00859478
3.0022
0.0372308
0.29925
0.192298
0
0.261445
0
0.215712
0
0
0
0
0
0
3.0025
0.416132
0
0.0825042
0
0
3.00021
0.613509
1.96423
0
0
0
0.0473073
0.463736
0
0.0603609
0
0.279798
0.22195
0
0
0
0
0
2.35322
3.00041
3.00159
0
0.389152
0
0.0375735
1.3095
0
0
0
0
0
0
0
3.00195
0.730642
0
3.00138
0.796268
0.148002
0.828136
0
0
0
3.00142
0.458418
0
0.342725
3.00221
0.268453
3.00205
0
0.1796
0.370448
0.252374
3.00415
3.00287
3.00094
0.911046
0.0722414
3.00154
3.00179
0
0
2.38944
0.731895
3.01015
1.03323
0
3.00161
0.530245
3.00082
3.00185
0
0.855413
0.862083
0
1.94853
0.0833831
0.376541
3.00238
3.00176
2.65875
