    0.892671   -0.0191674      0.95783   -0.0105976   -0.0353956    0.0267116    0.0788019    -0.458175   -0.0334518     0.741072     -0.24991   -0.0829859   -0.0311674    -0.446869   -0.0289934     0.740588     -0.25764    0.0292569   0.00010873  -0.00163887     0.956914   0.00772743   0.00150577     -1.91999 -0.000490356    -0.524224  -0.00193652     0.960553  -0.00986163  6.40194e-05     -1.91815  0.000557603    -0.523711  0.000680927
    0.921968    0.0822942     0.964786   -0.0256018    0.0746897   -0.0653786    0.0111499     -0.48734    0.0719592     0.654242    -0.241937    0.0482555    -0.109538    -0.349574    0.0586223     0.370481    -0.102817     0.155448     0.319441   -0.0125631     0.228812  8.67362e-19     0.516658     -1.61679     0.408068    -0.206517   0.00419978       0.7809 -0.000583018     -0.28019     -2.06256    -0.277783    -0.406998    -0.136476
  0.986842  0.0343545   0.975739 -0.0287797 -0.0219761  0.0173801  0.0422307   -0.23996 -0.0189902   0.563394  -0.302281 -0.0179066 -0.0644941  -0.109529 -0.0161255   0.346417  -0.213873  0.0916121  -0.204224   0.206326   0.167321    0.04393   0.219959    -1.9596  -0.234188   0.275088  0.0748886     0.5797  -0.413499  -0.886691    -1.8535  -0.507352   0.184737  -0.438548
     1.00997     0.039421     0.974113 -0.000628724    0.0224468    0.0742466  -0.00119104    -0.225724   -0.0759181     0.484948    -0.282187   -0.0151184    -0.105848    -0.138662   -0.0768856     0.383703    -0.259895    0.0956009    -0.215709     0.132933     0.263419   0.00799457     0.218413     -2.06819    -0.238615     0.251641    0.0842683      0.63701    -0.355121    -0.929363     -1.99501    -0.500722     0.218418    -0.446944
  0.922762   0.052948    1.02784  -0.511861  0.0657236 -0.0678342   0.570083  -0.283353  0.0957166   0.414113  -0.150752 -0.0301814   0.480495  -0.877999   0.136615    1.12137  -0.275132   0.137318   0.302285   0.316277 -0.0413465          0   0.296165   -1.58249  -0.285004 0.00842778  0.0631596   0.479952  -0.533973  -0.826684   -1.58949  -0.500998 0.00943289  -0.421268
  0.892794 -0.0298925    1.02137  -0.485122  0.0232925 -0.0373148    0.62497  -0.261243  0.0453631     0.3489 -0.0849589  -0.127602   0.523599  -0.927324  0.0730764    1.19004  -0.265517  0.0203806   0.169132   0.348552  -0.158374   0.302441   0.177522    -1.5098  -0.121013   0.141845   0.070831   0.310045  -0.414246  -0.860851   -1.56683  -0.441979  0.0811706  -0.380483
  0.932111  -0.138758    1.13135  -0.101841  0.0241422  -0.148572   0.421355  -0.598946    0.18033   0.868822  -0.238767  -0.213551   0.294446  -0.567847   0.178693   0.710964  -0.130438 -0.0935692  -0.322015   0.421208  0.0996146   0.578368   0.282933   -1.49409 -0.0851752 -0.0965248   0.248892  0.0856759 -0.0268763  -0.777061   -1.60189  -0.340674 -0.0824715  -0.158421
  0.932111  -0.138758    1.13135  -0.101841  0.0241422  -0.148572   0.421355  -0.598946    0.18033   0.868822  -0.238767  -0.213551   0.294446  -0.567847   0.178693   0.710964  -0.130438 -0.0935692  -0.322015   0.421208  0.0996146   0.578368   0.282933   -1.49409 -0.0851752 -0.0965248   0.248892  0.0856759 -0.0268763  -0.777061   -1.60189  -0.340674 -0.0824715  -0.158421
  0.929306  -0.108666    1.16144 -0.0649421 0.00830411  -0.081952   0.283346   -0.43951  0.0901113   0.542446 -0.0895863  -0.179161   0.164052  -0.364842   0.088146   0.356478  0.0122387 -0.0671512  -0.473326   0.426726 -0.0298907   0.548884   0.155664   -1.45521 -0.0271206  -0.040039  0.0266373   0.212072  -0.538297  -0.905999   -1.42787   -0.52664   0.103197  -0.511122
  0.929306  -0.108666    1.16144 -0.0649421 0.00830411  -0.081952   0.283346   -0.43951  0.0901113   0.542446 -0.0895863  -0.179161   0.164052  -0.364842   0.088146   0.356478  0.0122387 -0.0671512  -0.473326   0.426726 -0.0298907   0.548884   0.155664   -1.45521 -0.0271206  -0.040039  0.0266373   0.212072  -0.538297  -0.905999   -1.42787   -0.52664   0.103197  -0.511122
   0.95765 -0.0396247    1.17412 -0.0213929 0.00908984 -0.0348384   0.133681  -0.359789  0.0381213   0.424098  -0.068918 -0.0987935  0.0225848   -0.32767  0.0369007   0.344218 -0.0250607  0.0106923  -0.272991   0.316236  -0.265708   0.364747   0.180881   -1.49259 -0.0356593   0.244561  0.0427418   0.216722  -0.557373  -0.859484   -1.55537  -0.378593   0.230391   -0.45243
  0.988369 0.00842947    1.17779 -0.0159268 -0.0104455  -0.075265  0.0801519   -0.32601  0.0787408   0.490261  -0.148758 -0.0388161  -0.034367  -0.258035  0.0783229   0.319815 -0.0546842   0.070159   -0.22945   0.340314  -0.169112    0.18108   0.232335   -1.58156  -0.128786   0.215413  0.0184098   0.368908  -0.579134  -0.866585   -1.58623  -0.470412   0.176605  -0.437339
  0.831829  0.0991634    1.10141 -0.0426361   0.297446   0.231856  -0.160152  -0.662399  -0.287934 0.00239359   0.378506  0.0222349  -0.435668  -0.935454  -0.436831   0.682212  0.0204827   0.119783   0.165652   0.420359  -0.973459  0.0861724 -0.0597216  -0.767246   0.478571  -0.188798  -0.189609  -0.568976   -2.20423  -0.504862  -0.636291   -1.08053   0.776508   0.265878
  0.831829  0.0991634    1.10141 -0.0426361   0.297446   0.231856  -0.160152  -0.662399  -0.287934 0.00239359   0.378506  0.0222349  -0.435668  -0.935454  -0.436831   0.682212  0.0204827   0.119783   0.165652   0.420359  -0.973459  0.0861724 -0.0597216  -0.767246   0.478571  -0.188798  -0.189609  -0.568976   -2.20423  -0.504862  -0.636291   -1.08053   0.776508   0.265878
  0.845994  -0.079069    1.08379 -0.0788504   0.321599   0.349878  0.0316548  -0.819259  -0.356153   0.100495   0.342286  -0.225475  -0.380452   -1.10897  -0.649867   0.906386  -0.101246  -0.141439  -0.317748 -0.0592644   -1.75979   0.355229  0.0633927  -0.252226 -0.0137164   0.267467  -0.292899  -0.317325     -1.678  -0.626669   -0.54759   -1.48643   0.432285   0.246221
 0.828786  0.138185   1.09651 -0.204067  0.309921  0.403321 -0.146722 -0.720211 -0.467213         0  0.402817 0.0317008 -0.397978 -0.827776 -0.588795  0.533205 0.0525967  0.146572  0.345532  0.272379  -1.42713 0.0147114  0.354889 -0.968545 0.0428893  0.365522 -0.108041 -0.345379  -2.46401 -0.652181 -0.288776  -1.41884  0.773356   0.52592
   0.85937   0.163582    1.09875   0.147739   0.358118 -0.0831665 -0.0803474   -1.77563   0.302496    1.43349 -0.0293464   0.255322  -0.460495  -0.887909 -0.0998203   0.326094   0.202205   0.261799   0.154341    0.77079   -1.42573  0.0397018   0.238884  -0.576289   0.500231  0.0815402   -0.26104  -0.357463   -2.44879  -0.579833  -0.443877   -1.20532   0.844461   0.432909
 0.822388 0.0931889    1.0982 0.0325917  0.389737 0.0419932  0.865153  -1.73656    1.1453   1.16852  0.108148  0.261799 -0.306453 -0.865356 -0.173336  0.206483  0.290006  0.154405 0.0674907  0.334989  -1.29726  0.209159   0.38585  -1.16749 0.0741936  0.509033 -0.148484  -2.71474  -1.06529  0.443003 -0.225396 -0.138209  0.688769  0.570837
  0.816805   0.133473    1.23998 -0.0143074    0.35332  0.0643467  -0.190094    -0.8962  -0.147112  0.0147949   0.539205  0.0937817  -0.404849   -1.05727  -0.261601   0.371934   0.363559   0.200218   0.130354   0.350252   -1.27001   0.234187  0.0922153  -0.531691   0.782504  -0.148355  -0.580564   -1.63912   -1.67219   0.299553  -0.855249  -0.862215   0.663919   0.360381
  0.819141   0.138445    1.21291 -0.0844607   0.444298   0.324228  -0.425173  -0.980401  -0.558505  0.0472823   0.546042  0.0277001  -0.991695   -1.17343   -1.00812   0.802886   0.110155   0.106251 -0.0492369  -0.165325   -1.08189    0.24854   0.171405   -1.40069  -0.399876   0.544934   0.179835 -0.0736754   -2.10889   0.247672  -0.437437  -0.502826  -0.385025   -1.76354
  0.970027   0.146383    1.32909 -0.0363661   0.197486   0.158859  -0.200394  -0.714739  -0.224421   0.424217   0.114095  0.0885268  -0.301658  -0.607001  -0.231446   0.353503  0.0979249   0.204662    0.27372   0.425873  -0.882882  0.0410705 -0.0578352  -0.590476   0.475685  -0.368451  -0.107735  -0.363247   -1.98832  -0.784721  -0.776845  -0.852552   0.829914    0.25832
    0.92392    0.062816     1.30486 -0.00774351    0.301023     0.13548    -0.12578   -0.824875   -0.192771    0.261847    0.269094 -0.00951841   -0.321158   -0.963344   -0.284853    0.607195   0.0868441   0.0957985    0.103669    0.431683   -0.954372    0.245489   -0.159687   -0.759036     0.67885   -0.205031   -0.245542   -0.341886    -2.08327     -0.7377   -0.671617   -0.967402    0.730451    0.156096
  0.945606  0.0956227    1.35348  -0.378518   0.303673 -0.0118452    0.44844  -0.912738   0.174596   0.523957   0.110973  0.0552879   0.419907   -1.39251   0.296323    1.00965  0.0908387    0.24453   0.480665   0.390826  -0.569005   0.185105   0.250985   -1.15322   0.761103  -0.115406  -0.611808   -1.97974   -1.21259   0.173489  -0.470735  -0.469082   0.633251   0.529968
  0.963455  -0.156399     1.2031 -0.0972257   0.148477  -0.014768   0.562636   -1.26033   0.217006    1.39028  -0.257096  -0.261799   0.173554   -1.91986  -0.193561    1.90217  -0.122312  -0.261799 -0.0785822   0.447503  -0.900282   0.761037  -0.134266    -1.0944   0.737842   0.298092  -0.209365   -2.13778   -1.25715   0.243964  -0.374276  -0.166135   0.666848   0.116068
   0.83937  -0.175364    1.29309  0.0934135   0.595993  0.0503953   0.617843   -1.47483   0.480451    0.30222   0.587006  -0.261799  0.0282364   -1.86973 -0.0875424   0.887447   0.383834  -0.228738  -0.523599   0.344082    -1.5963   0.580273  -0.559799   -0.84889   0.563915   0.209793  -0.137133  -0.902837   -2.20353  -0.399678  -0.497883   -1.26005   0.634075   0.114885
  0.964428   0.168674     1.4546 -0.0914409   0.276748 0.00989784   -0.11995    -1.2088 -0.0709251   0.808247   0.125579   0.147153  -0.237497  -0.917355 -0.0923712   0.351151   0.296945   0.261799   0.242293   0.293403  -0.829224   0.128238  0.0513074  -0.307478   0.461269  -0.741174  -0.164247   -1.11074   -1.56212 -0.0630749  -0.834532    -0.9751   0.576418   0.393334
  0.879257  0.0179238    1.40496 -0.0848532   0.382192 -0.0184945   0.380559   -1.41666   0.312413   0.738138   0.306053 0.00773349  0.0169452  -0.992573  0.0286733          0   0.610468  0.0924541  0.0140493    0.34217   -1.36162   0.480265 -0.0106565  -0.637071  0.0147614  0.0954841   0.174852   -1.70604   -1.37338  0.0137388  -0.656293  -0.645081   0.577439   0.406937
  0.892684  -0.152002    1.42717  -0.026407   0.311449 -0.0444776   0.482262     -1.088   0.264024   0.447117    0.36438  -0.231651   0.251609  -0.869764   0.140067 0.00315205   0.569711  -0.124586  -0.298801    0.10835   -1.25254   0.953049  -0.151477  -0.878135   0.580308   0.346226  -0.285495   -1.45146   -1.01373  -0.179276  -0.479155    -0.6081   0.256911   0.177831
  0.916345  -0.153552    1.47736    0.21616   0.311687  0.0159699   0.338651   -1.57757   0.295217   0.902701   0.362504  -0.261799  -0.126408   -0.90135 -0.0648402   0.114659   0.478152  -0.136853  -0.523599 -0.0489093  -0.995206    1.08478   -0.21495  -0.909143   0.634694   0.188426  -0.102085   -1.27456  -0.876319  -0.292877  -0.505036   -0.55833   0.155957    0.16906
  0.934008  -0.209227    1.48352   0.179531   0.203726 -0.0966096   0.848561   -1.40895   0.774037     1.0466   0.212765  -0.261799   0.100725  -0.808081   0.139884   0.210402   0.398782  -0.178743  -0.523599  0.0581714  -0.888744    1.28826  -0.294291  -0.922398   0.950964   0.151122    -0.2171   -1.36137  -0.736686  -0.337286   -0.36311  -0.220402  0.0595569 -0.0599261
  0.976705 -0.0779596    1.46833   0.006892   0.482512   0.103282   0.198515   -1.91036  0.0128991    1.16614   0.251624  -0.217596 -0.0588275  -0.943682  -0.132646          0   0.460951 -0.0618104  -0.231764   0.490766   -1.27063   0.348183  -0.197263  -0.947014     0.4802   0.153583  -0.224044  -0.765698   -2.26093  -0.568164  -0.545068    -1.0754    0.75798   0.186727
  0.966508  -0.108468     1.4587  0.0522675   0.605784   0.222782   0.660002   -1.85435   0.579151   0.771639   0.414071  -0.171826  -0.472165   -1.29625  -0.591772   0.441975   0.274416  -0.175105  -0.315496   0.160387   -1.17547   0.613883  -0.122357   -1.36114   0.308589   0.431806  0.0155265  -0.576461   -2.27169  -0.597303  -0.611478   -1.16475    0.70848 -0.0519447
  0.993638  -0.243102    1.43555   0.354268   0.682611  -0.046769    1.36085   -1.58256    1.43256   0.584622   0.303945  -0.261799  -0.112859   -1.17577 -0.0396987          0    0.49224  -0.255917  -0.523599  -0.324388  -0.341095    2.13575    0.84195   -1.12405    1.21561    0.72447 -0.0455704   -2.49851  -0.559427 -0.0478327  -0.418316   0.301848   0.715404  -0.182404
    1.04729    0.110418       1.475    0.211083    0.354302  -0.0741593   -0.151802    -1.85221    0.200539     1.50535  -0.0160836    0.156856   -0.561676    -1.21434   -0.195446    0.855458  0.00960511    0.192622   0.0548349    0.703637     -1.4801    0.228086     0.02253   -0.496823     1.02398   0.0911123   -0.556552 -0.00513434    -2.36736    -1.47442   -0.448897   -0.579628    0.911948    0.399122
   1.08184   0.179228    1.68392 -0.0579574   0.192242  0.0748998  -0.216128  -0.967119   -0.16048   0.642361   0.145474   0.142827  -0.301959  -0.728761  -0.150497   0.301437   0.259593   0.261799   0.315029   0.258894   -1.03869   0.280581  -0.132256  -0.422903   0.897159  -0.363504  -0.299943   0.023442   -1.70603  -0.746881  -0.957631  -0.981913   0.466069  0.0675982
   1.01173   0.158149    1.61879     0.1049    0.36473 -0.0611603  -0.315687   -1.22947 -0.0868552   0.553014    0.30914    0.14561  -0.518329   -1.18657  -0.189397   0.468026   0.361695   0.261799   0.204028   0.433279   -1.19144   0.353414 0.00560132  -0.581363   0.972726   -0.15476  -0.443333   -2.23348   -1.11128   0.183423  -0.453452  -0.188642   0.674205    0.68261
   1.02554 -0.0599554    1.65988 -0.0349265   0.307972 -0.0128644   0.265651   -1.07812   0.128842   0.461442   0.317781  -0.124335  0.0868057   -1.00917  0.0504646   0.326471   0.376177 -0.0113155 -0.0268377 -0.0268022   -1.73286   0.966244  0.0498019   -0.28024   0.803791   0.299368  -0.817299   -1.62767  -0.743823  -0.194903  -0.336884  -0.399911   0.189037   0.387616
