 0.0883568  -0.126304   0.639739    1.10568   -4.72852   -1.10301  0.0258766  -0.989014  0.0479682  0.0473017  -0.621278 -0.0289819  0.0358694  -0.963558  0.0608695          0  -0.599092 -0.0373323  0.0504259  0.0425578   -2.16338    1.03381    1.70575  -0.611303    2.34071  -0.972389   0.272461  -0.322765   -2.36409   0.584142   -1.21375   0.540567  -0.155282     1.9109
 0.0883568  -0.126304   0.639739    1.10568   -4.72852   -1.10301  0.0258766  -0.989014  0.0479682  0.0473017  -0.621278 -0.0289819  0.0358694  -0.963558  0.0608695          0  -0.599092 -0.0373323  0.0504259  0.0425578   -2.16338    1.03381    1.70575  -0.611303    2.34071  -0.972389   0.272461  -0.322765   -2.36409   0.584142   -1.21375   0.540567  -0.155282     1.9109
 -0.133614 -0.0755433      0.696    2.08907    1.32145    4.13061   0.481018   -1.76134   0.683035   0.627538  -0.616059   0.170154   -1.28727   -1.74465   -1.06325   0.473262  -0.525754  -0.103964  -0.485639  -0.525613   -3.16665   0.825362    1.77774 0.00159139    1.03976  -0.653968  -0.424799  0.0235373   -2.08655   -2.20924  -0.407477   -2.25591    0.84532   0.648814
 -0.133614 -0.0755433      0.696    2.08907    1.32145    4.13061   0.481018   -1.76134   0.683035   0.627538  -0.616059   0.170154   -1.28727   -1.74465   -1.06325   0.473262  -0.525754  -0.103964  -0.485639  -0.525613   -3.16665   0.825362    1.77774 0.00159139    1.03976  -0.653968  -0.424799  0.0235373   -2.08655   -2.20924  -0.407477   -2.25591    0.84532   0.648814
    0.202629    -0.116448      0.64044      4.08832     -4.27709      2.29068     0.758566     -1.80438      1.16812      1.25422    -0.872665     0.175905    -0.376881    -0.557475   -0.0522515 -1.91836e-13    -0.730697  -0.00147777    -0.266316    -0.619014      1.56676      1.14501     0.800028    -0.829149     -2.24556     0.208398     -1.39444    -0.826846     -3.10688      0.32776     -2.00264      1.76846     0.556413    -0.280331
    0.202629    -0.116448      0.64044      4.08832     -4.27709      2.29068     0.758566     -1.80438      1.16812      1.25422    -0.872665     0.175905    -0.376881    -0.557475   -0.0522515 -1.91836e-13    -0.730697  -0.00147777    -0.266316    -0.619014      1.56676      1.14501     0.800028    -0.829149     -2.24556     0.208398     -1.39444    -0.826846     -3.10688      0.32776     -2.00264      1.76846     0.556413    -0.280331
  0.166868 -0.0681232   0.652116    2.81685   -4.08791    3.50489    1.19426   -1.87567    1.14825    1.59124  -0.858587   0.219532   0.137805  -0.325706  -0.119829   0.212186  -0.872665  0.0221622  -0.242639 -0.0179346   -1.79958   0.134027    2.54831  0.0924309    -2.4604   -1.35381   0.166695   -2.43929  -0.643171   -2.05086   -2.03281    2.47828   -1.20335  -0.210467
  0.166868 -0.0681232   0.652116    2.81685   -4.08791    3.50489    1.19426   -1.87567    1.14825    1.59124  -0.858587   0.219532   0.137805  -0.325706  -0.119829   0.212186  -0.872665  0.0221622  -0.242639 -0.0179346   -1.79958   0.134027    2.54831  0.0924309    -2.4604   -1.35381   0.166695   -2.43929  -0.643171   -2.05086   -2.03281    2.47828   -1.20335  -0.210467
  0.252832  -0.322219   0.657601    4.46978   -3.79874    2.23072  -0.338943   -1.44116   0.431488    1.13079  -0.741097  -0.261799  -0.749938  -0.352211  0.0546162   0.132592   -0.84323  -0.258569  -0.518319  -0.545607    1.32899   0.671991   0.762567  -0.353859    1.38651     -1.562   -2.13421   -1.13565          0   0.500587   -1.64404    1.30614 -0.0262908   0.315716
  0.252832  -0.322219   0.657601    4.46978   -3.79874    2.23072  -0.338943   -1.44116   0.431488    1.13079  -0.741097  -0.261799  -0.749938  -0.352211  0.0546162   0.132592   -0.84323  -0.258569  -0.518319  -0.545607    1.32899   0.671991   0.762567  -0.353859    1.38651     -1.562   -2.13421   -1.13565          0   0.500587   -1.64404    1.30614 -0.0262908   0.315716
 0.271327 -0.249242  0.675059  -3.42338  -4.98784   3.67599  0.421259  -1.81712   0.54696   0.29689 -0.323565 -0.138792 -0.258811  -1.50665 -0.117907  0.203882 -0.503832 -0.261799 -0.386035  -1.34259     1.603 0.0559237     -2.55  -1.98028  0.510436  0.567608  -2.03673    -3.359  -2.91366   2.40015  -2.33736 -0.258884 -0.650345   2.00995
 0.271327 -0.249242  0.675059  -3.42338  -4.98784   3.67599  0.421259  -1.81712   0.54696   0.29689 -0.323565 -0.138792 -0.258811  -1.50665 -0.117907  0.203882 -0.503832 -0.261799 -0.386035  -1.34259     1.603 0.0559237     -2.55  -1.98028  0.510436  0.567608  -2.03673    -3.359  -2.91366   2.40015  -2.33736 -0.258884 -0.650345   2.00995
 -0.00719467    -0.072088     0.771672    -0.805803      1.36979     0.774192     0.576129     -1.75625     0.453024     0.094728      0.21607     0.103139   -0.0217969     -1.69904    -0.167774    0.0826909     0.187113 -9.19731e-05    -0.160078   -0.0547594     0.600234      3.12904     -2.02002    -0.056689     -2.13568       -1.071     -2.02319     -2.70167    -0.607818     -1.60049     -1.48954       2.4287     -1.45113    -0.780088
 -0.00719467    -0.072088     0.771672    -0.805803      1.36979     0.774192     0.576129     -1.75625     0.453024     0.094728      0.21607     0.103139   -0.0217969     -1.69904    -0.167774    0.0826909     0.187113 -9.19731e-05    -0.160078   -0.0547594     0.600234      3.12904     -2.02002    -0.056689     -2.13568       -1.071     -2.02319     -2.70167    -0.607818     -1.60049     -1.48954       2.4287     -1.45113    -0.780088
  0.152113  -0.129768   0.642642    3.27365   -3.73135    3.08018   0.690368   -1.68015   0.913781    1.91551  -0.864764   0.133261   -0.16848   -1.81576  -0.126059    2.09466  -0.872665  -0.076615 -0.0982444   0.102328    1.35378    3.07535   -1.94074  0.0328917   -2.43603    1.19366   -1.47375   -2.93534  -0.719989   -2.54914  -0.140189   -2.54855   -0.78006   -2.52831
  0.152113  -0.129768   0.642642    3.27365   -3.73135    3.08018   0.690368   -1.68015   0.913781    1.91551  -0.864764   0.133261   -0.16848   -1.81576  -0.126059    2.09466  -0.872665  -0.076615 -0.0982444   0.102328    1.35378    3.07535   -1.94074  0.0328917   -2.43603    1.19366   -1.47375   -2.93534  -0.719989   -2.54914  -0.140189   -2.54855   -0.78006   -2.52831
  0.195609  -0.134036   0.790228    0.76807   0.987188  -0.644005  -0.406978   -1.49262 -0.0284341   0.819992  -0.441825 -0.0328911   -1.36123   -1.70498   -1.04487   0.993037  -0.465774   -0.16461  -0.372953 -0.0979802  -0.563923     3.5135     2.5483  0.0505426    2.54774   -1.24287   -0.88388  -0.459504   -2.27807   -1.39305   -1.63524  0.0819208   0.279203      2.001
