    1.34516  -0.0659159    0.727154     2.77275     1.69407    -2.83265   0.0208293    -1.77879  -0.0364217     0.99962   -0.668932   0.0467975 -0.00478575    -1.70346  -0.0622767    0.890602   -0.634987   0.0427115  -0.0236055   0.0327607   -0.707632    0.659625   0.0465484   -0.996233    0.676377    0.443535   -0.279072    -0.69928   -0.614039   -0.100137   -0.940449   -0.642097     0.31942    0.179788
   1.10976  -0.114015   0.770576    2.79995    1.54331    -2.7976  -0.131298   -1.85089  -0.144782   0.317548  -0.061769 -0.0431111 -0.0758014   -1.89528 -0.0890036   0.394923 -0.0928054 -0.0348666 -0.0586306 -0.0415695   -1.48834    0.83803 0.00567626  -0.706224   0.667464   0.840901  -0.453543   -1.52031  -0.651101  0.0380497  -0.658309  -0.394547   0.670406   0.116557
   1.14542  -0.178878   0.770357    2.79711    1.81274   -2.71004  0.0119409   -1.86546  -0.123065   0.805548  -0.290892  -0.140257  0.0591146   -1.91986 -0.0730722   0.959165   -0.38862  -0.132719 -0.0100374   0.284218   -1.51279   0.680959   0.049179   -1.39325   0.761553  0.0524705  -0.392699  -0.974968  -0.942285  -0.223844  -0.582842  -0.509041   0.505832  0.0932903
   1.09551 -0.0579461    0.78937    2.76684    1.72643   -2.82606  0.0689678   -1.89278 0.00260433    0.62579  -0.150531  0.0525764   0.156212   -1.76438  0.0937327   0.442381 -0.0959596  0.0665969  0.0786635   0.469915    -1.6615   0.347545   0.236319   -1.39626   0.580067   0.112434  -0.548343   -1.08132   -1.17047  -0.285017  -0.641292  -0.589582   0.729716   0.345922
   1.08057 -0.0488866   0.788665    2.81422    1.96816   -2.90699  0.0986938   -1.91986 -0.0221275    1.02391  -0.283355  0.0571399   0.117781   -1.79694 0.00114938   0.879002  -0.260924  0.0621436   0.128799    0.15306    -1.4646    0.68796   0.153916   -1.16639   0.644608 -0.0300644  -0.546204   -1.22678   -1.24028  -0.193977   -1.24367  -0.665163 0.00286254   0.145817
   1.14288  -0.193864   0.783255    2.83451    2.04613   -2.75208  0.0347123   -1.77531  -0.201942    1.00477  -0.364725  -0.180278   0.111423   -1.76698  -0.115195    1.09146  -0.456944  -0.163536  0.0849119   -0.12733  -0.943478    1.20843   0.269033   -1.31879   0.874354 -0.0896485  -0.262579   -1.14228  -0.539582  -0.434784   -1.52612   -0.40295  0.0795339   0.437372
    1.15195   0.0280251    0.791819      2.9749     2.15638    -3.16152  0.00308985    -1.71971 -0.00454562     1.24539   -0.503349    0.177309   0.0137743    -1.58169  0.00628864     1.01703   -0.412588    0.174668    0.523599    0.551184     -1.0552    0.375716    0.649672    -1.44192    0.647128     0.19624    -0.33108   -0.820957    -1.41551     -0.1536    -1.20658   -0.707563   0.0449928    0.320639
   1.12643  0.0824875   0.784406    2.99604    2.10519    -3.2491 -0.0566926   -1.77959 -0.0142425    1.19528  -0.446518   0.256042 0.00439797   -1.59173  0.0492079   0.862147  -0.300807   0.257194   0.408475    0.59669   -1.35529   0.152005   0.645057   -1.54274   0.248141   0.353504  -0.348755  -0.636124   -1.78776 -0.0316443   -0.97797   -0.90024   -0.23476 -0.0466949
   1.09085  -0.112163   0.834409    2.98007    2.29726    -3.0141   0.157206   -1.58799  0.0209068    1.09299  -0.352378 -0.0249291   0.123098   -1.50612  -0.013337    1.01403  -0.354941 -0.0279348  0.0165373 -0.0153497   -1.39317   0.741639   0.280663    -1.1589   0.493217   0.288469  -0.516593   -1.12901   -0.90785  -0.390653   -1.21788  -0.535508    0.18719    0.22047
   1.10221  -0.166483   0.817165    2.92315     2.3126   -2.89995   0.121896   -1.62226   -0.12418     1.1534  -0.384415  -0.129875   0.127213    -1.5489  -0.111608      1.128  -0.431559  -0.121859   0.119812 -0.0567225   -1.24591    0.99384   0.271928   -1.17494   0.786469   0.262317  -0.460133   -1.23944  -0.684828  -0.376932   -1.41247  -0.128021    0.36972   0.110797
   1.10153 -0.0290215   0.761443    2.81838    2.43137   -2.95343   0.051355   -1.91986  -0.288883    1.20811 -0.0267665  -0.107486  -0.235747   -1.58052  -0.482551    1.41719  -0.562917 0.00725543   0.263464  0.0973226   -1.39432   0.486684   0.469176   -1.08773   0.353995   0.257183  -0.567514   -1.09135   -1.21501  -0.195494   -1.10483  -0.697623    0.22194   0.147643
   1.14683  0.0180768   0.862466    2.99438    2.43597   -3.03935  0.0322708   -1.41914  -0.074587   0.617788  0.0901395 0.00776232  -0.195608   -1.19664  -0.252532   0.916941    -0.4118   0.105384   0.182413  0.0978939   -1.15641   0.446629   0.366091  -0.974564   0.339029 -0.0879701  -0.358349  -0.625046    -1.3434  -0.225579   -1.04193  -0.865192  -0.112287  0.0416974
