4
0
    1.67984    0.061889 0.000146009
 0.356938 0.0886341   192.802         0         0         0
-0 -0  1
1
    1.69495   -0.205991 0.000455929
 0.388636 0.0910368   193.334         0         0         0
0 0 1
4
  0.997952 0.00526382 0.00653036
-0.328585 -0.102159   122.783   6.45755  -11.1683  0.125727
0 0 1
5
   0.99397  -0.203513 0.00777977
 -0.416971 -0.0775111    121.379    6.50059   -11.0464  -0.223629
0 0 1
3
1
    1.69495   -0.205996 0.000457611
     1.04581      1.35956      270.305  1.01914e-16 -2.70849e-16  2.89906e-17
0 0 1
4
  0.997953 0.00526384 0.00653313
-0.118936 -0.457841   238.177   11.8286  -4.53355 -0.077935
0 0 1
5
  0.993971  -0.203513 0.00778298
-0.926873 -0.901721   121.816   6.15852   3.87641 -0.900693
0 0 1
4
1
    1.69495      -0.206 0.000462234
 20.1798 -2.58552  200.811        0        0        0
0 0 1
4
  0.997952  0.0052622 0.00653566
  21.796  2.80502  198.781 -4.06974 -1.67755 -7.69851
0 0 1
5
  0.993971  -0.203514 0.00778588
 20.1866  2.84076  199.624 -4.06974 -1.67755 -7.69851
0 0 1
0
     2.1      0.2 0.650004
-62.1625 -3.06035  31.0813        0        0        0
         -1 1.28488e-10 7.49511e-05
3
4
   0.99795 0.00525906 0.00654554
  70.941  4.89612  281.423 -1.21075 -15.7394 -14.9932
0 0 1
5
   0.99397  -0.203516 0.00779749
 67.7183  4.98097  281.565 -1.18815 -16.0863 -15.2417
0 0 1
0
 2.09999 0.199996 0.650019
    -138.659     -9.87708      67.3095 -1.25847e-16  3.21002e-15 -1.00616e-16
         -1 1.28488e-10 7.49511e-05
4
4
   0.99795 0.00525894 0.00654593
 70.2443  1.71118   280.81  7.92767 -15.4132  1.53061
0 0 1
5
   0.99397  -0.203517 0.00779819
 70.5445  1.69517  279.093  7.92767 -15.4132  1.53061
0 0 1
0
 2.09999 0.199996  0.65002
-71.7132 -1.70327  35.8566        0        0        0
         -1 1.28488e-10 7.49511e-05
1
      2.1 -0.400002  0.649998
-69.0757 -1.70308  34.5378        0        0        0
          -1 -4.80007e-05  7.49512e-05
3
4
  0.997949 0.00526324 0.00655659
 69.5799 -3.36918   279.04 -3.67489 -23.7597  17.6624
0 0 1
5
  0.993968  -0.203515 0.00780627
 73.1436 -3.42716  275.762 -4.49597 -22.8469  17.4025
0 0 1
1
      2.1 -0.399989  0.650015
    -142.724      6.79634      75.4959 -1.22856e-16 -2.95924e-16  5.60381e-16
          -1 -4.80007e-05  7.49512e-05
4
4
   0.99794 0.00526484 0.00656155
 69.8585  1.89491  280.899  6.91052 -13.1966  1.38618
0 0 1
5
 0.993958 -0.203514 0.0078104
 70.1314  1.88076  279.404  6.91052 -13.1966  1.38618
0 0 1
1
      2.1 -0.399989   0.65001
-67.5136 -1.02402  33.7568        0        0        0
          -1 -4.80007e-05  7.49512e-05
0
     2.1 0.200007 0.899992
-72.4766 -2.75152  36.2383        0        0        0
          -1 -5.78184e-10  0.000112424
3
4
   0.99794 0.00526506 0.00656179
 56.3777  6.11907   288.21  8.94357 -22.5142 -9.65362
0 0 1
5
  0.993958  -0.203514 0.00781057
 54.3207  6.15067  286.244  8.94758 -22.5874 -9.69922
0 0 1
0
     2.1 0.200007 0.899992
    -110.698     -12.2697      55.8435  -5.1083e-16 -2.33702e-16 -2.36121e-16
          -1 -5.78184e-10  0.000112424
4
4
  0.997941  0.0052663 0.00656723
   64.3563 -0.0107636    282.976  0.0245173   -2.30003  0.0395778
0 0 1
5
  0.993959  -0.203513 0.00781413
   64.3617 -0.0109518    282.962  0.0245173   -2.30003  0.0395778
0 0 1
0
 2.09999 0.200021 0.899989
 -64.3715 0.0109487   32.1857         0         0         0
          -1 -5.78184e-10  0.000112424
1
      2.1 -0.399994  0.900003
 -64.3466 0.0109488   32.1733         0         0         0
          -1 -6.17129e-05  0.000112424
3
5
  0.993952  -0.203506 0.00783021
155.001 22.4906 557.564 11.6256 20.9641 4.14894
0 0 1
0
 2.09995  0.20011 0.900004
   -85.2864    -11.2445     35.7698 4.19874e-15 -4.0173e-15  6.8077e-15
          -1 -5.78184e-10  0.000112424
1
  2.09999 -0.399972  0.900032
    -69.7141     -11.2461      36.9636  4.10577e-15 -1.72493e-15  8.62438e-16
          -1 -6.17129e-05  0.000112424
4
5
  0.993945  -0.203509 0.00784311
  55.7603   -1.2218   289.248 -0.652385   13.5891   1.51072
0 0 1
0
 2.09993 0.200143 0.900006
-55.763 1.03107 27.8815       0       0       0
          -1 -5.78184e-10  0.000112424
1
  2.09997 -0.399969  0.900032
-55.1938  1.03115  27.5969        0        0        0
          -1 -6.17129e-05  0.000112424
4
   1.24999  0.0999977 1.1206e-05
  55.1953 -0.840091   285.571 -0.652385   13.5891   1.51072
0 0 1
3
5
  0.993938  -0.203486 0.00786123
  47.668  11.3244  286.466  14.2265 -11.4458  20.0314
0 0 1
1
  2.09993 -0.400058  0.900046
     -89.392     -7.96851      28.6389  3.65023e-15 -3.13598e-15  6.12962e-16
          -1 -6.17129e-05  0.000112424
4
    1.24998     0.10004 3.38416e-05
  41.724 -3.35589  315.192 -4.44969 -12.0406  19.8773
0 0 1
