2
4
   0.899993    0.150011 2.72273e-05
2.07919e-05 1.14816e-05     314.463
0 0 1
5
   0.899991   -0.149991 2.19901e-05
-2.25939e-05 -1.24539e-05      315.834
0 0 1
3
4
   0.899993    0.150011 2.72273e-05
-73.0533  47.1103  225.891
0 0 1
5
   0.899991   -0.149991 2.19901e-05
-94.9305   47.111  194.427
0 0 1
3
 1.4 -0.3    1
167.983 -94.221 209.979
0 0 1
4
4
   0.899993    0.150011 2.72273e-05
-63.5037  11.5308  193.173
0 0 1
5
   0.899991   -0.149991 2.19901e-05
-60.3361  11.5305  183.904
0 0 1
3
 1.4 -0.3    1
 78.8487 -14.0933  110.459
0 0 1
2
1.3 0.3 0.8
 44.9906 -8.96777  142.762
0 0 1
3
5
   0.899991   -0.149991 2.19901e-05
-182.77 147.463 228.463
0 0 1
3
 1.4 -0.3    1
 251.771 -98.3184  314.714
0 0 1
2
1.3 0.3 0.8
-69.0008 -49.1443  87.1208
0 0 1
4
5
   0.899991   -0.149991 2.19901e-05
-77.259 13.7514 191.154
0 0 1
3
 1.4 -0.3    1
 86.9165 -13.7522  108.646
0 0 1
2
1.3 0.3 0.8
 43.9093 -8.25064  142.942
0 0 1
4
   1 0.15  0.2
-53.5671  8.25165  187.556
0 0 1
3
3
 1.4 -0.3    1
-15.566  15.566 19.4575
0 0 1
2
1.3 0.3 0.8
252.116 128.727 315.145
0 0 1
4
   1 0.15  0.2
-236.555 -144.302  295.694
0 0 1
4
3
 1.4 -0.3    1
 86.7655 -34.7877  108.457
0 0 1
2
1.3 0.3 0.8
 40.243 -19.324 154.824
0 0 1
4
   1 0.15  0.2
-82.6878  27.0563  204.695
0 0 1
5
    1 -0.15   0.2
-44.3211  27.0555  162.321
0 0 1
3
3
 1.4 -0.3    1
 85.0315 -90.3393  133.705
0 0 1
4
   1 0.15  0.2
-77.939  45.171 291.416
0 0 1
5
    1 -0.15   0.2
-7.09272  45.1684  205.177
0 0 1
4
3
 1.4 -0.3    1
 76.2381 -13.1624  109.582
0 0 1
4
   1 0.15  0.2
-69.2173  13.1627   197.12
0 0 1
5
    1 -0.15   0.2
-55.1737  13.1622  180.227
0 0 1
2
1.4 0.3   1
 48.1527 -13.1624  143.369
0 0 1
3
3
 1.4 -0.3    1
 39.965 2.07819 182.322
0 0 1
4
   1 0.15  0.2
-170.932 -4.15822  284.268
0 0 1
2
1.4 0.3   1
130.967 2.08021 163.709
0 0 1
4
3
 1.4 -0.3    1
  82.945 -17.4191  103.681
0 0 1
4
   1 0.15  0.2
-104.902  22.3966  216.653
0 0 1
2
1.4 0.3   1
 69.3759 -17.4194   136.98
0 0 1
5
  1.1 -0.15   0.4
-47.4187  12.4422  172.982
0 0 1
3
3
 1.4 -0.3    1
 251.011 -216.989  313.764
0 0 1
4
   1 0.15  0.2
-138.34 140.554 175.692
0 0 1
5
  1.1 -0.15   0.4
-112.673   76.435  140.841
0 0 1
4
3
 1.4 -0.3    1
 90.0373 -16.3189  112.547
0 0 1
4
   1 0.15  0.2
-147.495  27.1997  234.043
0 0 1
5
  1.1 -0.15   0.4
-29.7777  16.3201  158.866
0 0 1
2
1.5 0.3 1.2
  87.235 -27.2007  124.842
0 0 1
3
4
   1 0.15  0.2
-206.413 -73.1371  258.016
0 0 1
5
  1.1 -0.15   0.4
-44.9677  -36.564  58.0568
0 0 1
2
1.5 0.3 1.2
 251.38   109.7 314.225
0 0 1
4
4
   1 0.15  0.2
-141.613   22.748  227.657
0 0 1
5
  1.1 -0.15   0.4
-41.0937  14.4763  164.989
0 0 1
2
1.5 0.3 1.2
 87.8783 -18.6118  119.116
0 0 1
3
 1.5 -0.3  1.2
 94.8285 -18.6123  118.536
0 0 1
3
4
   1 0.15  0.2
-114.863  98.3544  200.826
0 0 1
5
  1.1 -0.15   0.4
-114.358  49.1748  142.947
0 0 1
3
 1.5 -0.3  1.2
  229.22 -147.529  286.524
0 0 1
4
4
   1 0.15  0.2
-138.241  22.3524  227.016
0 0 1
5
  1.1 -0.15   0.4
-34.4483  14.9016  163.943
0 0 1
3
 1.5 -0.3  1.2
 92.6851 -14.9017  115.856
0 0 1
2
1.6 0.3 1.4
 80.0039 -22.3522  123.482
0 0 1
3
4
   1 0.15  0.2
-202.661  -6.6837  284.603
0 0 1
5
  1.1 -0.15   0.4
 54.4005 -3.81997  160.369
0 0 1
2
1.6 0.3 1.4
 148.26 10.5039 185.326
0 0 1
4
4
   1 0.15  0.2
-83.9009 -5.65446  197.566
0 0 1
5
  1.1 -0.15   0.4
-71.3112 -3.91458  193.881
0 0 1
2
1.6 0.3 1.4
89.6721 4.78468  112.09
0 0 1
3
 1.6 -0.3  1.4
65.5398 4.78433  126.76
0 0 1
3
4
   1 0.15  0.2
-61.7173  36.8448  260.697
0 0 1
5
  1.1 -0.15   0.4
-32.4064  21.0548  222.355
0 0 1
3
 1.6 -0.3  1.4
 94.1235 -57.8998  147.246
0 0 1
4
4
   1 0.15  0.2
-62.1344 -14.7036   184.65
0 0 1
5
  1.1 -0.15   0.4
-61.4967 -10.5026  190.632
0 0 1
3
 1.6 -0.3  1.4
35.7473 10.5018 145.161
0 0 1
2
1.7 0.3 1.6
87.8836 14.7042 109.855
0 0 1
3
5
  1.1 -0.15   0.4
-230.362  88.2162  287.953
0 0 1
3
 1.6 -0.3  1.4
 250.224 -64.5634   312.78
0 0 1
2
1.7 0.3 1.6
-19.8623 -23.6518  29.5648
0 0 1
4
5
  1.1 -0.15   0.4
-122.045 -20.5994  212.444
0 0 1
3
 1.6 -0.3  1.4
64.7832 16.8515 124.648
0 0 1
2
1.7 0.3 1.6
  103.8 24.3475  129.75
0 0 1
4
 1.1 0.15  0.4
-46.5382 -20.5994  163.456
0 0 1
3
5
  1.1 -0.15   0.4
-52.9883 -31.6479  224.728
0 0 1
2
1.7 0.3 1.6
147.176 63.2968  183.97
0 0 1
4
 1.1 0.15  0.4
-94.1882 -31.6494  221.599
0 0 1
4
5
  1.1 -0.15   0.4
-82.9748 -3.27737  199.882
0 0 1
2
1.7 0.3 1.6
85.5971 3.27727 113.136
0 0 1
4
 1.1 0.15  0.4
-77.729 -3.2774  195.62
0 0 1
3
 1.7 -0.3  1.6
75.1066 3.27741  121.66
0 0 1
3
5
  1.1 -0.15   0.4
-140.183   6.6255  279.362
0 0 1
4
 1.1 0.15  0.4
29.0616 6.62648  199.71
0 0 1
3
 1.7 -0.3  1.6
 111.121 -13.2522  151.226
0 0 1
4
5
  1.1 -0.15   0.4
-42.9348  15.6834   174.63
0 0 1
4
 1.1 0.15  0.4
-82.7233  15.6835  201.762
0 0 1
3
 1.7 -0.3  1.6
 87.2643 -13.2689   109.08
0 0 1
2
1.8 0.3 1.8
 38.3938 -18.0973  144.825
0 0 1
3
5
  1.1 -0.15   0.4
-196.516  93.7545  245.645
0 0 1
3
 1.7 -0.3  1.6
250.648  -36.68 313.309
0 0 1
2
1.8 0.3 1.8
-54.1314 -57.0741  71.3427
0 0 1
4
5
  1.1 -0.15   0.4
-72.1192  3.80116  192.819
0 0 1
3
 1.7 -0.3  1.6
 77.8175 -2.71534  117.037
0 0 1
2
1.8 0.3 1.8
 62.4276 -3.80085   127.99
0 0 1
4
 1.2 0.15  0.6
-68.1262  2.71506  192.452
0 0 1
3
3
 1.7 -0.3  1.6
-2.94394  22.2034   82.479
0 0 1
2
1.8 0.3 1.8
220.599 38.8605 275.749
0 0 1
4
 1.2 0.15  0.6
-217.656 -61.0641  272.069
0 0 1
4
3
 1.7 -0.3  1.6
 93.8283 -9.77393  117.285
0 0 1
2
1.8 0.3 1.8
 77.1687 -14.1194  121.127
0 0 1
4
 1.2 0.15  0.6
-113.365  11.9466  213.134
0 0 1
5
  1.2 -0.15   0.6
-57.6324  11.9469  178.751
0 0 1
3
2
1.8 0.3 1.8
178.842 30.0993 223.552
0 0 1
4
 1.2 0.15  0.6
-208.066 -15.0496  260.082
0 0 1
5
  1.2 -0.15   0.6
 29.2241 -15.0494  146.663
0 0 1
4
2
1.8 0.3 1.8
94.1472 14.5481 117.684
0 0 1
4
 1.2 0.15  0.6
-52.8081  -14.548  175.522
0 0 1
5
  1.2 -0.15   0.6
-101.784  -14.548  207.284
0 0 1
3
 1.8 -0.3  1.8
60.4451  14.548 129.807
0 0 1
3
4
 1.2 0.15  0.6
-22.9839   19.378  233.702
0 0 1
5
  1.2 -0.15   0.6
-86.0724  19.3786  250.714
0 0 1
3
 1.8 -0.3  1.8
 109.056 -38.7564  145.882
0 0 1
4
4
 1.2 0.15  0.6
-71.9971  7.13582   195.22
0 0 1
5
  1.2 -0.15   0.6
-51.8599  7.13638  181.857
0 0 1
3
 1.8 -0.3  1.8
 72.5407 -6.03857   118.01
0 0 1
2
1.9 0.3   2
 51.3161 -8.23345  135.209
0 0 1
3
4
 1.2 0.15  0.6
-183.907 -51.2972  229.884
0 0 1
3
 1.8 -0.3  1.8
-10.5792  19.7384  157.306
0 0 1
2
1.9 0.3   2
194.486 31.5586 243.107
0 0 1
4
4
 1.2 0.15  0.6
-77.3936 -3.17067  195.591
0 0 1
3
 1.8 -0.3  1.8
 55.252  2.2648 131.308
0 0 1
2
1.9 0.3   2
77.4603 3.17072 117.486
0 0 1
5
  1.3 -0.15   0.8
-55.318 -2.2647 185.912
0 0 1
3
3
 1.8 -0.3  1.8
 245.824 -51.7631   307.28
0 0 1
2
1.9 0.3   2
-22.9732 -35.5623  44.4528
0 0 1
5
  1.3 -0.15   0.8
-222.851  87.3256  278.564
0 0 1
4
3
 1.8 -0.3  1.8
69.7441 11.9512 122.459
0 0 1
2
1.9 0.3   2
99.5644 17.2607 124.456
0 0 1
5
  1.3 -0.15   0.8
-109.292 -14.6053  207.994
0 0 1
4
 1.3 0.15  0.8
-60.0168 -14.6066  175.388
0 0 1
3
2
1.9 0.3   2
109.291 64.4433 139.342
0 0 1
5
  1.3 -0.15   0.8
-74.2318 -32.2212  267.354
0 0 1
4
 1.3 0.15  0.8
-35.0597 -32.2218  223.602
0 0 1
4
2
1.9 0.3   2
 57.4346 -14.8984  131.895
0 0 1
5
  1.3 -0.15   0.8
-51.709  14.898 175.293
0 0 1
4
 1.3 0.15  0.8
-99.0744  14.8995  206.424
0 0 1
3
 1.9 -0.3    2
 93.3487 -14.8988  116.686
0 0 1
