4
0
         0.7     0.399996 -3.05229e-06
 18.7076 -1.17828  178.275
3.57303e-11 -4.1685e-11           1
1
   0.699998   -0.600002 4.06956e-06
-10.4784   17.217  224.351
0 0 1
4
   -0.499995 -3.55499e-06  7.12383e-06
 19.1529 -6.93409  145.345
-0 -0  1
5
   -0.500002    -0.200001 -2.10248e-06
-27.3821 -9.10464  138.729
-2.44027e-17  2.08426e-11            1
3
0
         0.7     0.399996 -3.05229e-06
0 0 0
3.57303e-11 -4.1685e-11           1
4
   -0.499995 -3.55499e-06  7.12383e-06
0 0 0
-0 -0  1
5
   -0.500002    -0.200001 -2.10248e-06
0 0 0
-2.44027e-17  2.08426e-11            1
4
0
         0.7     0.399996 -3.05229e-06
0 0 0
3.57303e-11 -4.1685e-11           1
4
   -0.499995 -3.55499e-06  7.12383e-06
0 0 0
-0 -0  1
5
   -0.500002    -0.200001 -2.10248e-06
0 0 0
-2.44027e-17  2.08426e-11            1
1
       1     -0.4 0.700007
0 0 0
-1 -0 -0
3
0
         0.7     0.399996 -3.05229e-06
0 0 0
3.57303e-11 -4.1685e-11           1
5
   -0.500002    -0.200001 -2.10248e-06
0 0 0
-2.44027e-17  2.08426e-11            1
1
       1     -0.4 0.700007
0 0 0
-1 -0 -0
4
0
         0.7     0.399996 -3.05229e-06
0 0 0
3.57303e-11 -4.1685e-11           1
5
   -0.500002    -0.200001 -2.10248e-06
0 0 0
-2.44027e-17  2.08426e-11            1
1
       1     -0.4 0.700007
0 0 0
-1 -0 -0
4
       -0.1           0 7.12383e-06
0 0 0
-3.62229e-05            0            1
3
5
   -0.500002    -0.200001 -2.10248e-06
0 0 0
-2.44027e-17  2.08426e-11            1
1
       1     -0.4 0.700007
0 0 0
-1 -0 -0
4
       -0.1           0 7.12383e-06
0 0 0
-3.62229e-05            0            1
4
5
   -0.500002    -0.200001 -2.10248e-06
0 0 0
-2.44027e-17  2.08426e-11            1
1
       1     -0.4 0.700007
0 0 0
-1 -0 -0
4
       -0.1           0 7.12383e-06
0 0 0
-3.62229e-05            0            1
0
       1      0.2 0.700007
0 0 0
-1  0  0
3
5
   -0.500002    -0.200001 -2.10248e-06
0 0 0
-2.44027e-17  2.08426e-11            1
1
       1     -0.4 0.700007
0 0 0
-1 -0 -0
0
       1      0.2 0.700007
0 0 0
-1  0  0
4
5
   -0.500002    -0.200001 -2.10248e-06
0 0 0
-2.44027e-17  2.08426e-11            1
1
       1     -0.4 0.700007
0 0 0
-1 -0 -0
0
       1      0.2 0.700007
0 0 0
-1  0  0
4
0 0 0
0 0 0
0 0 1
3
1
       1     -0.4 0.700007
0 0 0
-1 -0 -0
0
       1      0.2 0.700007
0 0 0
-1  0  0
4
0 0 0
0 0 0
0 0 1
4
1
       1     -0.4 0.700007
0 0 0
-1 -0 -0
0
       1      0.2 0.700007
0 0 0
-1  0  0
4
0 0 0
0 0 0
0 0 1
5
       -0.2        -0.2 7.12383e-06
0 0 0
        -0 1.7053e-11          1
3
1
       1     -0.4 0.700007
0 0 0
-1 -0 -0
0
       1      0.2 0.700007
0 0 0
-1  0  0
4
0 0 0
0 0 0
0 0 1
4
1
       1     -0.4 0.700007
0 0 0
-1 -0 -0
0
       1      0.2 0.700007
0 0 0
-1  0  0
4
0 0 0
0 0 0
0 0 1
5
          0        -0.2 7.12383e-06
0 0 0
          0 -1.7053e-11           1
3
0
       1      0.2 0.700007
0 0 0
-1  0  0
4
0 0 0
0 0 0
0 0 1
5
          0        -0.2 7.12383e-06
0 0 0
          0 -1.7053e-11           1
4
0
       1      0.2 0.700007
0 0 0
-1  0  0
4
0 0 0
0 0 0
0 0 1
5
          0        -0.2 7.12383e-06
0 0 0
          0 -1.7053e-11           1
1
      1    -0.4 1.40001
0 0 0
-1  0  0
3
4
0 0 0
0 0 0
0 0 1
5
          0        -0.2 7.12383e-06
0 0 0
          0 -1.7053e-11           1
1
      1    -0.4 1.40001
0 0 0
-1  0  0
4
4
0 0 0
0 0 0
0 0 1
5
          0        -0.2 7.12383e-06
0 0 0
          0 -1.7053e-11           1
1
      1    -0.4 1.40001
0 0 0
-1  0  0
0
      1     0.2 1.40001
0 0 0
-1 -0 -0
