    0.892671   -0.0191674      0.95783   -0.0105976   -0.0353956    0.0267116    0.0788019    -0.458175   -0.0334518     0.741072     -0.24991   -0.0829859   -0.0311674    -0.446869   -0.0289934     0.740588     -0.25764    0.0292569   0.00010873  -0.00163887     0.956914   0.00772743   0.00150577     -1.91999 -0.000490356    -0.524224  -0.00193652     0.960553  -0.00986163  6.40194e-05     -1.91815  0.000557603    -0.523711  0.000680927
   0.973013  -0.0412372    0.960129  -0.0237098    0.118033  0.00867427    0.131423   -0.471652  0.00725108    0.638322   -0.284807   -0.105267   0.0158659   -0.459312 -0.00725272     0.62141   -0.280235  0.00452986   -0.192027   0.0149024     0.77824 0.000981529    0.240658    -2.06385    0.253612   -0.406223    0.119037    0.415203           0   -0.489927    -1.84612   -0.336646   -0.197315  -0.0817962
    1.00752  -0.0159925    0.965666 -0.00338439    0.119979 -0.00949017   0.0823233   -0.365793   0.0197389    0.538283   -0.291311   -0.072359  -0.0310296   -0.373933   0.0058092     0.54543   -0.291674   0.0368088  -0.0329528  -0.0394906    0.600436           0    0.574358     -2.1504    0.313977  -0.0425849  -0.0158048    0.481173 1.52656e-16   -0.447535    -2.05029   -0.281998  -0.0668734   0.0289631
    1.00765  -0.0160097    0.965652 -0.00338851    0.120103 -0.00948519   0.0823483   -0.365777    0.019742    0.538287   -0.291442  -0.0723812  -0.0310051   -0.373923  0.00581172    0.545448   -0.291813    0.036788  -0.0329604  -0.0394971    0.601051           0    0.574262    -2.15078    0.314056  -0.0428452   -0.015554    0.481717           0   -0.447372    -2.05072   -0.282025  -0.0670605   0.0287959
  0.995802 -0.0189597   0.971499 -0.0124059  0.0171368  0.0289726  0.0853525  -0.266178 -0.0283589   0.540126  -0.293544  -0.080376 -0.0244105  -0.244034 -0.0302302   0.521512  -0.293953  0.0295021  -0.224822 0.00532827   0.413216  0.0770351   0.488301   -2.19167  0.0443798    0.28112 -0.0158228   0.271479  -0.402767  -0.678114   -1.99117  -0.257033    0.40726  -0.487303
   0.977831  -0.0169974    0.974857  -0.0122345   0.0689068   0.0130177   0.0858294   -0.298316 -0.00732803    0.449539   -0.220949  -0.0759499  -0.0247204   -0.279954  -0.0150943    0.426088   -0.214672   0.0328195   -0.227571   0.0216393    0.362164   0.0943473    0.487771    -2.19305   0.0309932     0.28014  -0.0147958    0.259094   -0.418243   -0.714013    -2.00508    -0.26783     0.39872   -0.488844
   1.01919  0.0205573   0.978492  0.0120535 -0.0922205  0.0257019  0.0189572 -0.0062443 -0.0275188   0.380084   -0.28207  -0.031303 -0.0898142 0.00893055  -0.017343   0.370803  -0.285519   0.078355 -0.0129939 -0.0421338  0.0675846   0.322437   0.580899    -2.1128   0.125321   0.740721   0.206468    0.18382  -0.528822  -0.537827   -2.03975  -0.147665   0.646952  -0.425673
   0.866881  -0.0286698    0.963883   0.0801017   0.0626248  0.00557442  0.00247901   -0.353987 -0.00567933    0.303198  -0.0118025  -0.0844994   -0.113027   -0.579468   -0.014519    0.694989   -0.177113   0.0253027   -0.145673   0.0151519   -0.365116    0.629801    0.496556    -1.65522    0.237195    0.638927   0.0870533   -0.219071   -0.617913    -0.49936     -1.6936   -0.106102    0.559659   -0.389609
  0.894028  0.0183536    1.01774  -0.445469  0.0262561   0.107637    0.49839  -0.339039  -0.084828   0.294997 -0.0314942 -0.0795748   0.261731  -0.999275  -0.165049    1.23604  -0.296679  0.0459986    0.40331 -0.0604364  -0.267155   0.418435    0.50291   -1.75583  0.0980949   0.552234   0.102258 -0.0297289  -0.585576  -0.564942   -1.70981  -0.161531   0.404297  -0.369759
  0.894026  0.0183557    1.01775   -0.44548  0.0262611   0.107616   0.498378  -0.339022 -0.0848004   0.295004 -0.0314794  -0.079639    0.26169  -0.999277  -0.165099    1.23606  -0.296677  0.0459272   0.403335 -0.0604059  -0.267158   0.418422   0.502936   -1.75584  0.0980369   0.552281   0.102255 -0.0297793  -0.585518  -0.564962   -1.70978  -0.161466   0.404331  -0.369754
 0.556625 -0.131845  0.833111  0.488868  0.558721 -0.264748   0.51691  -1.48038  0.820904  0.201848  0.698132 -0.131335 -0.508452  -1.91986 -0.245847   0.60489  0.698132 -0.161866 -0.496598 -0.191054  -2.59941  0.857652  0.592532 -0.283557  -0.29737   0.58279 -0.914255  0.613258  -2.63503  -1.05807 -0.632754 -0.590695  0.328507  -1.37482
  0.580157   0.160644   0.903329  -0.104478    0.48522    0.11711  -0.523599   -1.37501  -0.558505   0.217885   0.698132  0.0748943  -0.752912   -1.31481  -0.684437   0.265289   0.632083   0.198819   0.237043   0.154343   -1.89358   0.348936   0.990244  -0.351979  -0.271675  0.0767954  -0.538652 0.00127165   -2.29533 -0.0193105  -0.612287   0.104708  -0.148862   -2.04442
   0.6818 -0.209185  0.948418  0.152368  0.641767 -0.179858  0.930808  -1.28416  0.892919  0.330221  0.427676 -0.223448  0.523599  -1.24187  0.558505         0  0.645547 -0.139604 -0.344095 -0.454081  -1.47068    2.3672 -0.209913  -1.55676   1.12168  0.799935 0.0363313  0.598254  -2.97273 -0.967072 -0.201844  -1.88045  0.219034 -0.547162
    0.6644  -0.211068   0.966971  0.0656113   0.494504  -0.134942   0.786201   -1.18956   0.644666   0.351746   0.446329  -0.261799   0.523599   -1.17336   0.474158   0.152061   0.579638  -0.157012  -0.523599  -0.142225 -0.0587778    2.28518   0.488029    -1.2255   0.797321   0.498845    0.57558   -1.88062  -0.941721  0.0568025  -0.397767  -0.688126   0.316336  0.0598176
  0.673493  0.0778921   0.974061  -0.299278   0.538555   0.250203  0.0373265   -1.26341   -0.25303          0   0.688389 -0.0263071  -0.325643    -1.3126  -0.535305    0.30847   0.463513  0.0734849   0.376159  0.0476663   -2.00805   0.832399  -0.125657  -0.750604   0.265572   0.623235  0.0233119   0.217399   -2.58002   -0.79158  -0.345421    -1.8247   0.436867   0.210599
   0.72738 -0.0526632    1.02016  0.0744251   0.334912  -0.109294   0.396877   -1.31081   0.420883   0.834635   0.161908 -0.0623957   0.182835   -1.34806   0.309025   0.801648   0.211369  0.0512805 0.00739957  0.0620265   -1.65191    1.06637   0.177289  -0.403531    0.85484   0.413364  -0.759454   -1.99909  -0.715665   0.815012 -0.0720173  -0.711931   0.173866  0.0263578
  0.916885  0.0702623    1.16276   0.168555  -0.117651    0.57766  -0.255614  -0.128946  -0.558505   0.307919  0.0555843 -0.0185135  -0.421612  -0.130868  -0.519377   0.739113  -0.289205   0.134223   0.409165  -0.354277  -0.778079    0.67412 -0.0847899  -0.448149  0.0854919  -0.351381    1.00714   -1.85044  -0.621508 -0.0786856  -0.377567   0.574036   0.658462   0.113798
  0.779518  -0.102781    1.02991   -0.38309   0.519083   0.295458   0.653672   -1.37092   0.142261   0.439987   0.342884   -0.21857    0.34106   -1.12305 -0.0845907    0.16202    0.37295  -0.102077  0.0275472   0.241096   -2.09487   0.181195   0.430904  -0.611996  -0.139812   0.585489   -0.51798  -0.243225   -2.35717   -1.55811  -0.229063  -0.860563   0.742003   0.316624
 0.771642 -0.110478   1.07414 -0.302805  0.422294  0.092668  0.679136  -1.10558  0.252981  0.384387  0.316376 -0.192979 -0.297727  -1.76329 -0.822491    1.0742  0.218907 -0.261799 0.0190105  0.311988  -1.96844   0.46774 0.0758072 -0.300221   0.34324  0.320975 -0.574898  -2.51124  -1.18135   0.12029 -0.365248 -0.131804  0.647738   0.37082
 0.776176 -0.155357   1.05125 -0.328371  0.465584  0.164514  0.736419  -1.08734  0.238788   0.21748  0.401342 -0.261799  0.201834  -1.90825 -0.339975   1.22245  0.187652 -0.261799 0.0270081  0.286488  0.676091   3.03408 -0.351959 -0.252177   1.08904 -0.274215   2.09552 -0.376975  -2.39654 -0.110172 -0.621076  -1.64659  0.479766 -0.310468
  0.785874 -0.0827884    1.24368    0.13223   0.172504  -0.414974   0.597365  -0.973905   0.768479   0.803146   0.110101 -0.0601884    0.22524  -0.806078   0.558505  0.0955185   0.543165  0.0549463  -0.523599   0.624653   -1.46849   0.515224  -0.161441  -0.631403  0.0917021   0.205146 -0.0747404  -0.367819   -1.52576  -0.583565  -0.757177   -1.29287   0.237896   0.094284
   0.851869  0.00140542     1.28628    0.353078   0.0922601   -0.499337   0.0467905   -0.778576    0.621332    0.444105    0.155462   0.0279527   -0.177634   -0.788216    0.549333   0.0249686    0.494513    0.190649   -0.274345    0.468953   -0.544264    0.635228    0.372268     -1.0215     1.18719 -0.00285878    -0.75952    -1.44766   -0.926067    0.219026   -0.484549   -0.517811    0.246905    0.136442
  0.881486   0.109036     1.3461  -0.433169    0.29229 -0.0298473   0.485733  -0.786024   0.186406   0.201039   0.330256  0.0670657   0.434573   -1.28364   0.280957   0.724319   0.286652   0.261799   0.520392   0.247734  -0.642361   0.353136   0.283353  -0.979689   0.991239  -0.170263  -0.776595  -0.929727   -1.44274   0.399739  -0.867747  -0.778399   0.150099  -0.314435
  0.722131 -0.0425969    1.16521  -0.383084   0.562756  0.0922403    1.12127   -1.38293   0.777241    0.28403   0.596407 -0.0339955  -0.204762   -1.87456   -0.67358   0.572049   0.698132  -0.141859   0.272356   0.480108   -1.84548   0.799012   -1.01856  -0.563681  -0.229314  0.0741988    1.37658 -0.0852919    -2.3473  -0.665359  -0.488943   -1.38471   0.459231 -0.0351543
   0.78929   0.147633    1.20792   -0.35524   0.640715 0.00416184   0.691613   -1.43959   0.591566   0.351249   0.473461   0.225683  -0.463888   -1.70651  -0.572257   0.405461   0.642539   0.225499   0.523599   0.572282     -2.056   0.883367   -1.14105  -0.631931    0.38805   0.312436    1.07234 -0.0836517   -2.40641  -0.709507  -0.593771   -1.44998   0.556383   0.204263
 0.770482 -0.119568   1.18258 -0.701483  0.509164  0.309689   1.41349  -1.27089   0.65712  0.165619  0.601978 -0.210721  0.201232  -1.91986 -0.650948  0.820347  0.477736 -0.261799  0.481291 -0.208017  -2.77918   1.04008 -0.975147  -0.33848  0.706532  0.655074 -0.502031  0.659704  -2.79628 -0.955011 -0.250213  -1.78907   0.19188 -0.380057
   0.77934  -0.172909    1.30641    0.11875   0.461801  -0.132147   0.696587   -1.25949    0.62181   0.221987   0.646403   -0.22636   0.523599   -1.34149   0.558505   0.212664   0.698132 -0.0931443  -0.349898  -0.157989   -2.19174    1.11097  -0.368286   -0.39067   0.689411   0.506329  -0.785229   -1.78828  -0.549347  -0.369884  -0.223048  -0.320901 0.00129241   0.355101
  0.754718   0.137469    1.22473  -0.339731   0.611579   0.178167   0.388739   -1.91986    0.29382   0.580885   0.698132   0.203846  -0.865367   -1.51522   -1.04788   0.212778   0.698132   0.117284    0.46191   0.366677   -2.17167   0.571978  -0.101119  -0.132474    0.31657   0.139728 -0.0218526   -2.74474  -0.883184   0.276935  -0.238257 -0.0958016   0.623539   0.690122
  0.862215  -0.147104    1.39617 -0.0133751   0.381143 -0.0546803   0.565594    -1.1917   0.378148   0.422144    0.43337  -0.213129   0.288107   -1.03965    0.19923  0.0736875   0.602606  -0.110693  -0.349326   0.154284   -1.60723   0.729272  -0.120377  -0.633375   0.500815   0.359024  -0.520894   -1.67493   -1.12284  -0.289846  -0.423465  -0.616999   0.356186   0.405565
  0.974443  0.0271708    1.34756     1.1477   0.176327  -0.944676    0.20017   -1.42841    1.45493    0.62081 -0.0152413   0.123474   -1.57026   -1.69359  -0.237863   0.166657   0.568106   0.261799  -0.523599    1.32161   -1.23951   0.137976    1.17404  -0.637669    1.53184   0.739848   -1.49013   0.229237   -3.07454  -0.712862  -0.689667    -0.8835    1.15525  -0.158801
  0.889595  -0.161003    1.41214   0.303291    0.38623  -0.351244   0.331958  -0.934833   0.532524    0.12075   0.461534  -0.189245   0.258229   -1.09895   0.558505   0.149704   0.553061 -0.0413477  -0.523599 -0.0532546   0.243675    2.53885   0.670941    -0.1797   -1.02132  -0.497913    2.51907   -1.82446  -0.743882   0.283219  -0.585916  -0.250557     0.3542  -0.405259
   0.981118  -0.0402995     1.51437   0.0275055    0.160077  -0.0557779    0.121106   -0.676472   0.0852954    0.234799    0.287537   -0.095849 -3.6955e-05   -0.768011   0.0671213    0.350677    0.256132   0.0198491  -0.0472954     0.03659    -1.27793    0.924729   0.0808465   -0.340296    -1.73269   -0.184733     2.00047    -1.23682   -0.762072   -0.151949   -0.470942   -0.545313    0.135698    0.326266
  0.999033   0.024974    1.55942  -0.357369   0.137407  0.0419467       0.42  -0.638068  0.0203092   0.212679   0.282833 -0.0546172   0.251915     -1.332 -0.0165392    1.08292    0.10553  0.0867399   0.412112  0.0289058   -1.06228   0.780481   0.150293  -0.481319   -1.54702 -0.0711331    1.90671   -1.00311  -0.879212  -0.110384  -0.647209  -0.684348   0.165008   0.322779
  0.936175  -0.112837    1.48395  -0.446106   0.250347    0.15801   0.714705  -0.914734  0.0580398   0.182916   0.439589  -0.247766   0.475747   -1.61924 -0.0906703    1.08777   0.236135  -0.140805   0.285452  -0.130779   -1.80731    1.05004   -0.18924  -0.160836   -1.96055    -0.2969    2.03324   -1.55431  -0.683606  -0.133696  -0.258109  -0.524229  0.0500817   0.336099
  0.911041   -0.14661    1.54918 -0.0557405   0.375106  0.0305905   0.492985   -1.15875   0.214582   0.138595   0.661675  -0.261799   0.350536   -1.38225   0.187469   0.512719   0.498006  -0.123027  -0.127356  -0.128613   -1.74817    1.11403  -0.150753  -0.292041   -1.89809  -0.331269      1.973    -1.5102   -0.57525  -0.359064  -0.352258  -0.443187  -0.010358   0.440043
  0.889849   0.124267    1.49486  -0.536271   0.385978   0.259038   0.827829   -1.80052   0.498789   0.794181   0.530214   0.170171  0.0261291   -1.19075  -0.319566  0.0776716    0.68346   0.187689   0.523599  0.0853327   -2.01737    0.56851  -0.856796  0.0712565   0.990662 -0.0313587  -0.131215    -1.7953   -1.06731  -0.488973  -0.550054  -0.563464   0.577327   0.974621
  0.972669  -0.211872    1.61821 -0.0304565   0.162958  -0.437015   0.939188   -0.85665   0.752409   0.934978  0.0506379  -0.261799   0.523599  -0.583503   0.558505          0   0.581848  -0.143917  -0.523599   0.482594   -1.85964    1.06863   -1.02194   -0.80435   0.615603   0.415072  0.0349107   -1.71768    -1.0615  -0.388568  -0.153463   -1.14865   0.219628   0.938998
   1.00281   0.220706    1.63041  -0.186031   0.290837   0.341623  -0.409913  -0.920532  -0.558505   0.223131   0.467071   0.134997  -0.562777  -0.888162  -0.596796   0.447914   0.266844   0.261799   0.523599    0.26462   -1.42058   0.242526  -0.334623  -0.369879    1.18426   -0.30365  -0.363094   -2.75903   -1.08359    0.41802   -0.29778 -0.0680195   0.729161   0.853464
     1.35548  -0.00122826      1.78233 -0.000595782     0.017421    0.0301185    0.0548577    -0.117392   -0.0293313      0.18532   -0.0869682   -0.0576443   -0.0549022    -0.155794   -0.0314119     0.273305    -0.133266    0.0505724 -0.000828284   -0.0245487   0.00309155     0.537416     0.538394     -1.98381     0.118169     0.655286      0.36424   0.00824191    -0.523752    -0.547279     -1.99699    -0.108621     0.662396    -0.364016
