    0.892671   -0.0191674      0.95783   -0.0105976   -0.0353956    0.0267116    0.0788019    -0.458175   -0.0334518     0.741072     -0.24991   -0.0829859   -0.0311674    -0.446869   -0.0289934     0.740588     -0.25764    0.0292569   0.00010873  -0.00163887     0.956914   0.00772743   0.00150577     -1.91999 -0.000490356    -0.524224  -0.00193652     0.960553  -0.00986163  6.40194e-05     -1.91815  0.000557603    -0.523711  0.000680927
   0.957739  -0.0172761      0.9589  -0.0270423    0.105752   0.0429675   0.0912095   -0.511524  -0.0358809    0.682059   -0.280028  -0.0822415  -0.0234382    -0.47485  -0.0485671    0.647833   -0.278175   0.0283026   -0.136957   0.0872748     0.77824 0.000981529    0.240658    -2.06385    0.253612   -0.406223    0.119037     0.47719 -0.00825957   -0.613787    -1.87322   -0.318197    -0.17194   -0.133206
    1.00633 -0.00526768    0.964121 -0.00274161    0.130285  0.00625175   0.0645896   -0.396365  0.00217987    0.560761   -0.294774   -0.061494  -0.0495775   -0.394225  -0.0131722    0.561214    -0.29679   0.0476751  -0.0117833  -0.0234592    0.560871           0    0.536857    -2.13555    0.305266  -0.0433062  -0.0240687    0.518732           0   -0.492047      -2.096    -0.27279  -0.0558227  0.00423321
    1.00645 -0.00526663    0.964109  -0.0027433    0.130398   0.0062528   0.0645904   -0.396356  0.00218026    0.560773   -0.294893  -0.0614933  -0.0495766   -0.394212  -0.0131704     0.56122   -0.296907   0.0476779  -0.0117931  -0.0234586    0.561407           0    0.536736    -2.13591    0.305317  -0.0435126  -0.0238612    0.519248           0   -0.491944    -2.09635   -0.272853  -0.0560262  0.00404783
   0.985707   0.0153493    0.970053 -0.00969818    0.019923   0.0393648   0.0387201    -0.31249  -0.0403398    0.590464   -0.299586  -0.0413653  -0.0702367   -0.266422  -0.0420192    0.537344   -0.288195   0.0688516    -0.19906   0.0142749    0.322901  0.00478734    0.428825    -2.12604  -0.0158276    0.258776  -0.0506174    0.339803   -0.490055   -0.724725    -1.92741   -0.321798    0.351401   -0.501493
   0.980761   0.0204819    0.973454 -0.00669369   0.0598066   0.0369038     0.02997   -0.317708  -0.0363075    0.503643   -0.246957  -0.0346372  -0.0792471   -0.270112  -0.0424814    0.446188   -0.232944   0.0746821   -0.198477   0.0246246    0.305449           0    0.411913    -2.13467  -0.0384568    0.239825  -0.0419199    0.369939   -0.484605   -0.772882    -1.96857   -0.336766    0.343486   -0.502556
   1.01075  0.0631151   0.975408  0.0248611 -0.0861978  0.0339212 -0.0450807  -0.061862 -0.0302543   0.446759  -0.297222  0.0185421  -0.153422 -0.0277145 -0.0204017   0.408881  -0.290739   0.128642 0.00793655 -0.0345257 -0.0474359   0.210795   0.528243   -2.08456  0.0388992   0.745137    0.16035   0.269289  -0.648632  -0.617988   -2.00031  -0.246487   0.605694  -0.441405
   1.01078  0.0631269   0.975456  0.0248887 -0.0862067  0.0339336 -0.0451077 -0.0618249 -0.0302154   0.446771  -0.297262   0.018575  -0.153434  -0.027673 -0.0203759   0.408889   -0.29078   0.128723 0.00795716 -0.0345509 -0.0472884   0.210622   0.528282   -2.08461  0.0388134   0.745008   0.160365   0.269334  -0.648401  -0.617983   -2.00036  -0.246326   0.605529   -0.44141
  0.856476  -0.191148   0.979666   0.256318  0.0657514   -0.15988   0.323222   -1.09386   0.354574    1.33767  -0.283025  -0.261799 -0.0441582  -0.492527   0.170895   0.451905 -0.0383749  -0.131782  -0.523599   0.164832  -0.350736    1.02777   0.555161   -1.61173   0.573801   0.704256  -0.076296  -0.400068  -0.272752  -0.489965   -1.80181   0.185177   0.586756  -0.457159
   0.559128   -0.010592    0.800828    0.220302    0.575161   0.0288496    0.275218    -1.88751      0.4736    0.680322    0.614479 -0.00982832    -0.60712    -1.24219   -0.451944    0.092721    0.620481   -0.011541    -0.19364   -0.158759    -2.24137    0.796049    0.157014   -0.341695    0.134182    0.461534    -0.49264    -2.14472   -0.841097    0.200446    -0.46841   -0.302452     0.48331    0.204164
  0.660434  -0.131605    0.87407   0.302443   0.542713 0.00839165   0.369804   -1.71212   0.464409   0.793306   0.364585  -0.196731  -0.361571   -1.14522  -0.235124   0.202676    0.41805   -0.13144  -0.523599  0.0617865   -1.94768   0.535977   0.123253  -0.480544   0.330886   0.462138  -0.603758   -2.48887   -1.12709   0.264024  -0.392685   -0.18666   0.642722    0.21963
  0.690389  0.0216857   0.897583   0.114663   0.399677   0.031451   0.748466   -1.72097   0.978331     1.0807   0.192412   0.127637  -0.329375   -1.00865  -0.190722   0.347598   0.280884  0.0665167 -0.0821961   0.374006   -1.56405   0.360205   0.210892  -0.569019   0.490831   0.226657  -0.451294   -2.63209   -1.12501    0.35715  -0.340198 -0.0567995   0.696449   0.492698
  0.683962   0.105722    0.97762 -0.0277428   0.448971  -0.109805   0.549745    -1.5264   0.714694   0.818868   0.258135   0.210444  -0.121229   -1.29943  0.0681746   0.362229   0.476827   0.235475   0.175765   0.558979   -1.36916   0.204738   0.405377  -0.716232   0.452357   0.106596  -0.503213   -2.52377   -1.15537   0.340869   -0.39601  -0.217586   0.688127    0.66089
  0.641954  -0.224003   0.941183   0.106846   0.502899  -0.169916   0.925474   -1.23449   0.814448   0.428623   0.432589  -0.261799   0.523599   -1.13887   0.501679 0.00901812   0.686199  -0.175558  -0.523599   0.118472   -2.09617   0.808555  -0.455913  -0.626723   0.545664   0.591721  -0.487504   -1.97384   -1.11027 -0.0354869  -0.694353  -0.314836   0.618886 -0.0573582
  0.703722   -0.16138    1.00297  0.0953279   0.495675  -0.164914     0.6613   -1.20565   0.612185   0.434988   0.351982  -0.185147   0.376439   -1.16458   0.415622   0.186479   0.512338  -0.085504  -0.347587  -0.119502   -2.48643   0.875705  -0.380768  -0.377921   0.254411   0.680576   -0.55173   -1.63835  -0.743563 -0.0847872  -0.967798  -0.167795   0.599259  -0.248403
  0.703721  -0.161387    1.00297  0.0953405   0.495677  -0.164925   0.661296   -1.20566    0.61215   0.435006   0.351992   -0.18517   0.376453   -1.16458   0.415623   0.186479    0.51235 -0.0855093  -0.347607  -0.119499   -2.48642   0.875694  -0.380779  -0.377938   0.254475    0.68059  -0.551857   -1.63836  -0.743572 -0.0847819  -0.967785   -0.16779   0.599281  -0.248418
    0.790716    -0.229445      1.04092     0.189633     0.488045    -0.344678     0.700306    -0.995216     0.730053     0.507911      0.14435    -0.248881     0.422108     -0.92758     0.558505    0.0678945     0.435048    -0.144976    -0.523599    -0.015673    -0.435931      2.41471     0.507642     -1.19153      1.19799     0.711021     0.214039     -2.41803    -0.686921    -0.234157    -0.402864     0.087066     0.636461 -0.000292332
   0.805272   -0.216308     1.07658  -0.0326686    0.244154   -0.452841    0.842878   -0.731812    0.703583    0.888841   -0.114432   -0.261799    0.476103   -0.485892    0.558505           0    0.400187   -0.142036   -0.289221    0.713721    -2.15254    0.699521    -1.13888 -0.00583394    -1.15736   -0.373464     1.99731   -0.121461    -2.15467   -0.423881   -0.831864    -1.07358    0.486751   -0.783935
    0.8394  0.0619594    1.09009  0.0292203   0.447706 -0.0409495 -0.0187533   -1.09444  0.0354447   0.478056   0.167772  0.0266316  -0.187769  -0.945323 -0.0507893   0.204183   0.293293   0.133531  0.0899372    0.15965   -2.03312   0.933777  -0.393134  -0.662466   0.468782   0.651442  0.0883082   -2.44021  -0.849885   0.361851  -0.345361  -0.212902   0.694776   0.327164
  0.839395  0.0619636    1.09009  0.0292146   0.447721  -0.040939 -0.0187834   -1.09446   0.035403   0.478054   0.167789  0.0266162  -0.187789  -0.945339 -0.0508165   0.204182   0.293308   0.133534  0.0899454   0.159643   -2.03312   0.933765  -0.393139  -0.662464   0.468665   0.651426  0.0884128   -2.44019  -0.849873   0.361855  -0.345367   -0.21285   0.694735    0.32717
  0.976167  -0.137914    1.13159 -0.0297075   0.336478  0.0408224   0.267905  -0.688538  0.0529814    0.32172  0.0312855  -0.218429   0.139344  -0.820649 0.00859073   0.564046 -0.0821025  -0.111216  -0.146684   0.424454   -2.01603   0.583492  -0.353944  -0.417005   0.758214   0.547366  -0.377112   -2.87562  -0.998618   0.453914  -0.322416   0.189132   0.904352   0.204479
   0.973676   -0.179473     1.12705  -0.0575274    0.350468  0.00205951    0.375586   -0.612886    0.129028    0.201624   0.0806691   -0.261799     0.25888   -0.733891   0.0931212    0.395989 -0.00371506   -0.151183   -0.248615    0.320133    -2.17229     0.59829   -0.435294   -0.446973    0.560709    0.684049   -0.320086     -2.8634    -1.06355    0.477466   -0.266949 -0.00999653    0.839328    0.157448
 0.990662  -0.15358   1.13854 -0.303306  0.367358   0.18332   0.55443 -0.724798 0.0461954   0.24144 0.0767864 -0.261799  0.469055  -1.60226 0.0286856   1.48614 -0.292573 -0.171044  0.236835  0.581118  -2.41224  0.718168     -2.55  -0.45963  -2.41837  0.320125  -1.30534 -0.342652  -2.64723 -0.524021  -0.66681  -1.10271     1.021 -0.272388
    1.03797  -0.0389619     1.18535     34.0016    -3.49147     34.7678    0.689716   -0.629085   0.0681177    0.191787    0.036363   -0.142225    0.523599    -1.34739  0.00262078     1.24387   -0.302369 -0.00255833    0.393813   0.0229569   -0.584806     2.27372  0.00959637    -1.96348       -2.55   -0.819514    -1.74314    -0.43104    -2.47252  -0.0467522    -1.07738     1.52245   -0.478052        2.55
   0.890587   -0.223526     1.27215    0.201452    0.305824   -0.387177    0.468262    -0.74449    0.564912     0.38131    0.165845   -0.261799    0.279414   -0.710999    0.495885           0    0.447011   -0.142827   -0.523599    0.509853    0.552055     2.49885    0.996731   -0.702749     1.65075    0.227343 -0.00687202    -2.12795    -1.05917  0.00381139    -0.85159  -0.0603537    0.895759  0.00182634
  0.859207  -0.177466     1.2474    0.29998   0.389425  -0.422096   0.479662   -0.95926   0.692051    0.44605   0.194996  -0.182751    0.23304  -0.930277   0.558505  0.0289465   0.504231 -0.0626178  -0.523599   0.615115   -2.14823   0.522885   0.194703  -0.367493   0.403021     0.4869  -0.723545 -0.0919651   -2.49023  -0.901241  -0.314639   -1.30153   0.642198 -0.0651653
   0.992153    0.202614     1.31561  -0.0480501    0.308742     0.21723   -0.300847   -0.682751   -0.318958    0.236907     0.18448    0.145215    -0.41061   -0.607089   -0.339611    0.265675    0.112597    0.261799      0.3179    0.233489    -1.79441    0.472156 0.000300969   -0.575045    0.143275    0.472898    0.290293   -0.312912     -2.3708    -0.48274   -0.692698    -1.40183    0.756754    0.206074
   0.992148    0.202613     1.31562  -0.0480256    0.308663    0.217268   -0.300862   -0.682655   -0.318978    0.236911    0.184472     0.14521   -0.410616    -0.60698   -0.339615    0.265675    0.112581    0.261799    0.317987    0.233603    -1.79456    0.471911 0.000680646   -0.574337    0.143479    0.472444     0.28974   -0.312916    -2.37086   -0.482629   -0.692717     -1.4017    0.756796    0.206014
   0.930569    0.107253     1.32021   -0.364246    0.467406   0.0666974    0.363332   -0.973037    0.119989    0.189871    0.319218   0.0683128  -0.0419265    -1.64317   -0.202205     1.02231     0.14781     0.18511    0.523599    0.371571    -1.96631    0.721059   -0.119649   -0.418328    0.398628    0.425347 -0.00634644      -2.521    -0.92571    0.498499   -0.347252   -0.241918    0.722914    0.432304
  0.937308 -0.0622219    1.29927   -16.2141   -3.35824   -15.2156   0.436129  -0.988773  -0.389284   0.188539   0.340322  -0.261551   -0.81531   -1.35498    -1.5708    1.21347  -0.135399  -0.249544   0.523599  -0.382921   -2.45319    1.13229  -0.938233  -0.368044    0.97486   0.605974  -0.369717   -2.55311     -0.915    1.92155      -0.58    2.06719  -0.482079       2.55
  0.882019 0.00265475    1.38551  -0.654336   0.253773   0.579864   0.357463   -1.25014  -0.558505 0.00547506   0.683631  -0.261799  -0.140065   -1.22372  -0.905366   0.539413   0.238951 -0.0767296   0.523599  -0.391685   -2.25253   0.790705  -0.535452  -0.371564   0.297644   0.503086  -0.100376   0.326725     -2.489 -0.0356467  -0.596542   -1.12495 -0.0974167   -1.51158
  0.863874  0.0783708    1.36127  -0.557901   0.461404   0.472291  0.0481022   -1.36575  -0.558505  0.0683776   0.687854  -0.116329  -0.357084   -1.31445  -0.854128   0.404558   0.373261  0.0265041   0.523599 -0.0777328   -2.31913   0.772105  -0.612108  -0.532403   0.333889   0.575089   0.168375   -2.59315   -0.85928  0.0186286  -0.322596  -0.106071   0.634746   0.560425
   1.03131 -0.0782475    1.50341 -0.0259202   0.305115  -0.073758   0.325506  -0.977008   0.213687   0.607932    0.08883  -0.127775   0.119292  -0.664619   0.113393          0   0.366698  -0.025428  -0.259107   0.466631   -1.74074   0.552965  -0.738861  -0.574757   0.383149   0.309538   0.274171   -1.67055    -1.9944   0.703395  -0.958654   -1.09648   0.564257   -0.21236
     1.03131   -0.0782813      1.50341   -0.0259389     0.305094   -0.0737569     0.325559    -0.976976     0.213682     0.607921    0.0888365    -0.127835     0.119351    -0.664593     0.113403 -6.66134e-15     0.366701   -0.0254898    -0.259032     0.466702     -1.74074     0.552955      -0.7388    -0.574554     0.382919     0.309386      0.27431     -1.67064     -1.99429     0.703359    -0.958666     -1.09652     0.564403    -0.212175
    1.08053 -0.00369149     1.51488   0.0465807    0.346367   -0.155182    0.197756   -0.979962     0.26516    0.645857 0.000512347  -0.0213928  -0.0269564   -0.675193     0.14399  2.1684e-19    0.318325   0.0773307   -0.236504    0.209904    -2.17471    0.607206   -0.589268   -0.383114    0.247078    0.603099    0.084494    -1.74121    -1.74451    0.789741    -1.11789   -0.994718    0.560267   -0.364302
    1.03238 -0.00812029     1.46768   -0.223736    0.560555    0.227229    0.170089    -1.19629   -0.119097    0.283226    0.316655   -0.109583  -0.0385847    -1.13453   -0.250898     0.31345    0.241144 0.000424617   0.0313712   -0.306545    -2.77909    0.530865   -0.354603  -0.0397296    -0.20703      0.6514   -0.134935     -2.7823   -0.843894   0.0798758       0.292   -0.465165    0.323508     0.66367
   1.06586  -0.122757    1.49735  -0.153976   0.537341   0.371343   0.856101   -1.89238   0.563344    1.04258   0.179844  -0.210887  -0.087484   -1.05838  -0.411809   0.311898   0.167402  -0.162706  -0.242701  -0.803039   -2.85926    0.61007  -0.333341  0.0996258  -0.478499   0.671406  -0.321123    -2.2376   -1.02436    1.84243   -0.61513    1.52637 -0.0963051       2.55
   1.02311 -0.0649311    1.48073  -0.038581   0.692366   0.318121   0.860409    -1.9142   0.799762   0.759522   0.337913 -0.0758705  -0.388128   -1.13285  -0.546896   0.148456   0.318597  -0.108417  -0.121373  -0.781193   -3.13779   0.308306    1.22524  -0.371953    1.28796  -0.794162       2.55   -2.74761  -0.893802    2.01084  -0.651577    1.64813  -0.301421       2.55
     1.35548  -0.00122826      1.78233 -0.000595782     0.017421    0.0301185    0.0548577    -0.117392   -0.0293313      0.18532   -0.0869682   -0.0576443   -0.0549022    -0.155794   -0.0314119     0.273305    -0.133266    0.0505724 -0.000828284   -0.0245487   0.00309155     0.537416     0.538394     -1.98381     0.118169     0.655286      0.36424   0.00824191    -0.523752    -0.547279     -1.99699    -0.108621     0.662396    -0.364016
