    0.892671   -0.0191674      0.95783   -0.0105976   -0.0353956    0.0267116    0.0788019    -0.458175   -0.0334518     0.741072     -0.24991   -0.0829859   -0.0311674    -0.446869   -0.0289934     0.740588     -0.25764    0.0292569   0.00010873  -0.00163887     0.956914   0.00772743   0.00150577     -1.91999 -0.000490356    -0.524224  -0.00193652     0.960553  -0.00986163  6.40194e-05     -1.91815  0.000557603    -0.523711  0.000680927
   0.916235  -0.0833601    0.957797  -0.0250734    0.116699   -0.021344    0.198084   -0.513263   0.0474039    0.598097   -0.195541   -0.150727   0.0824151   -0.529241   0.0334488    0.608186    -0.19373   -0.040837    -0.27993   0.0471155    0.781393  0.00109059    0.236481    -2.06135    0.249211    -0.40826    0.116972    0.209356  -0.0142632   -0.500425    -1.69363   -0.410335   -0.175574 -0.00907879
   0.920636  -0.0611777    0.967853 -0.00870516   0.0806761  -0.0292193    0.148332   -0.404791   0.0429213    0.496916   -0.167915   -0.122993   0.0369497   -0.441105   0.0342003    0.538448   -0.177085  -0.0136675  -0.0392134  -0.0217385    0.218183           0    0.568646    -1.94753    0.130919    0.113962  -0.0579255    0.126363 3.81639e-17   -0.468215    -1.78764   -0.270748   0.0249559    0.164501
  0.920793 -0.0612079   0.967858 -0.0087043  0.0807176 -0.0292036   0.148357  -0.404642  0.0429038   0.496926  -0.168105   -0.12303  0.0369794  -0.440974  0.0341926   0.538502    -0.1773  -0.013703 -0.0391647 -0.0217537    0.21882          0   0.568528   -1.94798   0.131236    0.11387 -0.0577892   0.126976          0  -0.467921   -1.78824  -0.270882  0.0249869     0.1644
   0.954884  -0.0714542    0.971413  -0.0266907 0.000677701   0.0140613    0.163999   -0.285503  -0.0144468    0.516078   -0.233529   -0.141318   0.0540997   -0.286065  -0.0146826    0.526866   -0.242222  -0.0315204    -0.23999  -0.0283023    0.253646           0    0.457589    -2.10128   -0.153741    0.319817 -0.00581631  -0.0709843   -0.275268   -0.624071    -1.82618   -0.290721    0.471969   -0.187882
   0.954877  -0.0714571    0.971415  -0.0266926 0.000668026   0.0140625    0.164003   -0.285503  -0.0144517    0.516081   -0.233523   -0.141323   0.0541034   -0.286063  -0.0146868    0.526868   -0.242215  -0.0315262   -0.240002  -0.0282998    0.253616           0    0.457601    -2.10126   -0.153757    0.319831 -0.00580508  -0.0709951   -0.275294   -0.624055    -1.82617     -0.2907    0.471969   -0.187846
  0.877672 -0.0697852    1.00064  -0.389723   0.067408  0.0552099   0.554025  -0.407263 -0.0121319   0.360053 -0.0391347  -0.170509   0.399411   -1.12258   -0.04848    1.31928  -0.280802 -0.0543983  0.0830986  0.0118641  -0.011796   0.115813   0.425818   -1.82008  -0.174112   0.243618 -0.0393237    -0.1482  -0.374656  -0.668983   -1.58269  -0.372662   0.289963  -0.153786
    0.85497  -0.0646613    0.996648   -0.418728    0.110535   0.0747102    0.581397   -0.473185 -0.00163622     0.31681   0.0231002   -0.167489    0.420533    -1.18038  -0.0456619     1.26732   -0.218782  -0.0470756    0.114746   0.0244828  -0.0985667    0.130083    0.408164    -1.79362   -0.175477    0.252801  -0.0569054   -0.160475   -0.431165   -0.699764     -1.6001   -0.373589    0.310458   -0.180388
  0.887607  0.0132242     1.0174  -0.440677   0.021997  0.0882744   0.502164  -0.336942 -0.0694508   0.307616 -0.0331052 -0.0835049   0.283273   -1.00112  -0.135751    1.23592  -0.285051  0.0437708   0.383053  -0.069245  -0.348849   0.300553   0.482451   -1.74356 -0.0513591   0.571739  0.0829299   -0.14555  -0.503787  -0.589861   -1.61937  -0.315874   0.387969 -0.0988198
  0.887607  0.0132209    1.01741  -0.440694  0.0220195  0.0882355   0.502168  -0.336938 -0.0694085   0.307625 -0.0331011 -0.0835674   0.283248   -1.00114  -0.135799    1.23593  -0.285048  0.0436944    0.38306 -0.0691969   -0.34886   0.300529   0.482491   -1.74356  -0.051413   0.571785  0.0829397  -0.145578  -0.503748  -0.589874   -1.61934  -0.315839   0.387984 -0.0988203
  0.891493  0.0505604    1.01912  -0.469535  0.0242172    0.14217   0.479495  -0.358399  -0.119094   0.287987 -0.0188196 -0.0487211   0.208996  -0.977256  -0.220048    1.19687  -0.284936  0.0799885   0.419338  0.0367515  -0.535581   0.096034   0.383355   -1.61768    -0.1452   0.497788 -0.0207714  -0.245881   -1.13231  -0.708812   -1.38581  -0.597302   0.657274  -0.174621
   0.74557  -0.150827   0.908488  -0.196482   0.197859  0.0788784   0.468987  -0.909608  0.0259132   0.632003  0.0656494  -0.261799 0.00885011   -1.60807  -0.439983    1.44342 -0.0511375  -0.261799 -0.0338553   0.268572   -1.70177   0.407455   0.889838  -0.204909   0.229912   0.216086   -1.19679   -1.34749   -1.57036   0.452643   -0.88253  -0.638825   0.569558  -0.529739
 0.762082 -0.207837   1.09611 0.0767816 0.0517069 -0.501442  0.512036  -0.49556  0.578264  0.588112 0.0351628 -0.261799  0.309186 -0.427515  0.558505 0.0528328  0.415275 -0.125819 -0.523599  0.253984 0.0712634   1.15555  0.853136  -1.75422  0.315435  0.641514  0.193209  -1.42356 -0.554203 -0.161487 -0.372161  -1.02052   0.02309  0.558316
  0.657747  -0.164944    1.00432   0.235912   0.270236   -0.38692   0.632892   -1.03535   0.780548   0.631168   0.243723  -0.165593    0.27179  -0.907766   0.558505          0   0.649999 -0.0538474  -0.429971    0.52383     1.4288    2.56596     2.0297  -0.505203   -1.25175 0.00805446    2.35257   -1.72264  -0.908314  -0.427348  -0.765423  0.0151069   0.569854    0.21586
  0.730244   0.142768    1.01366 -0.0303598   0.384725 -0.0700851  0.0237838    -1.4286   0.146217   0.863811   0.176066     0.1609  -0.247695   -1.21163  -0.042887   0.488757   0.332738   0.254353   0.263881   0.304742     1.2409    2.75981    2.02878 -0.0699557   -1.07543 -0.0845014    2.46875   -2.04974  -0.918779  -0.298738  -0.527605 -0.0351119   0.669929   0.743783
  0.730249   0.142768    1.01366 -0.0303274   0.384718 -0.0701184  0.0237133   -1.42862   0.146149   0.863864   0.176032   0.160867  -0.247697   -1.21163 -0.0428501   0.488759   0.332734   0.254358   0.263875   0.304747    1.24091     2.7598    2.02876 -0.0698817   -1.07544 -0.0846046    2.46879    -2.0497  -0.918747  -0.298735  -0.527608  -0.035112   0.669918   0.743767
   0.790875   -0.128737     1.07162 -0.00534542    0.389598  -0.0124942    0.317754   -0.925835    0.152762     0.21418    0.337864    -0.20515    0.184824    -1.10187    0.107742    0.490443    0.226883  -0.0905359   -0.136592    0.278258    0.843038     2.50004    0.960734   -0.658643    0.456992   0.0164581     1.46524    -2.23778      -0.955   -0.136768   -0.510594    0.168051    0.688578    0.225109
  0.819142 -0.0161696    1.05759   0.518582   0.429129  -0.529398  0.0273056   -1.09604   0.580188   0.374974   0.164458  0.0176056  -0.272244   -1.10472   0.382484          0   0.484292   0.159617  -0.523599   0.367361   0.618848    1.91451    1.59014   -1.83455   0.409819   0.919977    1.02459   -3.12417  -0.709998  -0.258063      0.292    0.90398   0.532149  0.0260459
    0.84864    0.163921     1.14004  -0.0921513   0.0447855    0.506281   -0.218791   -0.420238   -0.558505     0.18806    0.237164   0.0651102    -0.98209   -0.946977   -0.984249     1.48495   -0.290658     0.17729    0.523599   -0.017917    -1.17069    0.302725     0.15268   -0.710897    0.599114   0.0658332   -0.122059    -2.64452   -0.899701   -0.128903 -0.00837135    0.784312    0.590675    0.454378
    0.84423    0.162628     1.13834   -0.110875   0.0545357    0.501653    -0.20709    -0.44618   -0.558505    0.184107    0.247925   0.0613271   -0.984081   -0.963437    -1.00861     1.46924   -0.275095    0.170251    0.523599 0.000932123     -1.2085    0.302996    0.123667   -0.670563    0.567053   0.0511807   -0.087343    -2.64791   -0.921701  -0.0218327  -0.0480301    0.631541    0.604125    0.504039
  0.764797 0.00922659    1.17675   0.088117    0.53406 -0.0511651  0.0526309   -1.35434   0.103801   0.289283   0.530272 -0.0314542   -0.22336   -1.20884 -0.0896647          0    0.67472   0.074012  0.0150357   0.156681  -0.971774    1.23152   -0.18909   -1.40334  -0.048239   0.451431    1.10023   -2.32359  -0.702119  -0.285576  -0.385051   0.288567    0.54688   0.426464
    0.764721   -0.0399934       1.1759     0.144137     0.532619    -0.108634     0.199497     -1.30512     0.272685     0.236011     0.540057   -0.0699321     -0.10032     -1.22543    0.0542375 -6.93889e-17     0.683597    0.0317522   -0.0940731    0.0820829    -0.729729      1.47167   -0.0131218     -1.47123    0.0651829     0.448613      1.11001      -2.2303    -0.639173    -0.306254    -0.419573     0.266385     0.508711     0.304807
  0.815697  0.0380428     1.2204   0.136649    0.48427 -0.0959272 -0.0508684   -1.23568  0.0831215   0.331112   0.413299 0.00963449  -0.275996   -1.08271 -0.0545503 0.00569683   0.585246   0.121313   0.062325 -0.0426806  -0.532309    1.87422  0.0875441   -1.22186     0.5184   0.393879    1.12404   -2.07168  -0.501722  -0.325641  -0.426376   0.176015   0.459151   0.394487
  0.757497 -0.0248749    1.13279  -0.365885   0.668184    0.26061   0.896884   -1.57333   0.583097   0.232706   0.630242 -0.0382483  0.0975124   -1.49911  -0.201859   0.219291   0.571452 -0.0186022   0.271162 -0.0935197   -2.89349   0.830626   -1.26989   -0.22139   0.971941   0.590761   -0.26786   -2.74896  -0.585709  -0.396578 -0.0173459   0.604887   0.440946   0.155842
 0.809319  0.179373   1.24389 -0.342043  0.500229 0.0180283  0.279978  -1.19248  0.153873  0.202302   0.49655  0.186206 -0.482085  -1.60972 -0.552825  0.605124  0.498632  0.261799  0.523599  0.411211  -1.86026  0.278347   1.03788 -0.535637  -0.26597  0.231105 -0.507496 0.0397067  -2.35256 -0.196008 -0.509815  0.754256 -0.315127  -2.51824
 0.900085  -0.16373   1.26085   0.46329 0.0937664 -0.197864 -0.115647  -0.64647  0.213054  0.331099  0.187508 -0.220575 -0.711336  -1.91986 -0.534411   1.66366 0.0789693 -0.261799 -0.523599 0.0709014  -1.59238   1.14318   0.42844 -0.124124  -2.09376 -0.425556   1.77659  -1.31865 -0.742571  0.390275 -0.765955  0.171731  0.456266 -0.879731
 0.956979 0.0828089   1.32454 -0.308212  0.322033 0.0481839  0.333607  -1.08901 0.0841157   0.73879 0.0283443 0.0349863 -0.144664  -1.59974 -0.315257   1.26913 0.0037784  0.128387  0.172238  0.331983  -1.21081  0.392932 -0.119232  -1.25758 -0.232973  0.647037  0.394939  -3.10296  -1.35822 0.0064422  0.279845  0.208874    0.4007  0.855287
  0.947022    0.12242     1.3473  -0.339789   0.286005  0.0756188   0.264021  -0.868031 0.00434799   0.397558   0.174833  0.0677373  -0.122489   -1.45326  -0.272479    1.11835  0.0452246   0.185304   0.523599   0.305938  -0.955689   0.530676  0.0326052    -1.1726   -0.18587   0.376008   0.715127   -2.24707    -1.0332  0.0183741  -0.278313 -0.0827024   0.598228   0.621606
   1.02412  -0.117143    1.26912    11.4637   0.619926   -11.9061    1.65396   -1.14271   0.742901   0.120774   0.288856  -0.201245  -0.216487   -1.91986   -1.23713   0.904842 -0.0393165  -0.261799   0.523599   0.531284 -0.0842194     3.2639   -1.75015   0.231595   -1.55873   0.752792  0.0675541   -3.35474          0  -0.405603   -1.19697   -1.98494   -1.37801   -2.24351
   1.00116  -0.167191    1.30712   -6.25703   0.289373   -6.21776   0.227966  -0.683579 0.00371977   0.211168   0.175852  -0.261799   0.260744   -1.75684   0.116078    1.61859  -0.158727  -0.179262  -0.303532  -0.380279   -2.64899   0.635476    1.54491  -0.515253    1.56676  -0.604845    2.17332   -2.03354  -0.825572    1.69324  -0.373745    1.73329  -0.198714       2.55
  0.987948  0.0375424    1.49854   0.133558   0.181115  -0.292825   0.155421  -0.918924   0.426766   0.664508  0.0661886  0.0547247 -0.0488222    -0.8464   0.342848   0.315736    0.29923   0.173485  0.0942275   0.252806  -0.961753    1.10617  -0.350997  -0.595229   -0.40236  0.0120204    1.56859   -1.56448  -0.675998  -0.362252  -0.242152  -0.237772   0.179098   0.660194
   1.03841   0.073278    1.52528  0.0461456    0.04949  -0.345178   0.175075  -0.733054   0.458326   0.785929 -0.0960105  0.0896803 -0.0257818  -0.625629   0.399794   0.333943   0.193467   0.208347  0.0453451   0.346986  -0.974709   0.913051  -0.497038  -0.672232  -0.438016   0.221054    1.49577   -1.45984   -0.88896   -2.37162 -0.0129101   0.545993    0.20811    1.70453
    1.11753 -0.00530735     1.56458  -0.0212701  -0.0201447   -0.277015    0.190147   -0.432801    0.304058    0.641484   -0.154206  -0.0358982   0.0484941   -0.370187    0.298226    0.332619   0.0561648   0.0809729  -0.0951413    0.474703   -0.979981    0.874946   -0.675346   -0.961668   -0.228093    0.378722     1.20493    -1.70862    -1.04049    -2.04325   -0.277179    0.713645    0.389785     1.22733
   1.05384 -0.0342185    1.50156  0.0561227   0.350032  -0.283893   0.439326   -1.02137   0.539925    0.77488 -0.0468016 -0.0221834   0.122244  -0.788156   0.340423   0.126226   0.309458  0.0718958  0.0406988    0.32292  -0.543005    1.85192  -0.468949   -1.58694  -0.278266   0.534928    2.11219    -2.2802  -0.426444   -1.27276  -0.475659    1.11463    0.49181   0.541763
   1.08366   0.210405    1.51527  -0.124805   0.258152   0.475629  -0.300377   -0.53148  -0.558505  0.0696157   0.275594   0.118874   -0.49617  -0.569876  -0.610191   0.523729 -0.0544524   0.247288   0.517964 -0.0633404   -1.60271   0.750286  0.0143622   -1.13017   0.288611   0.776722   0.411165   -2.86276  -0.664366   0.324643 -0.0725885   0.252272   0.781545   0.515139
   1.08177  0.0900321    1.50684 -0.0591841   0.436074   0.158623   -0.13932  -0.899517  -0.227089   0.251376   0.218833  0.0157777  -0.325912  -0.960531  -0.325558   0.480694  0.0784527   0.119866  0.0395555  -0.152626   0.122574    2.44018   0.659181   -1.17754   0.831151   0.657345    1.13255   -1.99703   -1.25894   0.416096   -0.92507  -0.710647   0.832846   0.101353
    1.02675 -0.00936906     1.50491     -19.283     0.19784    -18.3316    0.227632   -0.926807   -0.518223    0.179531    0.344563   -0.202197   -0.950691    -1.25235     -1.5708      1.2739   -0.161042    -0.16447    0.523599    -0.37385    0.570085     2.79081    -1.32717    -0.35617    -1.36024    0.470008   -0.852181    0.662303    -2.97745     1.52607   -0.205233     1.73388    0.431858    0.261254
   1.00745 -0.0365483    1.49583  -0.633766   0.454148   0.279322   0.854562   -1.06084   0.198178   0.138019   0.411174  -0.138012 -0.0215524   -1.70375  -0.684795   0.995761   0.156283  -0.112504   0.523599 -0.0723105   0.411058    2.93658   -1.72189  -0.356002    -1.3934   0.563439  -0.641913   0.541753   -2.95074    1.44275   -0.18454    1.66194   0.438317   0.323393
     1.35548  -0.00122826      1.78233 -0.000595782     0.017421    0.0301185    0.0548577    -0.117392   -0.0293313      0.18532   -0.0869682   -0.0576443   -0.0549022    -0.155794   -0.0314119     0.273305    -0.133266    0.0505724 -0.000828284   -0.0245487   0.00309155     0.537416     0.538394     -1.98381     0.118169     0.655286      0.36424   0.00824191    -0.523752    -0.547279     -1.99699    -0.108621     0.662396    -0.364016
