    0.892671   -0.0191674      0.95783   -0.0105976   -0.0353956    0.0267116    0.0788019    -0.458175   -0.0334518     0.741072     -0.24991   -0.0829859   -0.0311674    -0.446869   -0.0289934     0.740588     -0.25764    0.0292569   0.00010873  -0.00163887     0.956914   0.00772743   0.00150577     -1.91999 -0.000490356    -0.524224  -0.00193652     0.960553  -0.00986163  6.40194e-05     -1.91815  0.000557603    -0.523711  0.000680927
    0.853022    -0.128756     0.949258   0.00786923  -0.00875592   -0.0595722     0.220583    -0.437613     0.062596     0.606017    -0.147574    -0.201547     0.117085    -0.539593    0.0682868     0.738502    -0.184268   -0.0896694   -0.0299476    -0.232454     0.509224       0.3614     0.820959     -1.58992     0.338658   -0.0655524     0.254834     0.775863 -0.000380265    -0.293452     -2.06763    -0.287248    -0.400856    -0.140177
   0.983824   -0.085145    0.958676  -0.0162181    0.202792   0.0101986    0.178891     -0.4613   0.0268188    0.468075   -0.208254   -0.154168   0.0622603   -0.506436  0.00258422    0.549758   -0.246341  -0.0460415  0.00435464 -0.00699128     0.54758    0.103045    0.605951    -2.14372     0.29185  -0.0411741   0.0981079    0.520283  -0.0548056   -0.572672    -2.14311   -0.299151  -0.0454029  -0.0476511
   0.986137  -0.0826581    0.958611  -0.0160295    0.218701   0.0105903    0.175998   -0.466741   0.0285938    0.449447   -0.200002    -0.15103   0.0589449   -0.513228  0.00246677    0.533544   -0.239239  -0.0431004  0.00584193 -0.00503973    0.555512   0.0897831    0.604008     -2.1657    0.284655  -0.0489915    0.101389    0.539787  -0.0512431   -0.580891    -2.16438    -0.29195  -0.0569179  -0.0650483
   0.990715  -0.0555862    0.967881  -0.0083884    0.149149 0.000204329    0.132628   -0.352269   0.0197581     0.41004   -0.205681   -0.118797   0.0197027   -0.394016  0.00270581    0.481372   -0.236462  -0.0104809    0.190798  -0.0213446    0.464057    0.505317    0.905876    -2.07332    0.526636    0.324727     0.40653    0.486488   -0.122502    -0.57913    -2.26926   -0.199585    0.186027  0.00299335
   0.990712  -0.0555932    0.967887 -0.00839313    0.149125 0.000204764     0.13264   -0.352243   0.0197563    0.410037    -0.20568   -0.118805   0.0197151    -0.39399  0.00270647    0.481369   -0.236461  -0.0104909    0.190804  -0.0213429    0.464017     0.50535    0.905871    -2.07332    0.526576    0.324797    0.406497     0.48643   -0.122496    -0.57913    -2.26927   -0.199547    0.186105  0.00300664
   0.987764  -0.0400714    0.978937  -0.0111881  -0.0094292 -0.00221651    0.112821   -0.135195  0.00104144    0.361241   -0.216411   -0.101557  0.00411527   -0.156809  0.00209458    0.397713   -0.231444  0.00737684 -0.00531252  -0.0020507    0.141888    0.544649    0.659012    -2.05153     0.26565    0.654834    0.290967   0.0742373    -0.45672   -0.617342    -2.05769   -0.213373    0.665443   -0.263087
   0.987778  -0.0400766    0.978977  -0.0111929 -0.00942077 -0.00221787    0.112818   -0.135184  0.00103758    0.361233   -0.216422   -0.101616  0.00412249   -0.156798  0.00208428    0.397707   -0.231456  0.00736417 -0.00531555 -0.00203679    0.141889    0.544431    0.659055    -2.05157    0.265497    0.654772    0.290965   0.0742928   -0.456547    -0.61738    -2.05774   -0.213284    0.665379   -0.263086
  0.852477  -0.217757   0.980719    0.34822  0.0743654  -0.320181   0.410771  -0.979187   0.583645    1.24355  -0.286341  -0.261799 -0.0742961   -0.44718   0.330542   0.252613  0.0746982  -0.135957  -0.523599   0.285078   0.240726    1.22393   0.860927   -1.61419   0.734541    0.40041   0.232196  -0.483538  -0.232121  -0.515494   -1.96296   0.121996   0.703189  -0.203368
  0.839159 -0.0262931   0.984296    0.40672   0.100957  -0.328502   0.232275   -1.17717   0.718382    1.30498  -0.268822  0.0270446  -0.366709  -0.550846   0.281116   0.170726   0.149416  0.0967337  -0.243123   0.210654 -0.0327647   0.676832   0.731051   -1.65257   0.417919   0.354569    0.28092  -0.544841  -0.640994  -0.372746   -1.73221  -0.129903   0.732606 -0.0694795
  0.743584  -0.167748   0.961221   0.163048  -0.115257  -0.505203   0.673477  -0.823076   0.782726    1.39917  -0.273744  -0.201474   0.117258  -0.382967   0.558505   0.364143   0.139799 -0.0648484  -0.523599   0.711341   -1.35007   0.614981   0.363727  -0.597871   0.508143   0.397977  -0.853937   -1.42319   -1.03311  -0.425931  -0.379753  -0.466146   0.335794   0.332047
  0.751777   0.032635   0.947484   0.254418   0.217166 -0.0995383   0.105515   -1.50746   0.421478    1.31146 -0.0353957  0.0684963  -0.352341  -0.770141  0.0193755   0.356614   0.175432    0.12058  -0.136281    0.37802   -1.09989   0.464845   0.179871  -0.785633   0.554849   0.175253  -0.273791   -1.61386   -1.24829  0.0219744   -0.81496  -0.323976   0.764936   0.229285
 0.648429 0.0327055  0.958828  0.217754  0.478975 -0.234506  0.472141  -1.47286  0.776974  0.605245  0.370641  0.123709 -0.164934   -1.3595  0.191518  0.203307  0.632042  0.181231 -0.118906  0.602045   1.06693   2.89263  0.726429 -0.459647      2.55  -0.32556 0.0135478  -2.70903 -0.867025 -0.507612  -0.33501  0.724215  0.621078  0.718036
  0.704828   -0.20858    1.03201   0.177375   0.301127  -0.276693   0.456747    -0.8655      0.474   0.293533   0.352017  -0.261799   0.284206  -0.852246   0.411646  0.0283207   0.556798  -0.143781  -0.319127   0.211018    -0.6638    1.57587  -0.250053   -1.01548    1.70651 -0.0110757  -0.474052   -1.72953  -0.418855  -0.734995  -0.684844   0.447921   0.371747   0.154879
  0.764068  -0.208558     1.0661   0.144234   0.293328  -0.274759   0.428025  -0.767255   0.432478   0.289755   0.266478  -0.261799   0.264768  -0.743081   0.378171  0.0180855   0.468905  -0.146574  -0.253529 0.00515745  -0.760698    1.94806  -0.239434  -0.839252    1.83773   0.289166  -0.453532   -1.64215  -0.112903  -0.781843  -0.726565   0.524197   0.287077   0.101422
  0.741716 0.00326837    1.04615   0.263171   0.402487  -0.266053   0.077396   -1.13694   0.364618   0.413119   0.293594  0.0123221  -0.181672   -1.06032   0.204037  0.0792404   0.521128   0.127859  0.0938504   0.202448  -0.750882    1.56501  -0.269368  -0.865853    1.94543 0.00421964  -0.297091   -1.92187  -0.305854    -0.5903    -0.5293   0.681284    0.44704   0.333884
 0.763729 -0.109209   1.10213 -0.409358  0.229817  0.130138  0.655337 -0.747162 0.0432055 0.0332357  0.452949 -0.235956  0.523599  -1.57417 0.0172205   1.14177  0.168885 -0.112018 0.0509881 -0.136668  -1.56916   0.76665   0.24645 -0.640321  0.114965  0.507355 -0.547163  -1.48387  -0.59259  -1.52921 -0.381772 -0.737316  0.328381   1.68169
  0.738617 -0.0591813    1.05866  -0.478627   0.307047   0.316289   0.559296   -1.05477  -0.112782   0.108263   0.515556  -0.216074  -0.871773   -1.53493    -1.5708   0.959586   0.175504  -0.261799    0.42477  0.0447859   -1.79789   0.746868   0.101781  -0.348842   0.772487   0.316936  -0.767995   -1.24022   -1.59412   0.462317   -1.39258  -0.283873   0.703309  -0.893715
  0.703584 -0.0669485    1.09683  -0.145056   0.506702   0.228054  0.0854007   -1.49339  -0.268748   0.246824   0.698132  -0.261799   -1.12563   -1.55013   -1.47904   0.632897   0.384911  -0.261799  0.0816588  0.0483197   -1.85756   0.733572  0.0916092  -0.415992   0.780879    0.32415  -0.777534   -1.32231   -1.60227   0.415622   -1.44402  -0.248085   0.733905  -0.847303
   0.695073   0.0121085     1.11824    0.175548    0.495983  -0.0890209 -0.00271084     -1.4678    0.135695    0.352144     0.61356  -0.0188566   -0.719768     -1.5747   -0.560655    0.485863    0.585157  0.00558021   -0.156115    0.215845    -1.76762    0.616734    0.109698   -0.411855    0.555208    0.188207   -0.531041    -1.16405    -1.70012    0.357056    -1.25452   -0.402611    0.484592   -0.764146
  0.778938 -0.0476433    1.20318  0.0775869   0.455712 -0.0679549   0.224995   -1.23695   0.225921   0.316987   0.472987 -0.0899661 -0.0309727   -1.09443  0.0588416          0   0.635655  0.0151343  -0.184727   0.409422   -1.45321   0.464282  0.0440847  -0.699018   0.647559   0.185087  -0.534752   -1.16933   -1.89554   0.174057   -1.13068  -0.725449   0.607083  -0.447632
  0.747591 -0.0608487    1.12984   0.288349   0.663861  -0.224165     0.4036   -1.44601   0.599677   0.193037   0.582372  -0.043685  0.0263907   -1.55049   0.296347   0.193158    0.66316  0.0569964  -0.486057  -0.210102  -0.267269    2.22359   0.596848   -1.62771   0.519533   0.863719   0.886703   -2.64234  -0.977995    1.36318 -0.0549162    1.22813  -0.423653     -2.523
 0.740989 0.0151202   1.19395  0.227503  0.405648 -0.310158  0.114842  -1.05213  0.409483         0  0.620641 0.0349474 -0.900582    -1.893 -0.689117   0.65868  0.698132 0.0257365 -0.292205  0.555247  -1.74933    0.5829 -0.973386 -0.357713  -1.18458  0.125459   2.22687  -2.60632  -1.34905  0.878433  -0.31456 -0.889017  0.508125  0.609251
 0.750346 0.0805118    1.1954 -0.135733  0.566917 -0.106273  0.479476  -1.33256   0.48506  0.230688   0.56228  0.128503 -0.434594  -1.80355 -0.428664  0.516489  0.698132  0.154807 0.0896793  0.703715  -1.75764  0.349957 -0.767622 -0.427469  -1.07609  0.210161   1.97738 -0.688469  -2.32289 -0.223534 -0.468917  -1.73452  0.569245  0.536024
  0.765211 -0.0430249    1.20475   0.286871   0.444746  -0.361565   0.366735   -1.19109   0.662895   0.321757   0.423127  -0.005219   -1.11567   -1.91986  -0.998523   0.598984    0.67492    -0.1321  -0.452758  0.0468267   -2.33557   0.795947  -0.439419  -0.422063   0.162801   0.579086  -0.212511   -2.05346  -0.986928   0.483599  -0.354741   -1.07678   0.310664   0.386494
 0.834476 -0.150633    1.2443  0.171165  0.298851 -0.120914  0.219146 -0.909053  0.219987  0.265844  0.361996 -0.217367 -0.331733  -1.91986 -0.442927   1.32513  0.276454 -0.261799 -0.495659 -0.127554  -2.05711  0.957801 -0.338244 -0.346949  0.399985  0.501688  -0.53463  -1.56573  -0.83426  0.407068 -0.317927   -1.2263 0.0643132  0.273113
   0.809171   -0.223492     1.35386    0.176591    0.305796   -0.303454    0.800479    -1.09183    0.774093    0.575286    0.360848   -0.261799    0.459699   -0.985186    0.558505   0.0487093    0.698132   -0.156096   -0.523599 -0.00419941    -1.94053     1.21212   -0.315325   -0.595441    0.716991    0.572859   -0.742871    -1.60416   -0.592959    0.280588   -0.220272    -1.12017   -0.148404    0.337457
  0.792904 -0.0164506    1.27118   0.718764   0.493416  -0.441685   0.180452   -1.56702   0.848344   0.392376   0.526129  0.0611109  -0.277644   -1.79037   0.558505   0.419023   0.698132   0.257908  -0.212942   0.251993   -1.62307   0.920211    1.18874  -0.703762   0.670022   0.729744   -1.06875    -2.1209  -0.470911   0.474738  -0.574619   0.259547   0.666684  -0.101874
 0.828425  0.216397   1.32906 -0.152774  0.526134  0.177753 -0.523599  -1.22027 -0.547572 0.0445797  0.698132  0.156739 -0.807223  -1.22392 -0.740854  0.273538  0.530347  0.261799  0.523599 -0.101837  -2.30707  0.888203  0.492628  -0.42232 -0.173326  0.519572 -0.262656  -2.15109 -0.764349  0.328764  -0.52454 -0.511586  0.564288  0.590877
 0.828427  0.216397   1.32906 -0.152777  0.526141  0.177755 -0.523599  -1.22027 -0.547575 0.0445751  0.698132  0.156738 -0.807227  -1.22392 -0.740861  0.273538  0.530345  0.261799  0.523599 -0.101811  -2.30707  0.888185  0.492631 -0.422317 -0.173322  0.519584  -0.26264  -2.15109 -0.764332  0.328662 -0.524543 -0.511696  0.564467  0.591144
   0.866088  -0.0830026     1.34707   0.0232523    0.674834  -0.0405044    0.546519    -1.37206    0.488857    0.101114    0.623333   -0.107267    0.259025    -1.46687     0.27583    0.196831    0.598835 -0.00353498  -0.0224823  -0.0985755    -2.75245    0.848022   -0.016903   -0.326388   0.0251772     0.71016   -0.586835    -2.36961   -0.593175    0.274064   -0.511654  -0.0448095    0.631756   -0.070931
  0.912961  -0.226384     1.4271   0.208451   0.335199  -0.357267   0.591399  -0.916207   0.644104   0.449433   0.255169  -0.261799   0.389504   -0.90213   0.558505   0.111902   0.511116   -0.14203  -0.523599 -0.0972333   -2.63925   0.975179  -0.265152  -0.287713   0.106392   0.706081  -0.799452   -2.03561   -0.49187 -0.0907457  0.0629973  -0.508682 -0.0430498   0.234153
   0.878026 -0.00781153     1.43248    0.390445    0.447748   -0.106431    0.593076    -1.69931     1.04128    0.706528    0.482731     0.10364   -0.587577    -1.12354   -0.207736   0.0731244    0.607923   0.0541525   -0.370442   -0.083269    -2.06346    0.847204   0.0526256    -0.20253     0.41758    0.288876   -0.591717    -2.01916   -0.840529  0.00231729   -0.212092   -0.510476    0.263963    0.551826
  0.891498    0.13482    1.41209   0.278451   0.464456 -0.0944068 -0.0583367   -1.91986   0.449144    1.02659     0.4102   0.261799  -0.752332   -1.14459  -0.328103   0.174545   0.535261   0.226708 -0.0551443   0.198069   -2.05521   0.643828  0.0572697 -0.0278049     0.4952  0.0826964  -0.372038   -2.40831   -0.95809   0.193871  -0.249012  -0.270922   0.540912   0.675241
  0.882371   0.122904    1.48841   0.275572   0.429951  -0.218955   0.164514   -1.60666   0.648865   0.631174   0.489319   0.261799  -0.820558   -1.51852  -0.344674   0.362722   0.679796   0.253042 -0.0864327   0.260706   -1.81453   0.647686   0.142303  -0.179712   0.516848  0.0329474  -0.426479   -2.01865   -1.03468  0.0178401  -0.373146  -0.577603   0.452917   0.815908
   0.88715  0.0979289    1.50547   0.216615   0.424607  -0.163041  0.0340115   -1.57818   0.384112   0.628401   0.496304   0.169331  -0.719973   -1.52714  -0.344785   0.458018   0.618913   0.197529 -0.0600777   0.203731   -1.66826   0.652621   0.274956  -0.377793   0.388515   0.123322   -0.39018   -1.75826   -1.06623  0.0418497  -0.566893  -0.635149   0.447281   0.606829
 0.926257 -0.221719   1.53152  0.163197  0.498596  -0.19998  0.843599  -1.21914   0.78584   0.35135  0.486948 -0.261799  0.523599  -1.18794  0.558505  0.044744  0.698132 -0.161304 -0.509485  0.153676  -2.21567  0.715056 -0.115699 -0.280739   0.53451   0.45256 -0.854788  -2.36484  -1.00533  0.206961 -0.259966 -0.247569   0.42395 0.0390256
 0.926259 -0.221716   1.53152  0.163198  0.498606 -0.199977  0.843592  -1.21915  0.785835  0.351336  0.486956 -0.261799  0.523599  -1.18796  0.558505 0.0447477  0.698132 -0.161305 -0.509498  0.153611  -2.21569  0.715088 -0.115651 -0.280739  0.534673   0.45281 -0.855112  -2.36479  -1.00531  0.206956 -0.259962 -0.247571  0.423912 0.0389472
     1.35548  -0.00122826      1.78233 -0.000595782     0.017421    0.0301185    0.0548577    -0.117392   -0.0293313      0.18532   -0.0869682   -0.0576443   -0.0549022    -0.155794   -0.0314119     0.273305    -0.133266    0.0505724 -0.000828284   -0.0245487   0.00309155     0.537416     0.538394     -1.98381     0.118169     0.655286      0.36424   0.00824191    -0.523752    -0.547279     -1.99699    -0.108621     0.662396    -0.364016
