    0.892671   -0.0191674      0.95783   -0.0105976   -0.0353956    0.0267116    0.0788019    -0.458175   -0.0334518     0.741072     -0.24991   -0.0829859   -0.0311674    -0.446869   -0.0289934     0.740588     -0.25764    0.0292569   0.00010873  -0.00163887     0.956914   0.00772743   0.00150577     -1.91999 -0.000490356    -0.524224  -0.00193652     0.960553  -0.00986163  6.40194e-05     -1.91815  0.000557603    -0.523711  0.000680927
   0.954887    0.054685    0.959737  -0.0196676   0.0786662   0.0526427 -0.00930757   -0.491646  -0.0582121    0.703528   -0.290764  0.00148889   -0.118883   -0.415592  -0.0653668    0.608938   -0.265996    0.112279  -0.0524251    0.103619    0.768481 0.000643981    0.253584    -2.07158    0.267234   -0.399918    0.125431    0.597976   -0.154691   -0.689445    -1.82963   -0.353729   -0.185531   -0.215247
    1.00792  0.00658874    0.965068 -0.00135727    0.122589   0.0224768    0.043798   -0.383794  -0.0176419    0.553601   -0.293287  -0.0493631  -0.0696872   -0.371711  -0.0318754    0.548374   -0.297527   0.0599134  0.00960952  -0.0034756    0.519337           0    0.486652    -2.09473    0.308325  -0.0514108   -0.048454    0.564873           0   -0.534662    -2.11926   -0.281865  -0.0554961 -0.00647205
    1.00804  0.00660621    0.965056 -0.00135709    0.122702   0.0224754   0.0437777   -0.383787  -0.0176433    0.553624   -0.293416  -0.0493411  -0.0697074   -0.371691   -0.031876    0.548373   -0.297645   0.0599365  0.00959703 -0.00346508    0.519855           0    0.486485    -2.09513    0.308344  -0.0515806  -0.0482716    0.565432           0   -0.534592    -2.11959   -0.281967  -0.0557329 -0.00669097
   0.985149   0.0276713    0.970222 -0.00685494  0.00790528   0.0611516   0.0167539   -0.303595  -0.0638768    0.594702   -0.300569  -0.0289068  -0.0904594    -0.24319  -0.0635434    0.531646   -0.291223   0.0818777   -0.194929   0.0405733    0.268377           0      0.3694    -2.06303  -0.0668715    0.253733  -0.0363031     0.41938   -0.494424   -0.776382      -1.907   -0.352003    0.313557   -0.512934
   0.985135   0.0276716    0.970224 -0.00685532  0.00788585   0.0611481   0.0167537   -0.303596  -0.0638754    0.594713    -0.30056  -0.0289068   -0.090459   -0.243189  -0.0635397    0.531653   -0.291211   0.0818774   -0.194931   0.0405633    0.268339           0    0.369424    -2.06299  -0.0668811    0.253746  -0.0362838    0.419304    -0.49446   -0.776358    -1.90695   -0.351938    0.313598   -0.512888
  0.883257  0.0747969    1.01118    -0.4959  0.0780344    0.19287    0.45723  -0.497277  -0.145885   0.351239 -0.0136755  -0.028244   0.140846   -1.04219  -0.296518    1.17413  -0.259279   0.100452   0.345795  0.0545886  -0.129185          0   0.330746   -1.60714 -0.0939771  0.0186822 -0.0997131   0.436974  -0.647139  -0.918813   -1.69062   -0.45652   0.149222  -0.460755
    0.869683    0.0795202      1.00893    -0.518857    0.0945417      0.20308     0.473585    -0.525147    -0.144673     0.319819    0.0238725   -0.0255377     0.145507     -1.06347    -0.308206      1.13827     -0.22297     0.104855     0.381029    0.0549583    -0.169041 -1.59595e-16     0.337878     -1.59193   -0.0871027     0.016023    -0.107055     0.429418    -0.688451    -0.940569     -1.69017    -0.463325     0.168564     -0.46286
   0.85975   0.149057    1.00721  -0.463796  0.0239974   0.242013   0.322349  -0.426396  -0.233389   0.272141  0.0447975  0.0534016 -0.0443325  -0.953981  -0.397357    1.14117   -0.24004   0.185769   0.523599 -0.0791561  -0.592651   0.111848   0.381975   -1.61019   -0.23071   0.490288   0.144218   0.416145  -0.948109  -0.893773   -1.63618  -0.488327   0.271736  -0.430337
  0.850631   0.129408    1.00716   -0.47989  0.0267202   0.252275    0.36184  -0.435732  -0.237486   0.233301   0.077587   0.027608 -0.0221015  -0.977234  -0.420148     1.1361   -0.22428   0.156431   0.523599  -0.086747  -0.593732   0.183477   0.368148   -1.59242  -0.191553   0.495492   0.157117   0.323524  -0.922844  -0.850047   -1.64033  -0.442357    0.30116  -0.425382
  0.851933  -0.145703   0.981966    2.75834   -3.03285     3.0862   0.633909  -0.320691  -0.022186   0.614101   -0.17309  -0.261799   0.523599  -0.984636 -0.0141779    1.40635  -0.299769  -0.155461 -0.0800389   0.373565    1.47123    3.11803   -0.53725  -0.201757    -1.5894   0.121656   -1.33855      1.606   -2.28827   0.312312  -0.600287    0.55409   0.532232    1.77108
   0.819292    0.163657    0.885994     9.01347     2.22608     15.6903    0.582356    -1.18163    0.487952   0.0132185    0.307061    0.207405    -0.55645    -1.84288   -0.695632    0.698783    0.179063    0.215014    0.231542   -0.283007    -1.19063     3.46361    0.303874    -2.33705    -1.84415    -1.12905     -1.6465    -0.55023    -2.42918 -0.00605556    -1.00325   -0.582234   -0.338711    -1.94523
  0.705113  0.0569153   0.877979  -0.142371   0.691325  -0.148769   0.535916    -1.1974   0.523408   0.229392   0.330203  0.0878924  -0.894992   -1.84115   -1.01095    0.69858    0.34581  0.0167969  0.0658447   0.225439   -2.80583   0.726643    -1.3394  -0.539574    0.67524   0.795511   0.271249 -0.0975166   -2.81572   0.681439  -0.300524  -0.550473  -0.572656      -2.55
  0.787292   -0.16294    0.90276  -0.206129   0.412925   0.116991   0.520364  -0.886994   0.119736   0.263833   0.204877  -0.261799   0.075502   -1.78795  -0.359506     1.4242 -0.0714196  -0.261799  -0.213503  -0.459045   -2.68248   0.806824   -1.07141  -0.299057   0.408486   0.847272  -0.356238   0.691851   -3.01636   0.707313  -0.803764   0.667814    0.46034    1.54357
  0.888911  -0.140593   0.934234  -0.214939   0.399682   0.143573   0.450497  -0.744048  0.0533619   0.249559  0.0736733  -0.236768  0.0130616   -1.66272  -0.392702    1.52124  -0.287263  -0.225875   0.226792   0.623658   -2.25362   0.872522   -1.99756  -0.501721   0.203673  -0.291215    1.94585 -0.0371087    -2.8806  -0.534752  -0.131023   -1.38888   0.941942  0.0290303
  0.877873 -0.0937419   0.950604  -0.248176    0.35757   0.140553   0.420468  -0.712822  0.0241764   0.249514  0.0809098  -0.185314 -0.0175027   -1.58797  -0.392105    1.46912  -0.265275  -0.152981   0.299299   0.603159   -2.14001   0.851248   -1.88909   -0.53871   0.187809  -0.188214    1.90427 -0.0271879   -2.76622  -0.543131  -0.185559   -1.40163   0.881724  0.0567961
  0.855763  -0.100368    1.10872  -0.119725   0.301628  0.0819654   0.314151  -0.954055  0.0217763   0.528215   0.113959  -0.191117   0.161925   -0.87512 -0.0344082   0.438856   0.125294 -0.0775179 -0.0294661   0.249295   -1.44719    1.06692  -0.784667   -1.06607   0.386379   0.360567   0.660294  -0.450558   -1.86912  -0.330378    -1.1674  -0.706401    0.68189  -0.708214
  0.836518  -0.111151     1.1032   0.188235   0.270213  -0.395396   0.363915  -0.823905   0.569396   0.600224 0.00981849  -0.115587    0.24586  -0.907435   0.558505   0.460415   0.179485  0.0194241  -0.298414   0.660142   -1.49504    1.09599  -0.768857   -1.10341   0.406053   0.357462   0.685453  -0.364126    -2.0354  -0.442215   -1.14558  -0.773793   0.727938  -0.687062
  0.924956  0.0634021    1.16003   -6.17665 -0.0261562    6.82819  -0.225928  -0.231999  -0.558505   0.250333  0.0904869 -0.0352112  -0.417891  -0.280645  -0.549235   0.763482  -0.283254   0.109412    0.34734  -0.473238    1.32175    2.36016     0.3031  -0.281257     1.5272  -0.387456    1.66486   -1.92993  -0.337827  -0.867565  -0.506915    1.01786   0.562517   0.379109
  0.826698 -0.0429591    1.05274   -0.61662   0.369573   0.602768   0.432027   -1.22197  -0.399765   0.143571   0.419759  -0.261799   0.161395   -1.10203  -0.559289   0.354806   0.152682 -0.0869253   0.523599  -0.619045  -0.176395    2.74809   0.698634   -0.28312    1.64961   0.781188  -0.232696   -2.56299  -0.506896  -0.422875  -0.149482   0.304257   0.520032   0.167974
 0.857202 -0.115479   1.10639 -0.317542  0.430813  0.138802  0.609382 -0.991859  0.160328  0.327354  0.227077 -0.207378 -0.306976  -1.72045 -0.836746   1.21211 0.0210947  -0.26179 0.0123273  -0.35237  0.119985    3.0555 -0.951294 -0.592436  0.466713  -0.43072      2.55  -2.30807 -0.706767  0.222275     0.292   1.51805 -0.223797  -1.90199
   0.868376  -0.0338452     1.12861   -0.345215     0.40148    0.150104    0.481068   -0.965573   0.0683894    0.334268    0.206871   -0.118576   -0.374069    -1.63163   -0.810579     1.19475 -0.00696243   -0.130525    0.446703    0.305804     -2.1816    0.943506    -1.41279   -0.173559   -0.869159   -0.361564     2.38735   -0.144458    -2.31225   -0.521606    -1.26487   -0.788654    0.829006   -0.814088
  0.765047 -0.0611687    1.13208   0.733659   0.520394  -0.564311   0.346485   -1.43927   0.982778   0.375623     0.3805  0.0101428  -0.188498   -1.56379   0.558505   0.118886   0.698132   0.165863  -0.523599   0.233035   -2.67756   0.971633  -0.428073  -0.320829   0.678235   0.637301  -0.486638   -2.69842  -0.576644   0.813115  -0.365511  -0.208598   0.717046 -0.0758547
  0.922526   0.171667    1.30781  0.0341891   0.187707  0.0185776  -0.230876  -0.788803  -0.073774   0.457606   0.151162   0.147274  -0.347168  -0.656248 -0.0911413   0.252569   0.231386   0.261799   0.523599   0.149853    -1.3635   0.703035  -0.540655   0.215363   0.239662  -0.484305    1.14012   0.495713   -2.86692    0.40132   -0.97738  -0.223001    0.12498   -2.32963
 0.777859   0.14542   1.20183 -0.148905  0.613849 -0.133171  0.450248  -1.39272   0.52073  0.304445  0.490641  0.226481 -0.542208  -1.72533 -0.454496  0.388642  0.698132  0.261799  0.262511  0.514152  -2.09896  0.556365 -0.337105 -0.283956 0.0800102  0.274153   0.40639 0.0124808  -2.63964  0.655225 -0.249207 -0.411071 -0.499605  -2.28368
 0.901066 -0.155531   1.29411  -0.17706  0.276484 0.0737289  0.477937 -0.854761 0.0745945  0.291797    0.2826 -0.261799 0.0400424  -1.70162  -0.38456   1.33025 0.0801532 -0.261799 -0.266631 0.0209061  -1.81144   0.75457   -0.5015 -0.472869  0.441813  0.452658 -0.275662 -0.377827  -1.61236  0.369169  -1.31732  0.423856  0.532557   -2.4292
    1.0246   -0.08519    1.39366    5.82942  0.0729648    6.35312   0.643836  -0.461056 -0.0128342   0.295937   0.064852  -0.197844   0.476463   -1.15222 -0.0578394    1.21684  -0.162216 -0.0770065   -0.12967   0.397432   -1.57657   0.245085  -0.649631  -0.267155 -0.0888266   0.221627   0.327139   -3.10261   -2.14662   -1.20338   0.291418   -2.02382  -0.472272   -2.12271
   0.928232    -0.10314     1.30825 -0.00409276    0.285417  -0.0235658    0.234811   -0.706787   0.0964772    0.138221    0.293956   -0.174865   -0.637547    -1.69124   -0.884134     1.33467   0.0415579   -0.248339   -0.482391    0.247993    -1.93768     0.38314   -0.719398   -0.148091    0.363642    0.255693  -0.0394834    -1.39775    -1.70885    0.549501   -0.282851    0.969614   -0.438265    -2.40013
   0.834465   0.0145239     1.34764   -0.575866    0.413996    0.420305    0.302983    -1.47902   -0.393543    0.236591    0.669127   -0.198261    0.107763    -1.23905   -0.445103    0.138486    0.565069 -0.00424774    0.515314    0.353448    -1.76065    0.420494   -0.169877   -0.422216    0.933163   0.0725099   -0.562367   -0.216926    -2.39543   -0.815552   -0.352968    -1.34478    0.594231    0.301888
   0.884609    0.113081     1.41966   -0.231002    0.343252    0.276301  -0.0960803    -0.98672   -0.363162 0.000223233      0.6241   0.0111777    -0.38748      -1.099   -0.544775    0.458157    0.330659    0.120049    0.523599    0.191596    -1.29918    0.854343   -0.910886   -0.803055    -1.06517       0.388        2.55    0.238599    -2.43254   -0.672388     -0.5003     -1.4191    0.442711   0.0306741
  0.933744   0.149057     1.4876  -0.299029   0.323308  0.0572838   0.179646  -0.961869 0.00387768   0.207525   0.426135   0.112752  -0.490714   -1.53091  -0.594579   0.900804   0.309537   0.189873   0.523599    0.27438    -1.0599   0.747554  -0.834636  -0.800857   -1.09721   0.538121    2.42857   0.387568   -2.09764  -0.630869  -0.710387   -1.42566   0.195899 -0.0747939
  0.872059 -0.0344474    1.37996  -0.882965   0.617443   0.404868    1.65806   -1.32607   0.938219  0.0882855   0.634867 -0.0542524  -0.255271   -1.86973   -1.09209   0.455964   0.574069  -0.160103   0.100724   0.116205   -2.75608   0.416912   -2.24549   -1.07628   0.564028   0.767816    1.11224      1.606   -1.31023   -2.18455  -0.571594 -0.0063476  -0.473003   -2.13728
  0.868239 -0.0745709    1.39231  -0.714499   0.442953   0.333166     1.2397   -1.32127   0.464443   0.204637   0.604742  -0.179576   0.523599   -1.91986  -0.209716   0.929835   0.439677  -0.102042   0.523599   -0.15422   -2.57971    1.05389   -1.22874  -0.375155   0.954175   0.513153  -0.283486    -2.1196  -0.751107   0.233525  -0.299399  -0.431138   0.319243   0.126937
 0.887235  -0.13894   1.39637   -0.6088  0.456333  0.281511   1.22181  -1.26273  0.481685  0.237743  0.544586 -0.253823  0.353459  -1.91986 -0.436625  0.978691  0.398316 -0.261799  0.347191 -0.303617 0.0335747   2.40319  0.757361 -0.478956   1.58507  0.510075 -0.285773  -2.06845 -0.648309  0.460771 -0.212671 -0.557921  0.193241  -0.13134
  0.940364  -0.175343    1.56971   0.148342   0.358308  -0.155542   0.552305   -1.19044   0.509775   0.468136   0.420933  -0.225524   0.484152   -1.31789   0.558505   0.549839   0.438421 -0.0849091   -0.45445   0.092622   0.739109    2.40657   0.739497  -0.593222    1.75511 0.00871701  0.0119144   -1.02734  -0.554756  -0.633561   -1.20897  -0.147541   0.395716 0.00995762
  0.940365   -0.17535    1.56972   0.148339   0.358298  -0.155546   0.552309   -1.19042   0.509767    0.46814   0.420926  -0.225536   0.484162   -1.31787   0.558505   0.549839   0.438417 -0.0849184  -0.454465  0.0926232   0.739111    2.40655   0.739501  -0.593293    1.75514 0.00873303  0.0119598   -1.02731   -0.55478  -0.633503     -1.209   -0.14762   0.395693  0.0099749
  0.926811 -0.0542515    1.55092    0.45352   0.429282  -0.358276   0.211137   -1.29875   0.622056   0.323209   0.493385 -0.0241829  -0.086443   -1.37954   0.441536   0.153032   0.698132   0.123483  -0.523599   0.498905   -1.76587   0.549217  -0.162902  -0.506171   0.679468   0.191601  -0.423163 -0.0865285   -2.26534  -0.856446  -0.474916   -1.29613   0.494846   0.041701
   0.937073  -0.0311548     1.55882  -0.0483074     0.50754  0.00618726    0.484569    -1.46553    0.401475    0.460863    0.506937  -0.0490126   0.0383257    -1.27601   0.0183728    0.114516    0.654146   0.0245656 -0.00837981    0.341435     -1.5839    0.611742   -0.103771   -0.648123    0.576286     0.20462   -0.263159    -2.42683    -1.03145   0.0109186   -0.423938  0.00404116    0.610556    0.469565
     1.35548  -0.00122826      1.78233 -0.000595782     0.017421    0.0301185    0.0548577    -0.117392   -0.0293313      0.18532   -0.0869682   -0.0576443   -0.0549022    -0.155794   -0.0314119     0.273305    -0.133266    0.0505724 -0.000828284   -0.0245487   0.00309155     0.537416     0.538394     -1.98381     0.118169     0.655286      0.36424   0.00824191    -0.523752    -0.547279     -1.99699    -0.108621     0.662396    -0.364016
