    0.892671   -0.0191674      0.95783   -0.0105976   -0.0353956    0.0267116    0.0788019    -0.458175   -0.0334518     0.741072     -0.24991   -0.0829859   -0.0311674    -0.446869   -0.0289934     0.740588     -0.25764    0.0292569   0.00010873  -0.00163887     0.956914   0.00772743   0.00150577     -1.91999 -0.000490356    -0.524224  -0.00193652     0.960553  -0.00986163  6.40194e-05     -1.91815  0.000557603    -0.523711  0.000680927
    0.916368 -0.000100283      0.96154    -0.023688    0.0656034    0.0554464    0.0595391     -0.51399   -0.0569671     0.670059    -0.225555   -0.0639126   -0.0523959     -0.46971   -0.0640132     0.632317    -0.226042    0.0471207   -0.0898915     0.141106     0.768481  0.000643981     0.253584     -2.07158     0.267234    -0.399918     0.125431     0.426366   -0.0892104    -0.699494     -1.77465    -0.305152    -0.120965    -0.152019
     1.00538  -0.00346395     0.964638  -0.00242594     0.134626   0.00893007    0.0612353    -0.397104 -0.000754445     0.549535    -0.287316   -0.0596047   -0.0529353    -0.393852   -0.0165954     0.549969     -0.29009    0.0494508  -0.00793766   -0.0207629      0.55268  0.000572827     0.530848     -2.13064     0.297064   -0.0466881   -0.0182686     0.523242            0    -0.500267     -2.10253    -0.262802   -0.0559861  -0.00757284
     1.00549  -0.00346283     0.964627  -0.00242776      0.13474   0.00893252    0.0612358    -0.397103 -0.000755623     0.549539    -0.287421   -0.0596037   -0.0529347    -0.393847   -0.0165954     0.549969    -0.290194    0.0494537  -0.00794897   -0.0207578     0.553185  0.000588456     0.530729     -2.13099     0.297102   -0.0468788   -0.0180578     0.523741            0    -0.500175     -2.10287     -0.26286   -0.0561879  -0.00776461
  0.977951  0.0169944   0.971137 -0.0081039  0.0142531  0.0388413  0.0351585   -0.31041 -0.0401565   0.580933  -0.286316 -0.0392508 -0.0736019  -0.265889 -0.0411964     0.5302  -0.275827   0.070859  -0.196475  0.0196253   0.292472  0.0138263   0.428193   -2.08573 -0.0157119    0.25427 -0.0521113    0.32283   -0.50649  -0.717388   -1.89056  -0.322891   0.343635  -0.496396
   0.977936    0.016995     0.97114 -0.00810392   0.0142302   0.0388421   0.0351574   -0.310407  -0.0401576    0.580942   -0.286306  -0.0392503  -0.0736023   -0.265883  -0.0411951    0.530205   -0.275816   0.0708589   -0.196476   0.0196256    0.292406   0.0138239    0.428222    -2.08568  -0.0157302    0.254294  -0.0520949    0.322771   -0.506526   -0.717364    -1.89052   -0.322837    0.343671   -0.496353
  0.889512  0.0337462     1.0067  -0.431911  0.0963359   0.128543   0.454006  -0.507745 -0.0777499   0.426058 -0.0625347 -0.0611932   0.197048   -1.10815  -0.191711    1.26444  -0.285092  0.0624976   0.213223  0.0457917 -0.0292592  0.0940015   0.377973   -1.76437 -0.0376716   0.134141  -0.104724   0.268087  -0.594397  -0.797201   -1.67194  -0.400047   0.174766  -0.445025
   0.879555   0.0355896     1.00539   -0.457225     0.13358      0.1412    0.480097   -0.529442  -0.0662396    0.352148 -0.00728181  -0.0605034     0.21379    -1.14494   -0.193505     1.22195   -0.247105   0.0644523    0.234405   0.0490552  -0.0550247   0.0962557    0.376937    -1.79894   -0.042752    0.151863   -0.110128    0.270664   -0.610454   -0.833586    -1.70641   -0.413562    0.189598   -0.448379
  0.882311  0.0484431    1.01609  -0.468877  0.0278616   0.159803   0.473147  -0.404173  -0.135664   0.318701 -0.0153744 -0.0536229    0.18481   -1.00039  -0.254633    1.20176  -0.274325  0.0722341   0.424936 -0.0309306  -0.435574   0.310245   0.419707   -1.67819  0.0152113   0.540212  0.0385029   0.126201  -0.655821  -0.712584   -1.72205  -0.275235   0.360095  -0.375684
   0.793344  -0.0278375    0.937366   -0.267743    0.136405   0.0477731     0.38564   -0.898756   0.0097784     0.86891   -0.114401   -0.114036    0.166647    -1.47915   -0.103263     1.49955   -0.164015 -0.00431699    0.113789   0.0759458   -0.832153    0.626609    0.291137    -1.36403    0.150129    0.641501  -0.0374546   -0.212177   -0.842361    -0.56268    -1.52431   -0.207739    0.459841   -0.523997
  0.779323 -0.0393148    1.05238 -0.0367576   0.247398 -0.0377001   0.309702   -1.23006   0.202332   0.960644  0.0347081 -0.0854461   0.112393   -1.19695   0.110201   0.876245  0.0758255  0.0266878  -0.155412   0.134364   -0.71265   0.576029   0.332222   -1.41818   0.166447   0.464103  -0.100735  -0.217162  -0.616273   -0.65615   -1.49766  -0.150812   0.227223  -0.396902
  0.779305 -0.0393419    1.05239 -0.0367601   0.247379 -0.0377401   0.309697   -1.23006    0.20225   0.960663  0.0347193 -0.0855393   0.112442   -1.19696   0.110199   0.876265  0.0758343  0.0266233  -0.155428   0.134456  -0.712743    0.57589   0.332394   -1.41813   0.166111   0.464158  -0.100772  -0.217282  -0.616113  -0.656255   -1.49766  -0.150674   0.227243  -0.396837
  0.827137  -0.106546    1.09282  -0.086626    0.21036 -0.0854207   0.460689  -0.998717   0.250663   0.855368  -0.025151  -0.165461   0.284619  -0.914965   0.186436   0.646554   0.080111 -0.0518789  -0.267683   0.249138  -0.658298   0.641868   0.237683   -1.53573   0.208987   0.541929  -0.144092  -0.225484  -0.940329  -0.730262   -1.46295  -0.315567   0.465453  -0.588899
  0.827115  -0.106541    1.09284 -0.0866913   0.210355 -0.0854614   0.460745  -0.998693   0.250648   0.855349 -0.0251246  -0.165489   0.284632  -0.915024   0.186332   0.646668  0.0800812 -0.0519584  -0.267629   0.249212  -0.658372   0.641738   0.237756   -1.53571   0.208725   0.541977  -0.144108  -0.225574  -0.940227  -0.730342   -1.46294  -0.315383   0.465474  -0.588897
  0.649898    0.06013   0.998914 -0.0816891   0.544249  -0.135303   0.439456   -1.28864   0.469887   0.208266   0.563562  0.0983255  -0.656331   -1.79563  -0.676658   0.505957   0.698132  0.0725047    0.24181   0.588095   -1.35428   0.477912  0.0868528  -0.682255   0.807201  0.0365908    -0.4357   -2.50259  -0.949044   0.088706  -0.300656  0.0985477   0.572332   0.581327
 0.652275 0.0743567    1.0011 -0.131971  0.546774 -0.105303  0.437366  -1.28966  0.433079  0.198932  0.570983  0.109476 -0.635879   -1.7713 -0.679094  0.496585  0.688125 0.0932096  0.284594  0.596788  -1.36724  0.409308  0.152101 -0.677378  0.743155 0.0367065 -0.462839  -2.52591 -0.989309   0.14705 -0.321833 0.0228241  0.599837  0.622513
   0.654475  -0.0698994    0.982002   -0.232509    0.625287 -0.00658944    0.878569    -1.25891    0.647089   0.0981199     0.62053  -0.0782891   -0.452159    -1.91986   -0.851743    0.575129    0.655756   -0.211424    0.167958   0.0381292     -2.5377    0.910494    -0.17727     -0.2801    0.294269    0.557129   -0.556712     -2.2975   -0.618609 -0.00588322    -0.30633   0.0362581    0.419727    0.108831
  0.688611   0.179653    1.00488  -0.448806   0.627865   0.077677   0.505634   -1.39354   0.326164   0.220158   0.552925   0.220831  -0.477382   -1.62629  -0.629192   0.334582   0.649885   0.261799   0.523599   0.545929   -1.99429   0.356744   0.214729  -0.510341  -0.293959   0.381612    0.27355   -2.87941  -0.978054   0.179493  -0.220697 -0.0362188   0.709517   0.844049
  0.815287   0.128275    1.12628  -0.427617    0.38032   0.116133    0.35304  -0.933627  0.0316152   0.212929   0.324686  0.0737212  -0.163166   -1.51853  -0.397431   0.969192   0.157139   0.175488   0.523599   0.655537   -1.59814   0.113049   0.193259  -0.333396   0.611829 -0.0433247  -0.502254   -3.03899   -1.10108   0.313019  -0.225136   0.241508   0.754905   0.793029
  0.800927 0.00886456    1.09563  -0.517619    0.21273   0.497937   0.287505   -1.02139   -0.48646   0.221443   0.369943  -0.186934  -0.905301   -1.30165    -1.5708    1.17417 -0.0749329  -0.137139   0.316588  0.0199935   -1.65316   0.354483  -0.149595  -0.582039 -0.0186452    0.32951   0.120029  -0.389503   -2.01483  -0.563334  -0.378414   -1.67117   0.529872   0.475976
  0.749934 -0.0649044     1.1535  -0.133692   0.526798   0.137285   0.367208   -1.43713   0.112404   0.320261   0.575073  -0.163301  -0.227923   -1.54816  -0.443019   0.586769   0.420956  -0.115714  -0.247921   0.164811   -1.88592   0.302505  0.0738754  -0.407727  -0.076873   0.264286  -0.274781  -0.736673   -1.92548  -0.292793  -0.551077   -1.63496   0.417614   0.299461
  0.747123 -0.0912288    1.14354  -0.082433   0.553901   0.099243   0.450897    -1.4029   0.233733   0.235787   0.610937  -0.177251  -0.103094   -1.61166  -0.279846   0.615645   0.432827  -0.125591  -0.323981   0.146996   -1.95203    0.32661  0.0395229  -0.417819 -0.0249136   0.325979   -0.33965   -0.72623   -1.93521  -0.317392  -0.600933   -1.53589   0.422327   0.151959
   0.846274    0.142208     1.17922 -0.00176208     0.62276   -0.111826     0.52179    -1.63234    0.733285    0.783942    0.202314    0.261799   -0.356719    -1.37879   -0.162863    0.327175    0.423409    0.244674    0.181583   -0.150084   -0.591003     1.83623    0.722239    -1.70328    0.492569      1.1561    0.695351    -2.40538   -0.607217    0.132328   -0.202793   -0.527034    0.494585    0.598711
  0.787743  -0.123164    1.17931   0.159027   0.540521  -0.114328   0.376155   -1.24962   0.386124   0.236119     0.4961  -0.168305   0.361874    -1.4797    0.48305   0.537136   0.403152 -0.0197777  -0.230605  -0.154005 0.00183978    2.66777  -0.451663  -0.447594   0.286469  -0.353145    2.32446   -1.97178  -0.622472  0.0537267  -0.678425 -0.0213893    0.56227  -0.145038
  0.839575  -0.220176    1.24252  0.0918694   0.245227  -0.291953    1.53791   -1.24066    1.39483    1.27245  0.0397887  -0.241181   0.523599  -0.972462   0.558505   0.561574   0.253693  -0.138058  -0.455196 -0.0115545   0.264816    2.64813    -0.5675  -0.438931   0.409882  -0.336168    2.16553   -1.60348  -0.505343   -0.32926  -0.433633  -0.061908   0.170689  -0.130572
   0.759083  -0.0512491     1.19338   -0.134479    0.555227    0.279708    0.594074    -1.91986     0.37723    0.595559    0.698132   -0.143965   -0.345583    -1.30394   -0.573961    0.228125    0.517094   -0.113252    0.110875   -0.274163    0.195516      2.6563   -0.382062   -0.378867    0.562481   -0.288113     2.26096      -2.174   -0.653699   0.0179622   -0.441374 -0.00122543     0.47294    0.100549
   0.905119  -0.0715463     1.31815    0.409782    0.376496   -0.143064    0.363514    -1.56604     0.70284     1.01977    0.146026  -0.0436911    -0.40021    -1.03266  -0.0258806    0.341604    0.290047 -0.00172993   -0.298141   -0.513886   -0.638416     2.39867   -0.558028   -0.380614   -0.458689   -0.524169     2.42264    -1.91842   -0.163701 -0.00106369    0.111469   -0.406307   -0.175106    0.325784
   0.905087   -0.071504      1.3181    0.409566    0.376626    -0.14303    0.364709    -1.56618    0.704019     1.01974    0.146096  -0.0434329   -0.400017    -1.03282   -0.025892    0.341617    0.290137 -0.00167884   -0.298126   -0.514017   -0.637874     2.39901   -0.557568     -0.3806   -0.459255   -0.524248     2.42322    -1.91848   -0.163884 -0.00210034    0.111398   -0.405181   -0.174986    0.325458
   0.917276  -0.0836974     1.29038    0.552742    0.557012   -0.242401    0.778498    -1.63631     1.23762    0.820335    0.172598 -0.00539917   -0.579476    -1.23534   -0.148406    0.301738    0.336679  -0.0287243   -0.523599   -0.294733   -0.114944     2.48488    0.986625   -0.503733     1.37561    0.713911   -0.155305    0.158539     -2.8666   -0.187602   -0.637435     1.03668   -0.219726        2.55
  0.938552  0.0416901    1.28875   0.176533   0.553223  0.0112868   0.182765   -1.91986   0.414296    1.24171   0.113383  0.0675718  -0.570891   -1.20192  -0.387749   0.527167   0.162364  0.0649971  -0.265729  -0.337692 -0.0515911    2.61962   0.582005  -0.904626    1.14044   0.697383   0.640512    -2.2194  -0.844965  -0.150516  -0.427327  -0.413348   0.648267   0.477386
  0.977775   0.194038    1.48586 -0.0234548    0.21924   0.175366  -0.317899  -0.763526  -0.279277   0.278121   0.308953   0.146208  -0.456332  -0.763895  -0.309686   0.419407    0.19691   0.261799   0.523599 -0.0928383  -0.944372   0.657791   0.593698   -1.07228   0.391649   0.384944  0.0881491   -2.00519  -0.648925  -0.201451  -0.305519   0.147162   0.486359   0.627473
 0.933177 -0.140128    1.4201 0.0547462  0.369099  0.101758  0.153393  -1.00122 -0.047151  0.152019  0.468515 -0.261799 -0.209971  -1.41099 -0.338328  0.891375  0.149832 -0.187939 -0.251519 -0.293613  -2.02044    1.0211 0.0381575 -0.374775  0.369564  0.546643  -0.72264  -1.70338 -0.487667 -0.721533 -0.459297 0.0675138  0.260285  0.354146
  0.91165 -0.147201   1.45655  0.431546  0.437785 -0.063039 0.0647738  -1.61415  0.218578  0.731896  0.439311 -0.261799 -0.481994  -1.30396 -0.228668  0.511224  0.361218 -0.142979 -0.523599 -0.259844  -1.97989    1.0893 0.0900624 -0.414354  0.580097  0.544319 -0.851153  -1.72705   -0.3503 -0.800597 -0.662779  0.228217  0.318789  0.392392
  0.911641  -0.147196    1.45654   0.431556   0.437796 -0.0630536  0.0647703   -1.61418   0.218577   0.731899   0.439331  -0.261799  -0.481968     -1.304  -0.228607   0.511228   0.361244  -0.142939  -0.523599  -0.259801   -1.97993    1.08926  0.0900485  -0.414383   0.580167   0.544327  -0.851279   -1.72706  -0.350339  -0.800529   -0.66284   0.228294   0.318877   0.392284
   1.16409   0.099821    1.47698   -8.33974   -3.84218   -10.1054   0.657605   -1.91986     1.5708   0.765921 -0.0814303   0.252484   -1.60245   -1.17768  -0.790259   0.168626   0.212995   0.158858  -0.422515   0.265676      1.603    1.80232      -2.55   -1.83827   -2.17105   -1.36646      -2.55   -1.11711   -3.02752  -0.615691   -1.96759    -1.4166     1.1182  -0.807582
    1.02179    0.122826     1.49711    0.182865    0.383524  -0.0484223    0.311565    -1.74675    0.732612     1.24685   0.0863974    0.261799   -0.500108   -0.965573   -0.169997    0.357302     0.24035    0.204797   -0.261357   -0.223047    -2.20163    0.603029   0.0642857   -0.312107   -0.562268    0.586399    0.105007   -0.949565    -1.35067    0.260163    -1.02055    -1.22935    0.139314 0.000740756
   0.984646    0.142922     1.56744  -0.0155063    0.475814   -0.090406    0.270372    -1.58748    0.457488    0.823434    0.278862    0.226312    -0.31544    -1.33083  -0.0997711     0.37478    0.474074    0.261799   -0.050157 -0.00407841    -2.12921    0.505689    0.128723   -0.380025   -0.613589     0.50425    0.193956   -0.607312    -1.54446   0.0682641    -1.06265    -1.30101  -0.0185282  -0.0728653
  0.960857  -0.121968    1.59625   0.360133   0.337451  -0.399709   0.455918   -1.12433   0.762322   0.492177   0.319618  -0.102006   0.131061   -1.08788   0.558505  0.0379346   0.656152  0.0249882  -0.523599   -0.26393   0.110348    2.28947     1.5615  -0.361764   0.886861   0.644544  -0.522008   -1.77074  -0.423328    1.55997  -0.158788   -1.81967  -0.277386 -0.0781265
     1.35548  -0.00122826      1.78233 -0.000595782     0.017421    0.0301185    0.0548577    -0.117392   -0.0293313      0.18532   -0.0869682   -0.0576443   -0.0549022    -0.155794   -0.0314119     0.273305    -0.133266    0.0505724 -0.000828284   -0.0245487   0.00309155     0.537416     0.538394     -1.98381     0.118169     0.655286      0.36424   0.00824191    -0.523752    -0.547279     -1.99699    -0.108621     0.662396    -0.364016
