    0.892671   -0.0191674      0.95783   -0.0105976   -0.0353956    0.0267116    0.0788019    -0.458175   -0.0334518     0.741072     -0.24991   -0.0829859   -0.0311674    -0.446869   -0.0289934     0.740588     -0.25764    0.0292569   0.00010873  -0.00163887     0.956914   0.00772743   0.00150577     -1.91999 -0.000490356    -0.524224  -0.00193652     0.960553  -0.00986163  6.40194e-05     -1.91815  0.000557603    -0.523711  0.000680927
   0.915167   0.0213543     0.96157  -0.0219197   0.0593254   0.0590608   0.0297839   -0.512936  -0.0636401    0.680448   -0.229443  -0.0390899  -0.0806741   -0.456369  -0.0691577    0.624317   -0.223264   0.0720977  -0.0648068    0.144987    0.768481 0.000643981    0.253584    -2.07158    0.267234   -0.399918    0.125431    0.466782   -0.134016   -0.717122    -1.76376   -0.319334   -0.125023   -0.174704
    1.00587 0.000282499    0.964732   -0.002147    0.133558   0.0140196   0.0548084   -0.396254 -0.00692961    0.549729   -0.287576  -0.0557914  -0.0592541   -0.389727   -0.022605    0.548111    -0.29093   0.0532945 -0.00158256  -0.0144841    0.539921 1.38778e-17    0.515477    -2.12074    0.296141  -0.0481725   -0.024784     0.53824           0   -0.514061    -2.11139   -0.265108  -0.0561514  -0.0123262
     1.00598  0.000290493     0.964719  -0.00214762     0.133677      0.01402    0.0547999    -0.396252  -0.00693013     0.549739    -0.287692   -0.0557815   -0.0592625    -0.389718   -0.0226049     0.548109     -0.29104    0.0533062  -0.00159277   -0.0144791     0.540445 -1.38778e-16     0.515339     -2.12112     0.296167   -0.0483685   -0.0245793     0.538773 -1.38778e-17    -0.513973     -2.11173    -0.265178   -0.0563761   -0.0125341
   0.97733  0.0241461    0.97094 -0.0070087  0.0140677  0.0439364  0.0243146  -0.313646 -0.0457168   0.584787   -0.28653 -0.0313403 -0.0840445  -0.263736 -0.0465404   0.528199  -0.275008  0.0788741  -0.191734   0.024753   0.274549          0   0.411322   -2.06897 -0.0326846   0.247665 -0.0539119   0.349816  -0.518743  -0.734401   -1.88379  -0.336991   0.330639  -0.501138
   0.977317    0.024147    0.970942 -0.00700849    0.014049   0.0439336   0.0243129   -0.313645  -0.0457169    0.584797   -0.286521  -0.0313396  -0.0840456   -0.263734  -0.0465383    0.528204   -0.274996   0.0788745   -0.191738   0.0247478     0.27451           0    0.411339    -2.06892  -0.0326953    0.247682  -0.0538949    0.349749   -0.518764   -0.734387    -1.88375    -0.33692    0.330677    -0.50109
   0.875149   -0.090293    0.961825   0.0465361   0.0250802   0.0110076    0.109233   -0.349607 -0.00876635    0.391407  -0.0679018   -0.158661 -0.00252208   -0.524774  -0.0127091    0.699608   -0.199872  -0.0503068   -0.228885   0.0706656   -0.471063    0.723042    0.401562    -1.54949    0.319257    0.674237  -0.0291823   -0.200014   -0.454323   -0.581491    -1.69978  -0.0616837    0.527148    -0.38736
   0.87515 -0.0902948   0.961835  0.0465971  0.0250834   0.011007   0.109202  -0.349609 -0.0087435   0.391416 -0.0679058  -0.158587 -0.0025631  -0.524762 -0.0126884   0.699588  -0.199862 -0.0502677   -0.22893   0.070656  -0.471003   0.723089   0.401556   -1.54952   0.319312   0.674207 -0.0291931  -0.200043  -0.454276  -0.581489   -1.69978 -0.0616486    0.52713  -0.387349
    0.88708  -0.0536412     1.01064    -0.47114   0.0070786    0.123067    0.607829   -0.361691   -0.101084    0.312802  -0.0288138   -0.169065    0.360733    -1.01854   -0.197006     1.25643   -0.297339  -0.0548568     0.29778 -0.00991886   -0.387999    0.586871    0.395131    -1.62802    0.204691    0.598574   0.0102605  -0.0651481    -0.40987   -0.642163    -1.69424   -0.121836    0.374868   -0.348512
  0.874316 -0.0702207    1.00594  -0.490098  0.0233248    0.13834   0.648194  -0.377769 -0.0998544   0.252521  0.0214853  -0.191665   0.387685     -1.056  -0.212261    1.23961   -0.26847 -0.0797789   0.309962 -0.0320266  -0.386107   0.675189   0.398886   -1.61543   0.247917   0.599369  0.0378165  -0.144403  -0.400685  -0.618446    -1.6906 -0.0817072     0.4046  -0.346031
    0.8052  -0.143168   0.942611  -0.389367   0.267664   0.162321    0.65037  -0.714734  0.0390748   0.224465   0.179996  -0.261799   0.511121   -1.51684 -0.0183826    1.32843  -0.123636  -0.161886  -0.350493 -0.0370245   0.478923    3.13288  0.0652942   -1.18915   -2.36596  -0.407709   -1.55189   0.737897   -1.91817   0.189234  -0.676734    1.25455   0.564847    1.76284
 0.768101 0.0512072  0.852268  -2.47911   2.35022   27.3337  0.555896  -1.30939   1.13309   0.17574  0.151545  0.169693  -1.65306  -1.91986  -1.15322         0  0.597718 0.0790997 -0.307921 -0.112471     1.603  0.606909     -2.55  -1.87326  -1.81832  -1.36141     -2.55 -0.482974  -3.41906   0.78322 -0.641619  -1.20435 -0.630819     -2.55
  0.759443 -0.0492251   0.909027  -0.440661   0.121371   0.605692   0.341937  -0.796955  -0.558505          0   0.380658  -0.261799  -0.850799   -1.17067   -1.57067     1.3678  -0.279149  -0.217586   0.523599   -0.65471  -0.116922    2.71906  -0.788792  -0.908863    1.18288  -0.241648     1.6716   0.817641   -2.97401       2.55  0.0902753   0.990993   0.312541  -0.278312
  0.759178 -0.0493266   0.908965  -0.439712   0.121344   0.605278   0.341086  -0.796539  -0.558505          0   0.380906  -0.261799  -0.851739   -1.17063    -1.5708    1.36804  -0.278755  -0.217816   0.523599  -0.652078  -0.114986    2.71325  -0.780622  -0.902908    1.16752  -0.240471    1.68245   0.817612   -2.97408       2.55  0.0884059    0.99271    0.31453    -0.2776
 0.720778 -0.117832  0.980853 -0.233314  0.528652  0.260805  0.435271   -1.2149 0.0133413 0.0211605  0.609823 -0.261799 -0.214869  -1.53347 -0.598953  0.724599  0.231787 -0.215068 -0.222985  -0.54841  -2.42194  0.563846  0.188193 -0.340547 -0.631318  0.692975 -0.473106  -1.64816  -1.01017  0.530169 -0.550204  -1.28661  0.185141 0.0188715
  0.71346  0.166566  0.989106  0.323732  0.496061 -0.199116 -0.516447  -1.12363 -0.101311 0.0878345  0.508057  0.163748 -0.949088  -1.35498 -0.448193  0.436524  0.415305  0.261799 0.0825902  0.503948  -1.94079  0.555544  0.549802 -0.151085  0.674163  0.157033 -0.735841  -2.60649 -0.905561  0.682005 -0.427852 -0.203673  0.801917  0.506554
  0.816849  -0.108385   0.962682  -0.893862   0.391621    0.83426    1.57205   -1.69111   0.564029   0.383337   0.390042  -0.261799  -0.336585   -1.50509   -1.34831   0.714599 -0.0575009  -0.261799   0.463781  -0.437506   -2.42274   0.310324  -0.140093   -1.16061  -0.221114     1.3521  -0.408599   -3.19395  -0.938484   0.396095  -0.200625  -0.225645   0.854127   0.258811
  0.810705    -0.1148   0.969327  -0.827352   0.454861    0.76246    1.41333   -1.65218   0.492915   0.387649   0.391955  -0.261799  -0.230848   -1.52885   -1.15294   0.688487 0.00234847  -0.261799   0.374288  -0.370821   -2.38066    0.34344  -0.118246    -1.1552  -0.182524    1.31157  -0.404361   -3.16173  -0.938073   0.390612  -0.204163  -0.204442   0.835823   0.251696
  0.786847 -0.0842075    1.09748  -0.328389   0.354084   0.123118   0.556751  -0.908719  0.0998847   0.154517     0.3876  -0.183072  -0.246267   -1.67354  -0.748906    1.12287   0.155568  -0.206671   0.127469   0.225735    -1.5681   0.645852 -0.0376659  -0.751255   0.392133   0.444226  -0.273011   -2.19761   -1.19165   0.249164  -0.391446  -0.392965   0.565895   0.272504
   0.88162 -0.0878704    1.15949   -0.37272 -0.0680228   0.441908   0.450514  -0.529273   -0.45701   0.116773    0.23862  -0.261799  -0.291524   -1.08957  -0.997824    1.35588  -0.266537  -0.220437   0.411794  -0.313783  -0.714013     1.0116 -0.0288181  -0.864397     1.2081   0.141794   -0.41235   -1.50866  -0.836637 -0.0018408   -0.49387 -0.0214052   0.441597  -0.156591
  0.749648 -0.0432059    1.15144   0.733254   0.357869  -0.547386 -0.0900729   -1.22654   0.617316   0.181746   0.487456 -0.0155071  -0.307304   -1.45006   0.558505   0.129038   0.698132   0.209421  -0.523599   0.577263   -1.28118    1.03093  -0.320474  -0.988523   0.388849   0.121224   0.668951   -2.60749  -0.748822    0.78409   -0.26616 -0.0804064   0.624291  0.0743662
 0.756315  0.039923   1.16479  0.606682  0.361708 -0.443753 -0.185344   -1.2902  0.475944  0.333229  0.435037 0.0849587 -0.545425    -1.437  0.252553   0.24472  0.632627  0.261799 -0.413338  0.594943  -1.33845  0.636348 -0.147757 -0.850506  0.069804  0.152114  0.585266  -2.64913 -0.960498  0.673656 -0.248466 -0.229896  0.592961    0.4069
  1.07724  0.111261   1.25847  0.893272  0.730877  -1.29059  0.354459  -1.30085   1.13638 0.0772503 0.0206892  0.237985  -1.43813  -1.91986 -0.695734         0  0.485086  0.261799 0.0202028  0.765521 -0.832348         0      2.55    -2.492    1.7982     1.478 -0.487866 -0.693861  -3.40854 -0.610544  -1.63393  -1.49815  0.722568 -0.996268
   0.778981   -0.146464     1.21946   -0.234046    0.335147   0.0851555     0.63873    -1.12564    0.189117     0.32913    0.467438   -0.261799    0.161755    -1.83448   -0.316169     1.09778    0.388099   -0.261799 -0.00635145    0.065263    -1.30009     1.06664   -0.371545   -0.741261     0.97727    0.188725   -0.380134    -1.80243    -0.96699    0.118975   -0.172265   -0.673959    0.147174    0.315856
  0.827024  0.0782403    1.24029 -0.0900896   0.426512  -0.132098    0.49268   -1.34344   0.539276   0.737267   0.206805   0.128491  -0.398999   -1.87485  -0.349558    1.05471   0.368765   0.160364 -0.0327697   0.258163   0.633922    3.12149  -0.288657  -0.657043   0.780898   0.147302    2.39485  -0.015414   -2.35722   0.652043  -0.872957   -1.88634  -0.375431  -0.836747
  1.00117 -0.170409   1.28341  0.438972  0.191266 -0.202835 -0.110216 -0.558023  0.187035  0.223028  0.113844 -0.227636 -0.655179  -1.91986 -0.504725   1.78273 -0.127201 -0.261799 -0.281206  0.175177 -0.295161   1.89279 -0.752407  -1.07982    1.7046 -0.488377  0.522246  -1.03075 -0.197162 -0.277666  -1.68048  0.468934  0.929402 0.0156188
 0.947218 -0.187808   1.35967  0.807108  0.367752 -0.382728 -0.263647  -1.02787  0.287098  0.160276  0.380624 -0.261799 -0.936759  -1.87969 -0.382133   1.18504  0.160619 -0.193769 -0.523599  0.206353  -0.31462   1.88651 -0.735684  -1.02082   1.72489 -0.712861  0.620119   -1.1368 -0.186381 -0.132584  -1.83831  0.603048   0.96144 0.0896537
 0.947208   -0.1878   1.35967  0.807136  0.367732 -0.382732 -0.263689  -1.02789  0.287091  0.160304  0.380627 -0.261799  -0.93681  -1.87971 -0.382125   1.18506  0.160646 -0.193737 -0.523599  0.206384 -0.314711   1.88641 -0.735648  -1.02079   1.72497 -0.712801   0.61992  -1.13681 -0.186416 -0.132576  -1.83826  0.603073  0.961404 0.0896669
   1.02909  -0.185901    1.39374   0.799175   0.374531  -0.357216   -0.34047  -0.903193    0.20317   0.138094   0.277759  -0.261799  -0.965168   -1.80014   -0.41098    1.30094 -0.0234507  -0.190377  -0.523599   0.165625  -0.193605    2.27411  -0.875978  -0.887542    1.66393  -0.686551    1.19534  -0.876221  -0.111296 -0.0686488   -2.17232   0.646342    1.03908  0.0960701
   0.925745   -0.143466     1.36486    0.656735    0.446316   -0.363802   -0.013338    -1.26361    0.439494    0.424524    0.312051   -0.175437   -0.988763    -1.81386   -0.569389    0.965536    0.256832   -0.177493   -0.486432 -0.00408764   -0.112178     2.57673   -0.992185   -0.641755     1.46514   -0.538805     1.65455    -1.19434   -0.257888   -0.161917    -1.80674    0.344182    0.914205  0.00866642
  0.916925  0.0694984    1.41681   0.150391   0.394952 -0.0691452  -0.186562       -1.3 -0.0139652   0.613584   0.285838  0.0372924  -0.495651   -1.38675  -0.234462   0.725062   0.268249   0.137083  -0.017436   0.101637   -2.16735   0.763054  -0.416767      0.298   -0.82365  -0.193812    1.20636   -1.88157   -1.05992   0.359689  -0.637619  -0.523354   0.550801   0.226324
   0.940679   -0.152385     1.37727    0.442556    0.511039    -0.16991 -0.00494809    -1.23864    0.192739    0.350191    0.361347   -0.227763   -0.354901    -1.76212  -0.0935989     1.04843    0.177122   -0.139908   -0.236756   -0.137663   -0.911064     2.02981   -0.146127   -0.671743   -0.858713   -0.449074     2.42062    0.431295    -3.08805    -0.50498   -0.682345    -1.10951    0.514466    -1.29214
  0.972096   0.227043    1.46016   -0.20752   0.334998   0.392354  -0.358841  -0.823601  -0.558505   0.125091    0.41847   0.137381  -0.522655  -0.803396  -0.610851   0.405345    0.18366   0.261799    0.46738  -0.478618    -2.4498    0.90864  -0.250423  -0.360269 -0.0382631   0.637877   0.057658    0.39081    -2.7104 0.00318071  -0.538957  -0.792939  -0.238981   -1.73754
  1.03916 0.0289953   1.50504  0.060862  0.167154 -0.433957  0.407693 -0.872091  0.667691  0.917636 -0.152624 0.0650325  0.156019 -0.795991  0.558505  0.429597  0.176212  0.187404 -0.357979 0.0711299   0.65953   2.72146  0.960435 -0.151071    1.3074  0.557028  0.132752   -1.3147  -1.08402   1.07111 -0.584573 -0.918662 -0.243276 -0.785533
  0.958049   0.156462    1.45422  -0.317729   0.647994  -0.029879   0.435514   -1.24985   0.348242   0.187078   0.440033   0.188085  -0.313603   -1.75009   -0.36363   0.652167   0.440506   0.261799   0.523599 -0.0272529  -0.213703    2.38261   0.638897  -0.535998    1.34984   0.589154   0.267133   -2.21576  -0.832621    1.00857  -0.576376   -1.01024   0.420913   0.159565
   1.04566  -0.016608    1.54939  -0.469887   0.202301   0.224756   0.513696  -0.864167  -0.109003   0.372445   0.201626  -0.139387 -0.0658285   -1.41506   -0.60836    1.17096 -0.0166692 -0.0770198   0.302986  -0.285789   -1.94083   0.838489   0.116326  -0.397741 -0.0662842   0.533022   -0.31279  -0.776205  -0.733361  -0.235369   -1.16627  -0.330822   0.299578   -0.24084
  0.943462 -0.0273784    1.55553  -0.190635   0.495168   0.197185   0.166261    -1.4066  -0.143551   0.268341   0.610446  -0.160887    -0.4291   -1.48681   -0.68793   0.571811   0.406416  -0.102117   0.145535  -0.585688   -2.81828    1.08931  -0.471443  -0.304565   0.106387   0.659291  -0.577687    1.13639   -3.02543  -0.894538  -0.148803    -1.9989  -0.167608  -0.403118
     1.0344    0.204647     1.67898   -0.191949 -0.00923115    0.379374   -0.328104   -0.798877   -0.558505    0.676557    0.178899    0.105683    -0.29768   -0.507306   -0.435785    0.415557    0.171382    0.261799    0.523599   -0.478688    -1.58058    0.971698    -1.60057   -0.103331     1.41484  -0.0654797    0.616702    -1.51575   -0.910463     2.45174   0.0747955    -1.16953     -0.3868    -1.20755
     1.35548  -0.00122826      1.78233 -0.000595782     0.017421    0.0301185    0.0548577    -0.117392   -0.0293313      0.18532   -0.0869682   -0.0576443   -0.0549022    -0.155794   -0.0314119     0.273305    -0.133266    0.0505724 -0.000828284   -0.0245487   0.00309155     0.537416     0.538394     -1.98381     0.118169     0.655286      0.36424   0.00824191    -0.523752    -0.547279     -1.99699    -0.108621     0.662396    -0.364016
