    0.892671   -0.0191674      0.95783   -0.0105976   -0.0353956    0.0267116    0.0788019    -0.458175   -0.0334518     0.741072     -0.24991   -0.0829859   -0.0311674    -0.446869   -0.0289934     0.740588     -0.25764    0.0292569   0.00010873  -0.00163887     0.956914   0.00772743   0.00150577     -1.91999 -0.000490356    -0.524224  -0.00193652     0.960553  -0.00986163  6.40194e-05     -1.91815  0.000557603    -0.523711  0.000680927
     0.9514  -0.0665274    0.960621   -0.025218    0.104296 -0.00905927    0.169935   -0.464492    0.028242    0.613928   -0.250843   -0.132828    0.055065   -0.469125   0.0156715    0.613699    -0.24824  -0.0229858    -0.24482   0.0157188     0.77055 0.000715535    0.250844    -2.06994    0.264346   -0.401255    0.124076    0.304847           0    -0.46534    -1.74831   -0.364994   -0.196174  -0.0468264
    1.00546  -0.0260168    0.966305 -0.00436296    0.117767  -0.0242398   0.0991373   -0.354293     0.03654    0.524759   -0.285448  -0.0825941  -0.0136954   -0.371702   0.0231214     0.53756   -0.284001   0.0266376   -0.051269  -0.0549658     0.63193  0.00113378     0.61544      -2.168     0.31632   -0.038379  0.00132796    0.439003           0   -0.411455    -2.01319   -0.280623  -0.0712528   0.0416559
     1.00558   -0.0260561     0.966292  -0.00437064     0.117892   -0.0242266    0.0991919    -0.354278    0.0365427     0.524748    -0.285567   -0.0826422   -0.0136418    -0.371703    0.0231226     0.537586    -0.284141    0.0265892   -0.0512767   -0.0549697     0.632547   0.00116707     0.615388     -2.16835     0.316424   -0.0386608   0.00161593     0.439517 -1.38778e-17    -0.411256     -2.01367    -0.280598   -0.0713954    0.0415124
   0.989854  -0.0555465    0.971305  -0.0183378 -0.00735498   0.0253779    0.135417   -0.232732  -0.0269716    0.518773   -0.282219   -0.123215   0.0256664   -0.230151   -0.026352    0.532213   -0.295391  -0.0133115   -0.229236  0.00350086    0.453674    0.193251    0.550691    -2.15237    0.114503    0.288409   0.0409962    0.154267   -0.340411   -0.615453    -1.98303   -0.173321    0.474852   -0.459644
   0.989829  -0.0555514     0.97131  -0.0183385 -0.00739984   0.0253978    0.135422   -0.232722  -0.0269879    0.518781   -0.282194   -0.123221   0.0256725   -0.230135  -0.0263634    0.532225   -0.295374  -0.0133184   -0.229234  0.00353242    0.453487    0.193267    0.550715    -2.15225    0.114439    0.288488   0.0409968     0.15423   -0.340505    -0.61541    -1.98295   -0.173315    0.474889   -0.459611
   0.971374  -0.0725715     0.97546  -0.0189013  -0.0944545 -0.00827404    0.157932    -0.10781 -0.00691776    0.459596   -0.257171   -0.140456   0.0499355   -0.139723  0.00356117    0.511533   -0.277015  -0.0307408  -0.0283687  -0.0120927    0.165486    0.681232    0.616863     -1.8266    0.318448    0.560637    0.320796   -0.134601   -0.318008   -0.422359    -1.86675   0.0437107    0.657447   -0.317425
   0.971368  -0.0725788    0.975472  -0.0189155  -0.0944677 -0.00826147    0.157952   -0.107806 -0.00693911    0.459597   -0.257165    -0.14047   0.0499563   -0.139715  0.00353963    0.511537   -0.277015  -0.0307487  -0.0283979  -0.0120728    0.165343    0.681129    0.616859     -1.8266    0.318305    0.560646    0.320785   -0.134547   -0.318078   -0.422336    -1.86676   0.0436229    0.657429   -0.317416
  0.990108 -0.0758928   0.974826 -0.0164828   -0.11213  0.0445555   0.158985 -0.0724196 -0.0624871   0.450075  -0.274094  -0.147697  0.0502256 -0.0726525 -0.0507294   0.483672  -0.301315 -0.0376435  -0.123454  0.0633321 -0.0621224   0.696958   0.411709   -1.83829   0.248056   0.703483    0.25722  -0.342245  -0.918675  -0.440972   -1.55818   -0.30299   0.838965    -0.4977
  0.874745 -0.0802563   0.947857 -0.0841117   0.104097   -0.10265   0.315639   -0.62771   0.152404   0.792686  -0.237915  -0.141033   0.182791  -0.555262   0.133683   0.592818  -0.125461 -0.0278086 -0.0989953   0.200578  -0.508979   0.773884   0.355787   -1.74624   0.248633   0.807482    0.11243  -0.760363   -1.00963  -0.475722    -1.3719  -0.374848   0.835932  -0.237677
  0.851115  -0.105371   0.990825   0.316216  0.0591058  -0.187815   0.183472   -1.12191   0.408971    1.33941  -0.277839  -0.130046  -0.200484  -0.539617   0.189626   0.466334 -0.0301942 -0.0210026  -0.523599   0.252243  -0.482769    0.81472   0.348595   -1.63656    0.29672    0.65605  0.0867329  -0.708184   -0.98454  -0.434438   -1.37784  -0.302877   0.744706  -0.357654
  0.825801 -0.0987743    0.98506   0.328494  0.0854232  -0.225754   0.260256   -1.16257   0.526318    1.31024  -0.231539  -0.102772  -0.202519  -0.578194   0.224035   0.387887  0.0490637 -0.0067698  -0.523599   0.289133  -0.588178   0.835785   0.280439   -1.57363   0.282721   0.632576   0.115025  -0.751346   -1.12272  -0.335963   -1.32244  -0.347689   0.716106   -0.43337
  0.75202 0.0844345  0.894096  0.138277  0.553858 0.0204055  0.266603  -1.90966  0.546177   1.24651 0.0878249  0.156954 -0.524445  -1.07634   -0.3362  0.352963  0.213435  0.125013  0.250007   0.51667  -2.16148  0.877558   -1.3323 -0.147204 -0.526124 -0.366359   2.35107 0.0229141   -2.9053  -0.67025 -0.409929  -1.31036   0.87145 0.0583186
    0.702597    0.0108288     0.876994     0.200545     0.651255    0.0609957     0.425968     -1.91986     0.659344     0.954185      0.27339    0.0505839    -0.695688     -1.22521     -0.56107     0.365576      0.27779 -5.31159e-05   -0.0908487   -0.0410221     -2.52756       0.8505    -0.430801     -0.47608     0.463755     0.720826    -0.168239    0.0964023     -2.74311      -1.1088    -0.331565     -1.35391     0.675446   0.00269745
  0.847329   -0.15919   0.943268     0.3132   0.511258 -0.0215029   0.115683   -1.59506   0.160526    1.15283 -0.0695979  -0.261799  -0.251545  -0.965174  -0.115989   0.389595  0.0710499  -0.134386  -0.523599   0.203901   -2.10362   0.718875  -0.479019  -0.770033   0.613823   0.764379  -0.146893  -0.125197   -2.56213   -1.12545   -0.15378   -1.18325   0.805623   0.102485
  0.903395  -0.144553   0.964871   0.152521   0.314912  0.0264905    0.16112   -1.44713   0.057694    1.40456  -0.272996  -0.261799  -0.068744  -0.678977 -0.0497877   0.432691 -0.0666963  -0.113114  -0.523599    0.24814   -1.92545   0.535911  -0.463059  -0.726915    0.37271    0.76272 -0.0847147  -0.930503   -1.86671  -0.476198  -0.875066   -0.90153   0.906673  -0.129341
  0.821431   0.140926    1.11168  -0.224626    0.21469   0.454404  -0.179892  -0.742388  -0.558505   0.219161   0.299554  0.0175656  -0.260808   -0.59777  -0.542043   0.283934   0.144376    0.16349   0.427491   0.256181   -1.58205   0.156239  0.0622506  -0.358891  0.0487212 -0.0162091   0.260535  -0.329674   -2.40233   -0.61403   -0.31746   -1.36525   0.736597   0.513842
  0.792374 -0.0160833    1.07268  0.0682993   0.422244  -0.106809   0.186115   -1.14247   0.231307   0.528649   0.199372 -0.0411463 -0.0500171   -0.88545   0.085435          0   0.455669  0.0588777  -0.245429   0.542598   -1.84058   0.314489  -0.252236  -0.460489   0.155269   0.284505  0.0900325  -0.547173    -2.2383  -0.577272  -0.353433   -1.47006   0.663908   0.407965
   0.840128  -0.0560826     1.03408     18.1024    0.760822    -17.8643     1.27251    -1.91986    0.679991 3.46945e-18    0.698132   -0.157847   -0.533157     -1.3597    -1.17414    0.144766      0.1929   -0.182363    0.499739    -1.00808    -1.12749     3.16023    0.780957    -1.19053     1.42787     1.26763    0.121463   -0.786471    -2.71203   -0.497928    -1.00746     1.16653   -0.451682        2.55
  0.810525  0.0816076    1.10953     0.4742    0.35025  -0.198362  -0.184556   -1.65656   0.388113     1.1479   0.103064   0.138948  -0.699315  -0.950731 -0.0933936    0.21375   0.342071   0.195036   -0.46342   0.468287   -1.45602   0.176616   0.174284  -0.876468  -0.123479   0.365955  0.0768749  -0.179222   -2.31979  -0.432164 -0.0556074    1.01051  -0.656275   -2.35539
  0.756771  0.0736616    1.17415   0.193402   0.476343  -0.145271  -0.169406   -1.14067  0.0619752          0   0.645629  0.0611082  -0.427177   -1.26108  -0.101544   0.132863   0.634195   0.180101 -0.0833233   0.518866   -1.52673   0.291692   0.228774  -0.547599   0.769259  0.0551344  -0.704728  0.0422262   -2.30813   -1.15598  -0.275688    -1.3063   0.556665   0.505297
    0.764904    0.0994223      1.18023     0.113092      0.47971   -0.0720538    -0.202735      -1.1257   -0.0379544 -2.27682e-18     0.641539    0.0770174    -0.445227     -1.19008    -0.188315    0.0947445      0.62137     0.191614    0.0271257     0.498421     -1.47674     0.233728     0.302956    -0.600448     0.665987    0.0519892    -0.642397    0.0420682      -2.3134     -1.17907    -0.273998     -1.28357     0.575461     0.545473
  0.76305  0.014692   1.13604 -0.678309  0.447691  0.568337  0.244101  -1.50507 -0.558505  0.109703  0.698132 -0.243298 -0.524961  -1.43618  -1.22125  0.550035  0.275911 -0.101814  0.523599 -0.339258  -2.61696  0.666527 -0.385429 -0.369315 0.0145481  0.690125 -0.175121  -2.56094 -0.653841 -0.808417 -0.288026  0.427571  0.535971  0.591169
  0.766402  0.0205667    1.12534  -0.741588   0.485326   0.602228     0.2682   -1.58043  -0.558505   0.126721   0.698132  -0.240648  -0.587488   -1.47552   -1.31136   0.519837   0.276808 -0.0984268   0.523599  -0.415853  0.0822871    2.88631   0.927663  -0.256128    1.41351   0.649306 0.00692678   -2.61362  -0.663683  -0.897898  -0.264528   0.390137   0.549831   0.631789
  0.884284 -0.0177701    1.25273  -0.600489   0.219454   0.632865    0.36942   -1.07583  -0.558505          0   0.520189  -0.261799   0.041848   -1.02139  -0.743813    0.45274   0.123541 -0.0717199   0.523599  -0.053054   -1.64686   0.630728  -0.193756   -1.05573    0.26808   0.630752   0.116398   -2.88269  -0.838387   -0.52947  -0.286286   0.850658   0.709105   0.521806
  0.884284 -0.0177734    1.25273  -0.600465   0.219436   0.632849   0.369416    -1.0758  -0.558505          0   0.520183  -0.261799  0.0418787   -1.02136  -0.743763   0.452725   0.123557 -0.0717045   0.523599 -0.0530732   -1.64679   0.630765  -0.193737   -1.05574   0.268087   0.630714   0.116397   -2.88269  -0.838388  -0.529506   -0.28623   0.850499   0.709106   0.521891
   0.889346  -0.0632137     1.27485    -0.12013    0.571254    0.344324      1.0842    -1.87224    0.951523    0.745442    0.387662  -0.0584866   -0.290949    -1.13307   -0.528857    0.265608     0.29546   -0.107855   -0.334902  -0.0538773    -1.96559    0.319888   -0.364994   -0.518639   0.0128999     0.49364   0.0219102   -0.356639    -2.12056   -0.461869 -0.00131713    0.829978   -0.656549    -2.34976
  0.962146   0.145768    1.28869 -0.0695042   0.458739   0.111697   0.397011   -1.91986   0.601265     1.3922   0.038372   0.261799  -0.329585   -0.88864  -0.269342   0.249129   0.215211   0.199806  -0.050521    0.24459   -1.37239   0.286136  -0.242228   -1.45343  -0.321742   0.898047   0.445652  -0.593194   -2.27863  -0.293862  -0.167601    1.02708  -0.785071    -2.3079
   0.922207    0.233661     1.40843   -0.260772    0.446553    0.350711   -0.374709   -0.974541   -0.558505 6.93889e-18    0.569159    0.152243   -0.627687     -1.0125   -0.706633     0.39423      0.2869    0.261799    0.368489    0.265699    -1.23006           0   0.0414828    -1.24218   -0.663996    0.421775    0.699126   -0.413695    -2.24138    -1.28778   -0.452105    -1.04878    0.858802    0.750635
 0.922222  0.233652   1.40843  -0.26079  0.446635  0.350706 -0.374716  -0.97462 -0.558505         0  0.569153  0.152234 -0.627724   -1.0126 -0.706654  0.394254  0.286894  0.261799  0.368388  0.265659  -1.22996         0 0.0413423  -1.24249 -0.664322  0.421973  0.699315 -0.413852  -2.24133   -1.2878 -0.452096  -1.04893  0.858984  0.750729
  0.914214   0.233778    1.41405  -0.229438   0.383499   0.364608  -0.381127  -0.900789  -0.558505          0   0.570255   0.153731  -0.666387  -0.982397  -0.723973   0.499005   0.236459   0.261799   0.523599   0.183915   -2.14827   0.425944  -0.124044   0.128986   0.480625 -0.0419107 0.00164099   -2.85679  -0.762151  -0.602873  -0.302865   0.852632   0.752813   0.943516
  0.868272  0.0147859    1.35705   0.518367   0.521833  -0.365738  -0.192765   -1.31521   0.276687   0.166706   0.533814  0.0188758  -0.685716   -1.61586  -0.137795   0.445147   0.542979    0.12638  -0.407865  0.0819625   -2.23432   0.873525  -0.172452  -0.710394   0.235219   0.733172  -0.167149   -2.61371   -0.66617  -0.450896 -0.0380365   0.539966   0.408654   0.319692
 0.915261  0.138935   1.43374  0.164666  0.472993 -0.343817 0.0263623  -1.11946  0.385837   0.13798  0.455284  0.195897 -0.926225  -1.81729 -0.559451  0.664123   0.55299  0.261799 -0.199028  0.202715  -1.74639  0.782881 -0.337092  -1.16182 -0.108467    0.8881  0.397194  -2.36837  -1.13411  0.474677 0.0413838   1.56283 -0.496412  -1.78726
 0.915252   0.13893   1.43374  0.164653  0.472996 -0.343801 0.0263737  -1.11947  0.385839  0.137981  0.455313  0.195889 -0.926252  -1.81731 -0.559487  0.664134  0.553012  0.261799 -0.199002  0.202707   -1.7464  0.782907 -0.337095  -1.16176 -0.108419  0.888072  0.397169  -2.36838  -1.13408  0.474659 0.0413625   1.56284 -0.496419  -1.78717
  0.987216    0.18873    1.47159  0.0175128   0.479239  -0.234804 -0.0121241   -1.03154   0.234535   0.178071     0.3485   0.222707   -1.05517    -1.7092  -0.811533   0.813767   0.331734   0.261799   0.147023 -0.0170042   -2.22643   0.999888   -0.37263  -0.692527  0.0404799   0.817674   0.143068   -2.19267  -0.795576    0.45316   0.137023    1.33485    -0.4238   -1.56895
  0.972309  0.0062295     1.4989  -0.576471   0.398715   0.213627    0.71674   -1.02848   0.129846   0.148298   0.439072 -0.0873934   0.523599   -1.64825  0.0686989    0.96996     0.2286  0.0792676   0.523599  -0.432024 -0.0391892    2.35505   0.853797  -0.337445    1.34114   0.590084  -0.211583   -1.70027  -0.307118  -0.524236  -0.486285  -0.591318   0.263445   0.905561
  1.03635  0.105904   1.48817   5.35175  0.587239   -5.8467   1.11635  -1.31712  0.439262  0.291921  0.339109 0.0683514  0.063072  -1.69341 -0.583961   0.76862  0.191293  0.128797  0.523599 -0.185261  0.298661   3.14365   1.65405 -0.364089  0.457394  0.953471  0.277575  -2.67397  -1.00617 -0.804595 -0.229531 0.0033042  0.768446  0.865534
    1.00082   0.0273884     1.48627     11.8741    0.553528     -12.274    0.919096    -1.20766     0.33662    0.220199    0.397367  -0.0313507    -0.12293    -1.73531    -0.71889    0.859192    0.225453    -0.01468    0.494834 -0.00758303    0.383151     3.19635    -1.84747   -0.381453    -1.56482    0.589491    -0.34507    -2.61213   -0.823257   -0.056267    -0.22093   -0.159526    0.614518    0.475196
     1.35548  -0.00122826      1.78233 -0.000595782     0.017421    0.0301185    0.0548577    -0.117392   -0.0293313      0.18532   -0.0869682   -0.0576443   -0.0549022    -0.155794   -0.0314119     0.273305    -0.133266    0.0505724 -0.000828284   -0.0245487   0.00309155     0.537416     0.538394     -1.98381     0.118169     0.655286      0.36424   0.00824191    -0.523752    -0.547279     -1.99699    -0.108621     0.662396    -0.364016
