    0.892671   -0.0191674      0.95783   -0.0105976   -0.0353956    0.0267116    0.0788019    -0.458175   -0.0334518     0.741072     -0.24991   -0.0829859   -0.0311674    -0.446869   -0.0289934     0.740588     -0.25764    0.0292569   0.00010873  -0.00163887     0.956914   0.00772743   0.00150577     -1.91999 -0.000490356    -0.524224  -0.00193652     0.960553  -0.00986163  6.40194e-05     -1.91815  0.000557603    -0.523711  0.000680927
   0.927553   -0.110074    0.957341  -0.0337914   0.0888276  -0.0360366    0.241479   -0.455352   0.0602422    0.596264   -0.219272   -0.181662    0.127985   -0.478745   0.0507564    0.609039   -0.214322  -0.0710734   -0.380822   0.0412592    0.762078 0.000422516    0.262065    -2.07666    0.276171   -0.395782    0.129626    0.196859           0   -0.422316    -1.60845    -0.50319   -0.255425  0.00185959
   0.922621  -0.0657238    0.968883 -0.00892419   0.0596035  -0.0351514    0.153656   -0.373077   0.0460388     0.49452   -0.175299   -0.128006   0.0435824   -0.415334   0.0401075    0.542553     -0.1855  -0.0184644  -0.0486484   -0.036718    0.239614           0    0.590181    -1.94212    0.158584    0.114098  -0.0792071    0.106095           0   -0.442239     -1.7345   -0.157507  0.00839784   0.0540595
  0.922801 -0.0657716   0.968887 -0.0089273   0.059663 -0.0351554   0.153711  -0.372903  0.0460446   0.494517  -0.175515  -0.128059  0.0436421  -0.415187  0.0401208   0.542595  -0.185736 -0.0185168   -0.04863  -0.036793   0.240444          0   0.590108   -1.94276   0.158944   0.114026  -0.079013   0.106726          0  -0.441816   -1.73515  -0.157682 0.00841411  0.0539879
  0.966929  -0.138578   0.963836 -0.0327392 -0.0523984  0.0270055   0.247138  -0.192999 -0.0401826   0.482005  -0.244917  -0.222217   0.136788  -0.231366 -0.0352976    0.56988   -0.29038   -0.11223  -0.206748 0.00807383   0.339708    0.19522   0.512689   -2.04831  0.0727502   0.326391  0.0260363  -0.114149  -0.198032  -0.514114   -1.92174  0.0410535   0.608213  -0.391198
  0.966914  -0.138576    0.96384 -0.0327401 -0.0524289  0.0270287   0.247135  -0.192993 -0.0402049   0.482009  -0.244902  -0.222216   0.136785  -0.231347  -0.035317   0.569878  -0.290369  -0.112229  -0.206777 0.00811531    0.33954   0.195196   0.512687   -2.04826   0.072673   0.326457  0.0260157  -0.114087  -0.198159  -0.514099   -1.92173  0.0409536   0.608201  -0.391194
  0.881595 -0.0342547     1.0044  -0.428921  0.0927729   0.102924   0.544848  -0.452531  -0.041647   0.340099  -0.020511  -0.136404   0.333647   -1.13038  -0.123963    1.27819  -0.272886 -0.0183557   0.207609 -0.0123303 -0.0324229          0   0.440915   -1.78247  -0.134909   0.129568  -0.102621 -0.0378693  -0.481969  -0.646286   -1.71154  -0.211705    0.33738  -0.387301
   0.853004  -0.0204358    0.998533   -0.457203    0.139139    0.126353    0.557282   -0.528161  -0.0346362      0.2886    0.054576   -0.123562    0.322419    -1.19976   -0.143183     1.22338   -0.200598 -0.00290398    0.254729  -0.0104149   -0.128584 1.38778e-17    0.441603    -1.75552   -0.159952    0.133827  -0.0991294   -0.069924   -0.574145   -0.667796    -1.70608   -0.240876    0.363423   -0.391105
  0.890319  0.0385897    1.01898   -0.46817  0.0067543   0.160071   0.489925  -0.344003  -0.142782   0.268655 -0.0089601 -0.0648314   0.200563  -0.969566  -0.256512    1.20901  -0.294299  0.0591433   0.462619  -0.101764  -0.389182   0.211436   0.479461   -1.74516 -0.0604444   0.539607  0.0504446 -0.0101412  -0.618058  -0.606271   -1.72967  -0.221723   0.424799  -0.309272
   0.842994   0.0454953     0.95711   -0.240735   0.0592983   0.0471068    0.239266   -0.732846  -0.0402457    0.868244   -0.204482  -0.0259011 -0.00390662      -1.318   -0.152844     1.54421   -0.288791   0.0963737    0.270889 -0.00918144    -0.57015    0.340493    0.469478    -1.58002  -0.0478714    0.601954    0.102574   -0.240308   -0.825571   -0.488745    -1.56114   -0.282613    0.529447   -0.294338
   0.848969   0.0386544     1.08893  -0.0363661    0.197182  -0.0423247    0.123558    -1.08078    0.103555    0.977007  -0.0897115  0.00362199  -0.0351438    -1.01338   0.0503953    0.841616  -0.0274919    0.115718   0.0761571   0.0601599   -0.389793    0.199884    0.551477    -1.63463 0.000114835    0.306131   0.0120553   -0.126725   -0.627254   -0.537935    -1.61883   -0.137944     0.28398   -0.296747
    0.848957    0.0386712      1.08894   -0.0363789     0.197177   -0.0423511     0.123533     -1.08078     0.103526     0.977025    -0.089707   0.00360285    -0.035127     -1.01338    0.0504269     0.841616   -0.0274812     0.115719    0.0761431    0.0601552    -0.389872     0.199751     0.551585     -1.63464 -2.19637e-05     0.306148    0.0120193    -0.126835    -0.627085    -0.538084      -1.6188    -0.137752     0.284039    -0.296641
  0.780541  -0.159951    1.01093   0.204619   0.270221 -0.0050205   0.108541   -1.21004  0.0571532    0.86159  0.0794657  -0.261799  -0.107518   -1.46882 -0.0657082    1.22992 -0.0310155  -0.160983  -0.132887   0.179562   -0.70012    1.07282  -0.206114  -0.967427   0.868766 -0.0624812   0.178959   -1.28404  -0.842678 -0.0116552   -1.25399   0.170006   0.903643  -0.317425
   0.823841   0.0613417     1.07409    0.201946    0.186982   -0.099352   -0.157677    -1.02449   0.0983967    0.828883 -0.00745793   0.0438777   -0.309386    -1.17608   0.0637492     1.00172  -0.0348954     0.17295    0.267275    0.294252   -0.603197    0.517072  -0.0778102   -0.757018    0.952025   -0.340881   0.0241671    -1.27182   -0.941385    0.123904    -1.15512  -0.0183037    0.877694   0.0187055
  0.847229   0.116006    1.12946 -0.0431673   0.161356 -0.0365821  -0.014276   -0.81361  0.0423467   0.606576   0.044703  0.0887446  -0.183596   -1.54266  0.0321639    1.41365 -0.0363875   0.261799   0.523599   0.202874  -0.542091   0.343096  0.0502768  -0.765009   0.907915  -0.410255  -0.113996    -1.0793   -1.03506  0.0718475   -1.22455   -0.17466   0.805405  0.0233224
  0.649433  0.0161624    1.00892  -0.290487   0.469107  0.0507211   0.552964   -1.26137   0.292454   0.232158   0.577674 -0.0161362  0.0122947    -1.8396  -0.195911   0.807237   0.558456  0.0646621   0.348152   0.425925   -1.42104   0.466167  0.0206012  -0.529833   0.659572 -0.0300058  -0.358001   -2.16221   -1.03446 -0.0168666  -0.513709 -0.0783225   0.590691   0.501961
  0.689263  0.0862423    1.03831  -0.334754   0.504384  0.0343374   0.482909   -1.23096   0.272093   0.225723   0.518845  0.0773223  -0.108406   -1.75173  -0.257595   0.738448   0.503897   0.168925   0.504923   0.316623   -1.71895   0.796841 0.00334882  -0.457931   0.564687   0.251284  -0.192211   -2.04563  -0.888434 0.00437804  -0.561734  -0.165697   0.601479   0.503436
 0.725131 -0.125828   1.05913 -0.358938  0.335991  0.131758  0.694698   -1.0289  0.149463  0.240037  0.441873 -0.243636  0.109117  -1.74074 -0.456145   1.08733  0.283839 -0.236304  0.146544 -0.150741  -1.78353   1.06978 -0.095752 -0.578929  0.542273  0.536578 -0.538498  -1.51835 -0.618104 -0.337075 -0.592956 -0.160812  0.275318  0.102128
  0.671848  -0.149039    1.04763   0.267333   0.565484 -0.0983671    0.59728   -1.47738   0.663643   0.228506   0.698132  -0.191353  -0.242194   -1.90593  -0.202429   0.747021   0.582948  -0.207403  -0.452603   -0.34081   -2.39818   0.954988  -0.145443  -0.475095   0.198923   0.680023  -0.686167   -1.83777  -0.493925  -0.440572  -0.558764 -0.0377726   0.307218   0.158035
    0.72538  -0.0107547     1.16439    0.111619    0.421804    -0.11227    0.297368    -1.39338    0.399306    0.506324    0.470311 -0.00632644  -0.0447383    -1.38101    0.144413    0.387463    0.560703    0.092985   0.0482227   0.0574435   -0.914935     1.39408   -0.324817   -0.954354   -0.337349    0.147364     1.61355    -1.39368   -0.666415    -0.15886   -0.911363  -0.0619025    0.421117    0.123247
    0.803187   -0.0722547      1.23655    0.0387493     0.355445    -0.112242     0.383792     -1.16997     0.349561     0.530665     0.313233    -0.102204     0.120168     -1.00184     0.184593     0.135639     0.514813 -0.000767544    -0.106244       0.2309     -1.05241      1.18705    -0.578782     -1.05213    -0.522104     0.232489      1.59559     -1.41472     -1.01334    -0.144864    -0.908254    -0.237272      0.56628   -0.0159255
  0.793471  0.0287898    1.21767  0.0636554   0.400054  -0.119638   0.234344   -1.32709   0.336885   0.621947    0.30904  0.0372931  -0.091394   -1.11165  0.0969353   0.164422   0.534563   0.129896 -0.0126776   0.317341   -1.14708   0.979811  -0.598125   -1.06832  -0.554899   0.357236     1.6034   -1.72096   -1.14818 -0.0253117  -0.791537  -0.378179   0.654372   0.311948
  0.734402  0.0377218    1.18788  -0.423836   0.529432  0.0882123   0.955987   -1.41675   0.653886   0.373256   0.546315  0.0667148  -0.209348   -1.78139    -0.5569   0.558951   0.665756  0.0324983   0.381419   0.552048    1.38204    3.02451       2.55  -0.198566   0.661081  -0.143696   0.113109   -2.71131   -1.05814 -0.0441034   -0.25492   0.152359   0.574997   0.723389
  0.786852  0.0730636    1.23026  -0.292858   0.462217  0.0956186   0.303311   -1.20794  0.0698818   0.194521   0.543533  0.0263896   0.356249    -1.8195   0.338034   0.899974   0.441279   0.261799   0.388179   0.115449  -0.780005   0.723986   0.297415   -1.44664 -0.0752227   0.416982   0.522413   -2.16344  -0.801676  -0.326655   -0.26764 -0.0430285   0.413728   0.677983
 0.835749  0.098393   1.28465 -0.330522  0.404722 0.0399344  0.355598  -1.03452  0.128033  0.194134  0.442409 0.0636144  0.286841   -1.6283   0.22404  0.875732   0.34473  0.261799  0.520299 0.0629035  -1.00539  0.963315  0.314489  -1.16628  0.241191  0.512959  0.301171  -1.80754 -0.715683 -0.239794 -0.448061  -0.28943  0.407095  0.668909
  0.859337  -0.102748    1.29415   -0.39013   0.272965   0.146018   0.633838  -0.918813  0.0572089   0.225021   0.387801   -0.22372   0.523599   -1.63918  0.0568317    1.14434   0.186074 -0.0962585   0.224195  -0.242933  -0.994883    1.33459   0.170593   -1.06738   0.597657   0.582206 -0.0876052   -1.48928  -0.505673  -0.418378  -0.422208  -0.444436   0.119195   0.505404
   0.872087   -0.161818     1.40185 -0.00188717    0.342398 -0.00593694    0.422163    -1.07274    0.196344    0.260067    0.490821   -0.261799    0.294864    -1.26695    0.173687    0.558917    0.373688   -0.134907   -0.247163   -0.191658   -0.556212     1.49928    0.220869    -1.14706    0.667898    0.368148    0.135753    -1.18819   -0.343688   -0.540441   -0.750366   -0.428181   0.0642111      0.4441
   0.872071    -0.16181     1.40186  -0.0018179    0.342352 -0.00599401    0.422074    -1.07274    0.196298    0.260171    0.490776   -0.261799    0.294769    -1.26688    0.173641    0.558866    0.373728   -0.134903    -0.24735   -0.191677   -0.556322     1.49917    0.220929    -1.14709    0.667823    0.368378    0.135537    -1.18829   -0.343628   -0.540878   -0.750049   -0.427929   0.0640353    0.444232
  0.956919  -0.167628    1.45944 0.00567707   0.306411 -0.0206646   0.355308  -0.868618   0.148135   0.212512   0.369268   -0.25841   0.244588   -1.09282   0.132008   0.563004   0.232186  -0.138888  -0.212446   -0.36206  -0.915787    1.61848   0.357709   -1.00561    0.78709   0.720952  -0.308236    -1.0593 -0.0929096  -0.366095  -0.768876  -0.459874 -0.0830721    0.44583
  0.956921  -0.167613    1.45945 0.00568518   0.306412 -0.0206658   0.355273  -0.868613   0.148124   0.212508    0.36927  -0.258389    0.24455   -1.09281   0.131994   0.562994   0.232191  -0.138869  -0.212516  -0.362111  -0.915792    1.61847   0.357722   -1.00568   0.787251   0.721112   -0.30838   -1.05928 -0.0929033  -0.366124  -0.768847  -0.459859   -0.08311   0.445855
   0.934453  -0.0138718     1.44608  -0.0545978    0.398563   0.0084092    0.226414     -1.2492    0.121178    0.566357    0.288209   -0.066215  0.00870468   -0.935014 -0.00507666   0.0263094    0.510128   0.0407456    0.157956  -0.0892476   -0.964438     1.34991     0.23243    -1.11059     0.63319    0.535754    0.156134    -1.74997   -0.502918   -0.339292   -0.631956   0.0691271    0.449779    0.309058
   0.95392  -0.186302    1.35692   0.271756    0.70168  -0.101829   0.400338   -1.35861   0.425976   0.262313   0.411499  -0.249307  -0.389979   -1.82198  -0.393502   0.880317   0.220825  -0.261799 -0.0492063    0.26077   -2.42232    1.32227  -0.755547  -0.282724   -1.31407  -0.684755    2.18177   0.274119   -2.74935     -1.325   -1.20704  -0.456416     1.2868  -0.777571
  0.909008 -0.0848471    1.40059   0.224585   0.812028  0.0992691   0.472704   -1.88002     0.5532   0.357987   0.673854  -0.139836  -0.767154   -1.36283  -0.739301  0.0378076   0.570987  -0.168878    0.19566   0.352961   -1.99083    1.24703  -0.579749  -0.245399  -0.634721  -0.591836      1.952   0.346497   -3.02537   -1.54505  -0.783375  -0.286936    1.16675  -0.286928
   0.90901 -0.0848497     1.4006   0.224599   0.812031  0.0992673   0.472731   -1.88004   0.553212   0.358029   0.673839  -0.139851  -0.767157   -1.36282  -0.739321   0.037809   0.570999  -0.168884   0.195659   0.352941   -1.99082    1.24705  -0.579761  -0.245405  -0.634729  -0.591856    1.95201   0.346508   -3.02537   -1.54506  -0.783366  -0.286987     1.1668  -0.286886
  0.972152  -0.167473    1.47048   0.503304   0.552481 -0.0997215   0.144843   -1.65322      0.351   0.743424   0.344986  -0.261799  -0.595733   -1.34734  -0.328633   0.512262   0.290437  -0.179752  -0.523599   0.181572   -2.42751    1.00753    -2.2591  -0.557405   0.537863  -0.169566    1.49569   0.101262   -2.44866   -1.05627  -0.644577   -0.84645   0.743878  -0.469601
   0.980709   0.0286385      1.4909    0.483086    0.452222   -0.177069   0.0212492    -1.73062    0.528458     1.01632    0.215647   0.0789434   -0.721109    -1.11951   -0.215018     0.28728    0.366411    0.107463   -0.393644    0.558001    -2.00319    0.352818    -2.04361 0.000828899    0.811827   -0.158359      1.4615   -0.183903    -2.43917    -1.16811   -0.270404   -0.981967    0.732194    0.400818
 0.999567  0.181782   1.57674 0.0530301  0.589935 0.0176208 -0.523599  -1.24752 -0.386998   0.16549  0.525316  0.132313  -0.84959  -1.27877 -0.634778  0.321061  0.444719   0.22709 0.0570748  0.306271  -1.91962   1.01405  -1.48872  -1.51882 -0.200255  0.975978   1.81419 -0.106322   -2.3806  -1.43583 -0.277867  -1.21527  0.730505  0.684376
 0.999578  0.181814   1.57676 0.0528824  0.589879 0.0177657 -0.523599  -1.24743 -0.387119  0.165524   0.52529  0.132326 -0.849499  -1.27867 -0.634798   0.32115  0.444634  0.227109 0.0572907  0.306313  -1.91996   1.01397  -1.48947  -1.51861 -0.200081  0.976284   1.81481 -0.106311  -2.38061  -1.43577 -0.277859  -1.21521  0.730522  0.684405
     1.35548  -0.00122826      1.78233 -0.000595782     0.017421    0.0301185    0.0548577    -0.117392   -0.0293313      0.18532   -0.0869682   -0.0576443   -0.0549022    -0.155794   -0.0314119     0.273305    -0.133266    0.0505724 -0.000828284   -0.0245487   0.00309155     0.537416     0.538394     -1.98381     0.118169     0.655286      0.36424   0.00824191    -0.523752    -0.547279     -1.99699    -0.108621     0.662396    -0.364016
