    0.892671   -0.0191674      0.95783   -0.0105976   -0.0353956    0.0267116    0.0788019    -0.458175   -0.0334518     0.741072     -0.24991   -0.0829859   -0.0311674    -0.446869   -0.0289934     0.740588     -0.25764    0.0292569   0.00010873  -0.00163887     0.956914   0.00772743   0.00150577     -1.91999 -0.000490356    -0.524224  -0.00193652     0.960553  -0.00986163  6.40194e-05     -1.91815  0.000557603    -0.523711  0.000680927
     0.86529    -0.143874     0.948622   0.00560815  -0.00720022   -0.0587174     0.238886    -0.413116    0.0608961     0.591248    -0.157923    -0.219645     0.136063     -0.52362    0.0665106     0.739483    -0.201713    -0.108187   -0.0326775    -0.219746     0.559004     0.373363     0.817113     -1.60607     0.358319   -0.0839879     0.272702     0.776992 -0.000422516    -0.291651     -2.06673    -0.285485    -0.401609    -0.139317
    1.00323  -0.0574849    0.963239  -0.0109615     0.13231  0.00108292    0.138375   -0.378743    0.017584    0.521499   -0.273974    -0.12201   0.0246002   -0.404662  0.00217569    0.565929   -0.293533  -0.0129592 -0.00549251  -0.0176673    0.553329  0.00619976    0.545808    -2.13631    0.253415  -0.0340059   0.0313419    0.507183           0   -0.492109    -2.09563   -0.292847  -0.0483602   0.0281589
    1.00332  -0.0575138    0.963229  -0.0109649    0.132402  0.00109734     0.13841   -0.378727   0.0175778    0.521477   -0.274048   -0.122048   0.0246362   -0.404662  0.00217304    0.565941   -0.293626  -0.0129954 -0.00548114  -0.0176583    0.553738  0.00622988    0.545795    -2.13657     0.25351  -0.0341669   0.0315436     0.50761           0   -0.491969    -2.09598   -0.292857  -0.0484775   0.0279978
    0.973358   -0.0770894     0.967737  -0.00696961    0.0222888   -0.0195255     0.156964    -0.273596    0.0234271     0.511882    -0.257285    -0.143621    0.0478759    -0.329472    0.0215079     0.595677    -0.287563   -0.0339245     0.162261   -0.0506811     0.480123     0.647227     0.793552     -1.81052     0.444755     0.238015     0.521392     0.267259 -6.93889e-18    -0.416607     -2.04238   0.00879358     0.213855    0.0355763
   0.973343   -0.077092    0.967739 -0.00696967   0.0222663  -0.0195207    0.156966   -0.273594   0.0234212    0.511888    -0.25727   -0.143623   0.0478788   -0.329472   0.0215047    0.595689   -0.287553  -0.0339269    0.162263  -0.0506687    0.480022    0.647256    0.793525    -1.81047    0.444672    0.238067    0.521336    0.267216           0   -0.416629    -2.04233  0.00880676    0.213872   0.0355585
  0.980048  -0.038363   0.979817 -0.0144626  -0.104682  0.0184793   0.113143 -0.0767158 -0.0306598   0.435353  -0.256706  -0.101616 0.00528894  -0.063916 -0.0193147   0.426773  -0.258232 0.00798684  -0.028644 -0.0013853  0.0743339   0.616219   0.502008   -1.85666   0.184372   0.608026   0.370073 -0.0094969  -0.377117  -0.505741   -1.90002 -0.0577445   0.627722  -0.318079
    0.98007  -0.0383702    0.979891  -0.0145009   -0.104678   0.0184915    0.113178  -0.0766892  -0.0306967    0.435343   -0.256727   -0.101646  0.00533629   -0.063885  -0.0193777    0.426765   -0.258252  0.00803897  -0.0286344 -0.00132642   0.0742816    0.615807    0.502107    -1.85674    0.183962    0.607982    0.370059  -0.0093036   -0.376875   -0.505841    -1.90012  -0.0576676    0.627637   -0.318133
  0.860928   0.199749   0.993831  -0.327325 0.00892915   0.223614   0.120026  -0.359056  -0.232551   0.294696   0.019986   0.129179  -0.253279  -0.948293   -0.38795    1.24878  -0.288264   0.261799   0.523599  -0.211847  -0.481401   0.157237   0.459438   -1.73057  -0.272657   0.547866   0.342133   0.096431   -1.16586  -0.650449   -1.53516  -0.633322    0.40006  -0.219929
   0.859629  0.00293412     1.00452   -0.484825  -0.0720367    0.208041     0.50242   -0.518041   -0.243681    0.570434   -0.101544   -0.125905    0.174197   -0.972774   -0.392017     1.26585   -0.293273 -0.00702044    0.522744   -0.144035   -0.364499    0.548579    0.426275    -1.41495    0.251577      0.3679    0.109246    -0.14536   -0.649294   -0.493879    -1.64284  -0.0349718    0.498171   -0.423404
   0.866581   -0.102867     1.00123     2.52859    -3.02103     3.30014     0.79261   -0.455595   -0.215949     0.52166   -0.102568   -0.261799    0.494827   -0.914416   -0.327625     1.19465   -0.274376   -0.133203    0.480668 -0.00164327   -0.581362    0.798468   0.0635551     -1.0727     0.53948    0.276026  -0.0332724   -0.619068   -0.948541    -0.36285    -1.13333   -0.219708    0.596092   -0.407887
  0.685595  -0.159943   0.860577   -6.28881   0.398332   -6.29324    0.38171  -0.962572    0.18467   0.257065   0.328519  -0.242453 -0.0682925   -1.91986  -0.334717     1.3584   0.160458  -0.261799  -0.300531   0.200416   -2.38918   0.394601    2.26284  -0.411025    1.78089  -0.307297    1.82218   -2.34729   -1.13379  0.0977114  -0.305717  -0.190636   0.567255   0.227491
  0.77828  0.032936  0.821614   56.0001  -5.78568   62.7899   1.65624  -1.31798    1.2737   1.33546  -0.28128  0.113178  -0.62914  -1.90048   -1.1862   1.28406 0.0126067 -0.040662  0.372531  0.192978  0.503801   3.17129  -1.83613 -0.261137  -1.73302  0.657661 -0.121927  0.478205  -2.68536   1.80447 -0.195394   1.06665  0.651519  0.617311
  0.807778 -0.0152904   0.954258 -0.0596383    0.22643 0.00956345    0.14603  -0.610258  0.0252788   0.261882   0.122876 -0.0753284 -0.0908441   -1.56517  -0.128374    1.49581  -0.157252  0.0211409   0.335884  0.0887551   -1.77352    1.13805   -2.34537  0.0671725      -2.55   0.496077    -1.0515   0.972321   -2.86249    1.94242      0.292  -0.974581  -0.500689       2.55
  0.719549   0.127639   0.976356   0.587979   0.493581  -0.430294  -0.523599   -1.37192   0.109264   0.369785   0.360721   0.145553   -1.07331   -1.43176  -0.352571   0.271084   0.527736   0.261799 -0.0563734   0.660564   -2.00882   0.766314   -0.41256   0.111769  -0.724608  -0.354819    1.70048   -2.54044  -0.596528   0.291876  -0.394803   0.355508   0.836152   0.445192
   0.658458  -0.0556422    0.951798    0.562845    0.497954   -0.447332    0.256977    -1.36495    0.755035    0.348973    0.427437 -0.00681729   -0.089947    -1.47196    0.520762    0.170574    0.659408    0.144613   -0.523599   0.0165522    -2.69776    0.849817   -0.427556   -0.239161    0.318019    0.595343   -0.434075    -2.42446   -0.603931   -0.100256   -0.285814    0.093336      0.4796    0.186245
  0.682377   0.129527    1.01921  -0.335157   0.574235   0.006572    0.51098   -1.33043   0.374794    0.25438   0.523892   0.161619   -0.38945   -1.70624   -0.50481    0.51286   0.605705   0.202554   0.523599   0.459972   -1.95555   0.664388 -0.0367499  -0.194327   0.580176    0.14167  -0.250963   -2.41667  -0.903466   0.101804  -0.331002 -0.0870148   0.601614   0.651837
 0.734979 -0.158786    1.0362 -0.134827  0.398436 0.0669065  0.520773  -1.05354  0.178243   0.23996  0.425871 -0.261799  0.120748  -1.91986 -0.259808   1.24759  0.266953 -0.261799 -0.288021  -0.32615  -2.52093  0.803089  0.318348  0.191352 -0.916687  0.354652 -0.275022  -1.53344 -0.811724  0.302095 -0.398851  -1.25282 0.0866846  0.272561
   0.702165   -0.107892     1.13218   -0.129169    0.379074    0.152991    0.356164    -1.31394 -0.00590358    0.240625    0.665947   -0.261799   -0.193145    -1.51481   -0.497367    0.678755    0.436297   -0.198317  0.00940686   -0.201625    -1.86333     1.05261    0.047063   -0.105056     -1.8255   -0.291123     1.66224    -1.63096    -0.71278    0.214955   -0.231172    -1.20007  -0.0339836    0.735497
  0.716292  0.0978084    1.12877   0.281934   0.431721  -0.244193   0.163619   -1.52663   0.600921   0.614682   0.428091   0.202469  -0.505343   -1.37596  -0.016487   0.185767   0.698132   0.261799   0.173666   0.241671  -0.994627    1.07516  -0.026238  -0.712186    1.15565 0.00879896  -0.053409   0.895543   -2.69844   -1.15424  -0.281862   -1.32265   0.229088 -0.0592221
  0.730213  -0.105932    1.10324  -0.844187   0.327055   0.537495    1.65806   -1.54224   0.648605   0.229449   0.698132  -0.261799   0.380741   -1.52647  -0.571884   0.516654   0.396609  -0.191149   0.523599    0.11857   0.602785    3.00005   0.108996  -0.406022    1.07893 -0.0776419    1.61508    -2.7375   -1.09916   0.162012  -0.331888 -0.0438106   0.638991   0.394439
   0.749468  0.00104352     1.17497    0.322136    0.343015   -0.396824    0.585724    -1.30531     1.01471    0.707961    0.248905    0.106191 0.000695725    -1.21802    0.534383     0.12575    0.648193    0.209416   -0.329661    0.628479    -1.61083    0.574832   -0.429886   -0.401489     1.04854  -0.0172472   -0.428026     -2.3629    -1.17429    0.178859    -0.40586   -0.254145    0.589067    0.544814
 0.749085 0.0645577   1.19482 -0.374866  0.487601  0.144551  0.426569   -1.3169  0.113788  0.185753  0.626548 0.0150812  0.395224  -1.86486  0.295037  0.808882  0.543516  0.248251   0.50729  0.498198  -1.63693  0.579801 -0.924762 -0.240985   1.03987 -0.248598  0.267868  -2.54721 -0.948678 0.0575279 -0.304269  0.194889  0.591851  0.597724
  0.751507  0.0836764    1.18172  -0.650155   0.545704   0.268538   0.815804   -1.37532   0.320449  0.0875064   0.698132  0.0546104   0.523599   -1.85466   0.201335   0.679414   0.569969   0.261799   0.523599   0.353623    -1.6218    0.95459  -0.868958   -1.30009   -0.20279   0.671076    1.25009   -2.77942   -1.01746 -0.0897386  -0.246147  0.0345804   0.633996   0.779603
  0.769349  0.0985286    1.20453  -0.541562   0.563817   0.174439   0.684996   -1.32471    0.31293   0.116423   0.636673  0.0874707   0.330366   -1.79354  0.0971566    0.64227   0.563228   0.261799   0.523599   0.235671   -2.18127    0.96161     -1.067  -0.692173   0.433323   0.483187   0.650887   -2.46143  -0.891907  -0.208197  -0.251268 -0.0806371    0.53502   0.742541
   0.964144   -0.105268     1.25444    -1.15301    0.373958     0.65647     1.65806    -1.14569    0.481858   0.0472429    0.421232   -0.261799   -0.341072    -1.76308    -1.55484    0.862257 -0.00918016   -0.261799   0.0737118   -0.760097    -2.15559    0.279613    -1.09898   -0.612034   -0.119015     1.18997  -0.0938377   -0.800234   -0.814312   -0.254319   -0.291562    0.152217   -0.705392    -1.65266
  0.799165  -0.174971    1.27508   0.156176   0.526902  -0.011734    0.60918   -1.44868   0.526934   0.315865   0.625474  -0.254931  -0.148848   -1.83597   -0.24868   0.830719   0.474096  -0.261799  -0.523599  -0.408137   -2.53595    1.12478   -1.40685  -0.548159   0.863337   0.582374  -0.293215    1.23892   -2.81936  -0.282324  0.0991895   -1.17604 -0.0986417   -2.15345
  0.816241  -0.178756    1.26353   0.932316   0.477534  -0.605751   0.222072   -1.35658    0.88707   0.148633   0.548223  -0.190914   -1.18531   -1.91986  -0.589122   0.434365   0.698132  -0.229409  -0.523599   0.214374   -2.25563    1.45278   0.193314 -0.0693126    1.36184   0.735256   -1.39458   0.264063   -3.12976  -0.573972  -0.972165   -0.78953   0.834501    -1.3322
  0.864522  -0.138397    1.35722   0.313671   0.564092  -0.277936   0.547835   -1.29682   0.720191   0.298339   0.465273  -0.134615   0.188398   -1.28284   0.441923          0   0.697684 -0.0336667  -0.139168   0.362523  -0.982456    1.28278 0.00786078   -1.02874    1.62491   0.167731  -0.544266   0.318819   -2.81228  -0.770981  -0.529677   -1.03274   0.605291  -0.697909
  0.862456   0.124358     1.3959  -0.342877   0.375128   0.351575  -0.151829   -1.15444  -0.526559   0.118093    0.61889 -0.0123567  -0.240212  -0.981431  -0.506676  0.0830738   0.524477   0.143935   0.523599   0.310925   -1.47285   0.409587  -0.280781  -0.539588    1.44743  -0.127944  -0.755487 -0.0106408   -2.37932  -0.986753  -0.315025   -1.32522   0.588258   0.484173
  0.882685  0.0764803    1.35562  -0.138538   0.580912  0.0474652   0.692232   -1.66047    0.71096   0.702561   0.356338   0.158483   -0.39339   -1.50439  -0.424983   0.513137   0.415261   0.101691   0.261496   0.313477   -2.17364   0.741435  -0.350751  -0.327907    0.58232    0.36689 -0.0807882  0.0278607   -2.49713  -0.823933  -0.538312   -1.38658   0.566569  0.0242786
  0.893068  -0.147423    1.42612   0.260754    0.33788   -0.33114   0.399577  -0.999365   0.571947   0.368241   0.339242  -0.162863   0.228571   -1.04397   0.510357   0.171012   0.528668  -0.032531  -0.523599 -0.0211728   -2.40887   0.928828  -0.405852  -0.232364   0.336319   0.521683  -0.601489   -1.84039  -0.661206   -0.20381    -0.2837   -0.48494   0.177566   0.325325
   0.98398  -0.147522    1.49995   0.192296   0.172359  -0.460279   0.373278  -0.673337    0.59777   0.492011  0.0908662   -0.16669   0.197552  -0.675264   0.558505   0.124008   0.385422 -0.0309916  -0.523599   0.596504   -1.98714   0.988317   -1.22887  -0.760957    0.69973   0.368615     0.3459   -2.05867   -1.21983   0.166491  -0.477085  -0.466742   0.575669   0.171599
   1.11993   0.218571    1.52103  -0.140454   0.281184   0.444965  -0.250417  -0.487413  -0.507608          0   0.262298   0.136184  -0.417413  -0.501513  -0.549113   0.370789 -0.0221066   0.261799   0.119429  0.0762767     -1.183   0.116221  -0.311146   -1.33778  -0.501192   0.748036   0.718338   -1.30991   -2.05694  -0.367325  -0.671205   -1.09204   0.988221   0.669533
   1.02058  0.0678359    1.49872    19.2309   0.160504    18.3635   0.900001   -1.27757    1.56691    1.29756  -0.151259   0.261799  -0.318047  -0.847344   0.451709  0.0879041   0.388297   0.261799  -0.391483   0.917827    1.30983    3.40816   -1.58232  -0.150086   -1.54816 -0.0618061   0.173801 0.00203666   -2.49078    1.82613  -0.254561    1.77612    0.62618   0.880744
   1.02573   0.109127    1.52024   0.641191   0.242614  -0.251685  -0.523599   -1.52366   0.234952    1.12265  0.0546383    0.14601  -0.894119  -0.754697 -0.0391888          0   0.408568   0.261799  -0.523599   0.492313   -1.40528   0.609413  -0.668244  -0.866871  -0.323949   0.373205    1.31658 -0.0610937   -2.44635   0.536885  -0.271306  0.0838882  -0.508189   -2.43211
   1.04328  0.0970554    1.62395  0.0706318   0.432316   -0.12156   0.065467    -1.3907   0.238077   0.756937   0.192515   0.115374  -0.244204     -1.281 0.00825249   0.509707   0.323266   0.207668   0.381362   0.490628  -0.822483   0.609374 -0.0414223  -0.910009    1.19729  -0.166514  -0.251595   0.190631   -2.54603  -0.342368  -0.887353   -1.07203    0.52125  -0.605822
   1.04328  0.0970195    1.62396  0.0706219   0.432305  -0.121547  0.0654798   -1.39066   0.238025   0.756905   0.192529     0.1153  -0.244094   -1.28099 0.00833327    0.50973    0.32325   0.207636   0.381327   0.490563   -0.82241   0.609472 -0.0414351  -0.910084    1.19726  -0.166453  -0.251536   0.190627   -2.54599  -0.342332  -0.887522   -1.07222   0.521192  -0.605883
     1.35548  -0.00122826      1.78233 -0.000595782     0.017421    0.0301185    0.0548577    -0.117392   -0.0293313      0.18532   -0.0869682   -0.0576443   -0.0549022    -0.155794   -0.0314119     0.273305    -0.133266    0.0505724 -0.000828284   -0.0245487   0.00309155     0.537416     0.538394     -1.98381     0.118169     0.655286      0.36424   0.00824191    -0.523752    -0.547279     -1.99699    -0.108621     0.662396    -0.364016
