2
4
   0.899993    0.150011 2.72273e-05
-9.28992e-07  1.14818e-05      314.463     -4.57036      8.47096            0
0 0 1
5
   0.899991   -0.149991 2.19901e-05
-8.73023e-07  -1.2454e-05      315.834     -4.57036      8.47096            0
0 0 1
3
4
   0.899994    0.150011 3.56308e-05
 13.5241 -27.0685  203.554 -16.2833  15.8077        0
0 0 1
5
   0.899993   -0.149992 3.01048e-05
-71.0579  -27.069  269.785 -21.5815   15.807        0
0 0 1
2
 1.40001 0.249987  1.00003
 57.534 54.1373 156.958       0       0       0
0 0 1
4
4
  0.899994   0.150011 3.7188e-05
   -22.362 -0.0325308    170.143   -5.46963    13.6118          0
0 0 1
5
   0.899993   -0.149992 3.15111e-05
  -25.6033 -0.0324925    171.773   -5.46939    13.7422          0
0 0 1
2
 1.40001 0.249997  1.00004
  27.2245 0.0325622   142.551         0         0         0
0 0 1
3
      1.4 -0.349999         1
  20.7409 0.0324795   145.831         0         0         0
0 0 1
3
4
   0.899995     0.15001 3.87494e-05
-7.46468  4.34658  217.375   17.391  10.6794        0
0 0 1
5
   0.899993   -0.149993 3.29228e-05
-3.07147  4.34668  211.306  16.9052  10.6793        0
0 0 1
3
      1.4 -0.349998   1.00001
 10.5362 -8.69324  201.617        0        0        0
0 0 1
4
4
   0.899994     0.15001 4.02575e-05
-28.9158 -3.72253  172.585 -10.8601  13.8077        0
0 0 1
5
   0.899993   -0.149992 3.47062e-05
 -31.369 -3.72252  175.822 -10.8593  14.0664        0
0 0 1
3
      1.4 -0.349995   1.00001
21.9857 3.04564 147.223       0       0       0
0 0 1
2
     1.5 0.300008  1.20002
38.2989 4.39946 134.667       0       0       0
0 0 1
3
4
   0.899994    0.150011 4.17646e-05
 13.9613 -20.0679  204.825 -16.3865 -4.86297        0
0 0 1
5
   0.899993   -0.149992 3.64886e-05
-58.1676 -20.0682  255.616 -20.4494 -4.85981        0
0 0 1
2
 1.49999 0.300016  1.20004
44.2062 40.1362 169.857       0       0       0
0 0 1
4
4
   0.899993        0.15 0.000112073
 -31.5597 -0.903102   174.725  -3.91207   13.9782         0
0 0 1
5
   0.899991    -0.14998 0.000115879
 -33.0007 -0.903334    175.89  -3.91227   14.0715         0
0 0 1
2
1.49997 0.30006 1.20005
  33.723 0.903572  138.671        0        0        0
0 0 1
3
  1.49999 -0.299986   1.19999
 30.8369 0.903264  141.015        0        0        0
0 0 1
3
4
   0.899993    0.149989 0.000182423
-108.554 -12.6699  272.972 -21.8345    21.84        0
0 0 1
2
 1.49995 0.300105  1.20007
94.0655 6.33996  154.02       0       0       0
0 0 1
3
  1.49997 -0.299971   1.19999
14.4882 6.33035 203.308       0       0       0
0 0 1
4
4
   0.900004    0.150022 0.000195544
-58.7479  9.01621  192.209  15.3776  15.3754        0
0 0 1
2
 1.49995 0.300125  1.20008
 38.3104 -7.63216  139.305        0        0        0
0 0 1
3
  1.49997 -0.299964       1.2
 54.3395 -7.62937  122.959        0        0        0
0 0 1
5
  1.00002 -0.149957  0.200004
-33.9016  6.24667  175.824  14.0639  14.0681        0
0 0 1
3
4
   0.900001    0.150025 0.000229977
-29.9171 -14.7625  225.205 -18.0159  18.0169        0
0 0 1
2
 1.49995 0.300068  1.20003
49.0005 23.2025 175.871       0       0       0
0 0 1
5
  1.00003 -0.149949  0.200041
-19.0842 -8.44097  229.221 -18.3418  18.3337        0
0 0 1
4
4
   0.900005    0.149995 0.000256639
-50.1521 -2.79719  185.204 -14.8155  14.8168        0
0 0 1
2
 1.49994 0.300094  1.20001
54.4366  2.0016  126.01       0       0       0
0 0 1
5
  1.00003 -0.149977  0.200068
-47.5845 -2.00328  185.111 -14.8115  14.8063        0
0 0 1
3
  1.60001 -0.300026   1.39997
43.3003 2.79786 133.972       0       0       0
0 0 1
3
4
   0.900005    0.149995 0.000256624
-33.6341  20.2864  239.012 -18.7103  19.1217        0
0 0 1
5
  1.00003 -0.149977  0.200068
-44.4363  12.6738  233.033 -18.6459  18.6394        0
0 0 1
3
  1.60001 -0.300038   1.39995
 78.0704 -32.9603  158.253        0        0        0
0 0 1
4
4
   0.900012    0.150008 0.000304973
-54.0171  3.18909  187.442  7.61835   14.995        0
0 0 1
5
  1.00002 -0.149965  0.200088
-37.8743  2.33971  178.145  7.63067  14.2532        0
0 0 1
3
  1.59999 -0.300049   1.39995
 47.9631 -2.76422   130.07        0        0        0
0 0 1
2
 1.59999 0.300004  1.39999
 43.9277 -2.76452  134.641        0        0        0
0 0 1
3
5
  1.00002 -0.149967  0.200089
-161.514 -12.9813  302.844  24.2233  24.2324        0
0 0 1
3
  1.59999 -0.300045   1.39995
108.133  6.4915 154.903       0       0       0
0 0 1
2
 1.59999 0.299944  1.40002
 53.381 6.48942 172.551       0       0       0
0 0 1
4
5
  1.00002 -0.149958  0.200086
-62.2012  1.54579  191.909   6.7026  15.3541        0
0 0 1
3
      1.6 -0.300043   1.39994
 65.8974 -1.54611  120.237        0        0        0
0 0 1
2
 1.59999 0.299936      1.4
  60.977 -1.54658  124.248        0        0        0
0 0 1
4
0.999994 0.149989 0.200003
-64.6731  1.54686  193.904  6.68186  15.5121        0
0 0 1
3
3
      1.6 -0.300044   1.39994
-36.6256  36.6256   45.782        0        0        0
0 0 1
2
 1.59999 0.299936      1.4
216.446 44.9644 270.558       0       0       0
0 0 1
4
0.999995  0.14999 0.200004
-179.821 -81.5974  313.956 -25.1157  25.1167        0
0 0 1
4
3
  1.59998 -0.300052   1.39993
 78.0052 -4.45332  111.184        0        0        0
0 0 1
2
 1.59998 0.299987  1.40002
 75.9218 -4.45421  117.091        0        0        0
0 0 1
4
0.999986 0.149945 0.200012
-91.4807  5.26382  209.431  9.82756  16.7531        0
0 0 1
5
      1.1 -0.149998  0.400004
-62.4467  3.64332  192.591  9.84449  15.4073        0
0 0 1
3
3
 1.59998 -0.30006  1.39993
 211.496 -62.8232   264.37        0        0        0
0 0 1
2
 1.59999 0.299981  1.40001
-6.7264 -6.7264   8.408       0       0       0
0 0 1
5
     1.1    -0.15 0.400003
-204.771  69.5542  357.519  28.6011  28.6007        0
0 0 1
4
3
  1.59999 -0.300052   1.39992
97.6695 3.89655 122.087       0       0       0
0 0 1
2
1.59998 0.29999 1.39999
101.043 3.89979 126.303       0       0       0
0 0 1
5
  1.09999 -0.150011  0.400004
-108.994 -3.89743  196.868 -15.7486  15.7495        0
0 0 1
4
     1.1 0.150004 0.400001
-89.7182  -3.8988  185.039 -14.8033  14.8027        0
0 0 1
3
2
 1.59999 0.299971  1.39998
185.624 94.0736 232.031       0       0       0
0 0 1
5
 1.09998 -0.15002 0.400004
-63.9982 -47.0328  185.914  14.8734  14.8718        0
0 0 1
4
 1.09999 0.150017 0.400001
-121.626 -47.0409  212.352  16.9868  16.9891        0
0 0 1
4
2
 1.59999 0.299968  1.39999
  71.8396 -0.865755   117.332         0         0         0
0 0 1
5
 1.09998 -0.15002 0.400004
-80.9394  1.05879  202.643 -13.9282  16.2117        0
0 0 1
4
 1.09999 0.150017 0.400001
-71.4318  1.05769  198.491 -13.9133  15.8781        0
0 0 1
3
 1.7 -0.3  1.6
 80.5315 -1.25074  111.831        0        0        0
0 0 1
3
2
 1.59999 0.299962  1.39997
213.075 57.6893 266.343       0       0       0
0 0 1
4
     1.1 0.150026 0.400019
-195.095 -76.3536  340.625 -27.2529  27.2473        0
0 0 1
3
  1.69997 -0.300081   1.59998
-17.9797  18.6631  23.3288        0        0        0
0 0 1
4
2
 1.59998 0.299949  1.39997
 84.2276 -4.18075  110.392        0        0        0
0 0 1
4
     1.1 0.150025 0.400024
-100.817  6.27086  214.533 0.195894  17.1624        0
0 0 1
3
  1.69997 -0.300083   1.59992
 87.1786 -6.27105  108.973        0        0        0
0 0 1
5
  1.19999 -0.149983  0.600009
-70.5899   4.1808    196.4 0.189016  15.7119        0
0 0 1
3
4
     1.1 0.150025 0.400025
-68.4817  43.2459  259.657  2.20583  20.7726        0
0 0 1
3
  1.69996 -0.300076   1.59993
 118.304 -67.9587   147.88        0        0        0
0 0 1
5
  1.19999 -0.149983  0.600009
-49.8223  24.7128   222.76   2.1905  17.8209        0
0 0 1
4
4
     1.1 0.150022 0.400025
-91.842 5.67452 209.711 11.3262 16.7778       0
0 0 1
3
  1.69996 -0.300063   1.59993
 78.6012 -4.80117  110.692        0        0        0
0 0 1
5
  1.19999 -0.149986  0.600009
-62.2722   3.9287  192.418  11.3205  15.3939        0
0 0 1
2
     1.7 0.300011  1.60002
 75.5128 -4.80198  117.477        0        0        0
0 0 1
3
3
  1.69996 -0.300064   1.59995
 216.189 -58.3031  270.236        0        0        0
0 0 1
5
  1.19999 -0.149989  0.600014
-174.909  102.048  305.381   24.429  24.4313        0
0 0 1
2
 1.69999 0.300011  1.60002
-41.2808 -43.7444  54.6805        0        0        0
0 0 1
4
3
  1.69995 -0.300059   1.59996
89.1153 1.54949 111.394       0       0       0
0 0 1
5
  1.19998 -0.150064  0.600014
-93.6121  -1.5489  205.288 -15.9012  16.4248        0
0 0 1
2
 1.69999 0.299993      1.6
90.4496 1.54909 113.062       0       0       0
0 0 1
4
     1.2     0.15 0.600004
 -85.953 -1.55068  200.553 -15.8679  16.0442        0
0 0 1
3
5
  1.19998 -0.150058  0.600013
-80.7455 -38.8692  286.278 -22.8984  22.9044        0
0 0 1
2
 1.69999 0.299992  1.60002
 97.636 77.7455 123.817       0       0       0
0 0 1
4
     1.2 0.150003 0.600003
-16.8906 -38.8764  220.203 -17.6165  17.6159        0
0 0 1
4
5
  1.19998 -0.150061  0.600014
-83.8473 -7.33868  207.415 -16.5903  16.5947        0
0 0 1
2
     1.7 0.299948  1.60003
81.3475 6.00637 106.893       0       0       0
0 0 1
4
     1.2 0.150004 0.600004
-62.2774 -7.34125  192.808 -15.4249  15.4243        0
0 0 1
3
      1.8 -0.299995   1.79998
64.7776 8.67316 123.181       0       0       0
0 0 1
3
5
  1.19998 -0.150061  0.600018
-62.0958  21.0478  241.851  8.17249  19.3468        0
0 0 1
4
     1.2 0.150001 0.600007
-35.4359   21.045  244.288  8.18687  19.5431        0
0 0 1
3
      1.8 -0.299995   1.79998
 97.5316 -42.0928  144.159        0        0        0
0 0 1
4
5
  1.19997 -0.150051   0.60002
-65.323 1.49706 193.684 6.48832 15.4932       0
0 0 1
4
 1.19998  0.14998 0.600002
-67.7278  1.49695  195.619   6.4935  15.6487        0
0 0 1
3
      1.8 -0.300006   1.79997
 68.9263 -1.49713  118.548        0        0        0
0 0 1
2
     1.8 0.300005  1.79999
 64.1244 -1.49723  122.446        0        0        0
0 0 1
3
5
  1.19997 -0.150049  0.600022
-32.7239 -18.8775  241.039 -13.7068  19.2839        0
0 0 1
4
 1.19998  0.14996 0.600011
-52.8245 -18.8771  236.955 -13.7094  18.9574        0
0 0 1
2
     1.8 0.300007  1.79999
85.5482 37.7543 152.304       0       0       0
0 0 1
4
5
  1.19997 -0.150049  0.600022
-58.6664  0.14895  189.672 -10.6941   15.174        0
0 0 1
4
 1.19998  0.14996 0.600012
-52.1185 0.148644  186.486 -10.6956  14.9196        0
0 0 1
2
     1.8 0.300023  1.79999
  53.4187 -0.126085   128.124         0         0         0
0 0 1
3
      1.9 -0.299997   2.00001
   57.366 -0.171371   126.015         0         0         0
0 0 1
3
5
  1.19997 -0.150045  0.600021
-132.314   110.98  241.647  19.3332   19.329        0
0 0 1
2
1.79998 0.30004 1.79992
-89.3031 -42.6278  111.629        0        0        0
0 0 1
3
  1.89999 -0.299992   2.00002
 221.617 -68.3521  277.021        0        0        0
0 0 1
4
5
  1.19999 -0.150029  0.600027
-64.3527  5.16795    191.8   13.224  15.3424        0
0 0 1
2
 1.79997 0.300045  1.79993
 43.7063 -3.69064  134.762        0        0        0
0 0 1
3
  1.89999 -0.299987   2.00003
 69.6215 -5.16827  117.378        0        0        0
0 0 1
4
 1.30002 0.149995 0.800014
-48.9751  3.69126  186.357  13.2315  14.9091        0
0 0 1
3
2
 1.79997 0.300045  1.79993
 122.432 -6.71227   153.04        0        0        0
0 0 1
3
  1.89998 -0.300012   2.00002
 63.9276 -11.7362  151.884        0        0        0
0 0 1
4
 1.30002 0.149995 0.800014
 -186.36  18.4482  325.373 -26.0312    26.03        0
0 0 1
4
2
 1.79997 0.300027  1.79993
 58.8093 -2.54102  125.697        0        0        0
0 0 1
3
  1.89997 -0.299966   1.99999
  72.873 -3.67031  115.281        0        0        0
0 0 1
4
 1.30002 0.149985 0.800017
-63.3689  3.10573  194.272 -2.59182   15.542        0
0 0 1
5
      1.3 -0.149997  0.800003
-68.3134  3.10571  195.047 -2.59073  15.6037        0
0 0 1
3
3
 1.89997 -0.29992  1.99997
 83.1093 -35.5027  154.074        0        0        0
0 0 1
4
 1.30002 0.149974  0.80002
-29.4698  17.7509  238.721  4.09487  19.0978        0
0 0 1
5
      1.3 -0.149994  0.800006
-53.6395  17.7519  237.502  4.09957  19.0003        0
0 0 1
4
2
1.89999 0.30002       2
  33.9749 0.0547718   138.864         0         0         0
0 0 1
3
      1.9 -0.299995   1.99998
  33.8002 0.0547657   139.005         0         0         0
0 0 1
4
 1.29998 0.150011 0.800028
  -33.8455 -0.0548439     176.18  -0.238981    14.0943          0
0 0 1
5
  1.29998 -0.150006  0.800067
  -33.9301 -0.0545921     176.25   -0.23938    14.0999          0
0 0 1
