2
4
   0.899993    0.150011 2.72273e-05
-9.28992e-07  1.14818e-05      314.463     -4.57036      8.47096            0
0 0 1
5
   0.899991   -0.149991 2.19901e-05
-8.73023e-07  -1.2454e-05      315.834     -4.57036      8.47096            0
0 0 1
3
4
   0.899994    0.150011 3.55073e-05
 5.63716  -24.962  207.511 -16.5997  16.6023        0
0 0 1
5
   0.899992   -0.149992 3.00845e-05
-63.8197 -24.9624  263.983 -21.1169  21.1204        0
0 0 1
2
 1.40001 0.249987  1.00003
58.1827 49.9242 158.803       0       0       0
0 0 1
4
4
   0.899997    0.150002 5.37307e-05
 -22.9914 -0.233727   170.517  -8.34623   13.6421         0
0 0 1
5
  0.899995  -0.149998 4.9984e-05
 -27.7168 -0.233681   173.004  -8.34638   13.8411         0
0 0 1
2
 1.40002 0.250003  1.00007
30.4743 0.23373 140.677       0       0       0
0 0 1
3
  1.40001 -0.400005   1.00003
 20.2342 0.233553    146.1        0        0        0
0 0 1
3
4
   0.899998    0.149995 6.96396e-05
-5.85385  4.20668  216.602  15.7954   12.164        0
0 0 1
5
   0.899997   -0.150003 6.73219e-05
-3.94871  4.20671  211.864  15.7954   12.164        0
0 0 1
3
  1.40002 -0.400003   1.00008
 9.80312 -8.41346  201.833        0        0        0
0 0 1
4
4
   0.899998    0.149995 7.36676e-05
-24.9567 -2.46312  170.631  -7.9716  13.6513        0
0 0 1
5
   0.899997   -0.150004 7.17486e-05
-27.0506 -2.46307  173.007 -7.97152  13.8413        0
0 0 1
3
  1.40003 -0.400005    1.0001
 18.803 2.01538 148.498       0       0       0
0 0 1
2
     1.5 0.299994  1.20002
33.2045 2.91065 138.162       0       0       0
0 0 1
3
4
   0.899998    0.149994 7.76948e-05
 15.7758  -19.523  203.995 -16.3205 -8.99742        0
0 0 1
5
   0.899997   -0.150005 7.61752e-05
-57.3198 -19.5226   254.86 -20.3896  -8.9968        0
0 0 1
2
     1.5 0.299989  1.20005
41.5442 39.0453 171.443       0       0       0
0 0 1
4
4
   0.899999    0.149978 0.000118045
 -28.8036 -0.263681    173.35  -3.97125   13.8684         0
0 0 1
5
   0.899996   -0.150007 0.000118142
   -30.92 -0.263769   174.533  -3.97138    13.963         0
0 0 1
2
 1.49999 0.300002  1.20005
 32.1558 0.263741  139.919        0        0        0
0 0 1
3
  1.49999 -0.350004       1.2
 27.5676 0.263545  142.497        0        0        0
0 0 1
3
5
   0.899996   -0.150009 0.000160128
-104.378  2.65278   269.09  21.5297  21.5244        0
0 0 1
2
 1.49999 0.300015  1.20005
 29.6661 -1.32749  192.946        0        0        0
0 0 1
3
  1.49999 -0.350008       1.2
 74.7118 -1.32545  168.262        0        0        0
0 0 1
4
5
        0.9    -0.15004 0.000173439
-58.0819 -9.56823  191.921 -15.3509  15.3562        0
0 0 1
2
 1.49998 0.300001  1.20006
55.9101 8.09859 121.628       0       0       0
0 0 1
3
 1.49998 -0.35003  1.20001
33.5191 8.09709 142.394       0       0       0
0 0 1
4
       1 0.149951 0.200002
-31.3473 -6.62884  174.354 -13.9462  13.9502        0
0 0 1
3
5
   0.899998   -0.150029 0.000187906
-26.6012 -17.4034  234.292 -17.2988  18.7463        0
0 0 1
2
 1.49995 0.300053  1.20009
49.5275 27.3507 174.663       0       0       0
0 0 1
4
0.999994 0.149943 0.200023
-22.9274 -9.94656  221.343 -17.3012   17.711        0
0 0 1
4
5
   0.900019   -0.150013 0.000224817
-68.8881 -1.76746  195.512  -12.925  15.6412        0
0 0 1
2
 1.49993 0.300062  1.20007
53.2262 1.26378 127.052       0       0       0
0 0 1
4
0.999969 0.149925 0.200053
-43.8701 -1.26296  182.327 -12.9462  14.5889        0
0 0 1
3
  1.59999 -0.300003   1.39997
59.5317 1.76662 125.406       0       0       0
0 0 1
3
2
  1.4999 0.300104  1.20005
196.493 22.3929 245.616       0       0       0
0 0 1
4
0.999959  0.14992  0.20008
  -185.5 -61.1615  323.873 -25.8983  25.9143        0
0 0 1
3
  1.59998 -0.299988   1.39998
-10.9939  38.7687  60.8085        0        0        0
0 0 1
4
2
 1.49988 0.300133  1.20002
 64.8083 -3.70157  122.885        0        0        0
0 0 1
4
0.999964 0.149924 0.200089
-72.2597  4.52554  199.705  1.47654  15.9749        0
0 0 1
3
 1.59998 -0.29998  1.39996
 83.7522 -5.34835  108.458        0        0        0
0 0 1
5
        1 -0.150022  0.200012
-76.3007  4.52451  199.249  1.50722  15.9399        0
0 0 1
3
4
0.999951 0.149904 0.200083
-4.44144  12.5063  226.991 -18.1538  18.1648        0
0 0 1
3
 1.59997 -0.29998  1.39997
 91.1278 -24.9935  144.978        0        0        0
0 0 1
5
0.999989 -0.15003 0.200018
-86.6873  12.4873  258.328 -20.6657  20.6666        0
0 0 1
4
4
0.999938 0.149877 0.200078
-54.7933 -8.95703   187.26 -14.9749   14.984        0
0 0 1
3
 1.59997 -0.29998  1.39997
47.6371 8.95924 133.785       0       0       0
0 0 1
5
 0.999978 -0.150057  0.200021
-69.1142 -8.96187  198.744 -15.8987  15.8995        0
0 0 1
2
1.59997 0.30002 1.39997
76.2696 8.95941 110.507       0       0       0
0 0 1
3
4
0.999945 0.149891 0.200129
-175.509 -83.2999  306.429 -24.5037  24.5162        0
0 0 1
3
  1.59994 -0.300001   1.39995
-39.3775  41.6203  55.2618        0        0        0
0 0 1
2
 1.59992 0.300032  1.39996
214.885 41.6798 268.606       0       0       0
0 0 1
4
4
0.999937 0.149868 0.200138
  -81.932 0.0635712     203.1  -8.47654   16.2496         0
0 0 1
3
  1.59993 -0.300083   1.39994
   66.3829 -0.0525619    119.786          0          0          0
0 0 1
2
 1.59995 0.299981  1.39992
   76.6112 -0.0531765    114.724          0          0          0
0 0 1
5
  1.09999 -0.149993  0.400008
-61.0614  0.04066  192.686 -8.43503  15.4151        0
0 0 1
3
3
  1.59994 -0.300067    1.3999
 189.394 -23.0738  236.742        0        0        0
0 0 1
2
 1.59996 0.300004  1.39988
 11.9527 -23.0172  42.0154        0        0        0
0 0 1
5
  1.09997 -0.149994  0.400003
-201.346   46.092  351.539  28.1214  28.1212        0
0 0 1
4
3
  1.59994 -0.300046    1.3999
82.4893 2.30521  110.73       0       0       0
0 0 1
2
 1.59996 0.299998  1.39989
 86.825  2.3046 108.531       0       0       0
0 0 1
5
  1.09997 -0.149984  0.400004
-88.0233 -2.30418  207.881 -15.8333  16.6295        0
0 0 1
4
     1.1 0.150006 0.400001
-81.2911 -2.30519  203.155  -15.831  16.2521        0
0 0 1
3
2
 1.59995 0.300047  1.39987
 185.15 94.1868 231.438       0       0       0
0 0 1
5
  1.09995 -0.149981  0.399999
 -64.378 -47.0966  187.998  10.6039  15.0392        0
0 0 1
4
 1.09999 0.150017 0.399998
-120.772 -47.0897  210.861  10.6621  16.8693        0
0 0 1
4
2
 1.59994 0.300086  1.39985
 67.6566 -1.76842  120.208        0        0        0
0 0 1
5
  1.09995 -0.149982  0.399997
-77.3016  2.16266  200.347 -8.53194  16.0265        0
0 0 1
4
 1.09998 0.150021 0.399997
-69.8248  2.16126  197.798 -8.52598   15.823        0
0 0 1
3
  1.70001 -0.299975   1.59999
   79.47 -2.55501  111.943        0        0        0
0 0 1
3
2
 1.59994 0.300082  1.39985
214.064 57.6832  267.58       0       0       0
0 0 1
4
 1.09999 0.150025 0.400002
-191.829 -79.9349  334.922 -26.7954  26.7915        0
0 0 1
3
      1.7 -0.299984   1.59998
-22.2343  22.2343  27.7929        0        0        0
0 0 1
4
2
 1.59992 0.300095  1.39984
 88.2565 -4.59634  110.321        0        0        0
0 0 1
4
 1.09998 0.150028  0.40001
-107.58 6.89555 215.076 1.29825 17.2058       0
0 0 1
3
  1.69999 -0.300012   1.59999
 89.4774 -6.89663  111.847        0        0        0
0 0 1
5
      1.2 -0.149995   0.60001
-70.1549  4.59735  193.054  1.28563  15.4442        0
0 0 1
3
4
 1.09998 0.150026  0.40001
-81.6153  49.2695  259.932 -5.16753  20.7936        0
0 0 1
3
  1.69999 -0.300013   1.59998
 127.667 -77.4228  159.584        0        0        0
0 0 1
5
      1.2 -0.149998  0.600011
-46.0517  28.1535  210.782 -5.20266  16.8625        0
0 0 1
4
4
 1.09996 0.150029 0.400002
-89.6381  1.95785  207.775 -2.20716  16.6207        0
0 0 1
3
  1.69999 -0.300023   1.59998
 74.0327 -1.65629  114.681        0        0        0
0 0 1
5
  1.19996 -0.149979   0.60002
-64.7133   1.3557  194.494  -2.2173  15.5588        0
0 0 1
2
 1.69998 0.300079  1.59997
  80.318 -1.65618  113.347        0        0        0
0 0 1
3
3
  1.69998 -0.300032   1.59997
 211.328 -62.8865  264.161        0        0        0
0 0 1
5
  1.19994 -0.149977  0.600022
-205.61 68.6195 358.984 28.7135 28.7166       0
0 0 1
2
1.69997 0.30008 1.59997
-5.72174 -5.72174  7.15218        0        0        0
0 0 1
4
3
  1.69998 -0.300044   1.59997
82.4674 8.50844 105.508       0       0       0
0 0 1
5
  1.19993 -0.149977  0.600021
-106.793 -8.50552  218.346 -17.4667   17.465        0
0 0 1
2
1.69997 0.30007 1.59999
90.5493 8.51223 113.187       0       0       0
0 0 1
4
     1.2 0.149999 0.599999
-66.2234 -8.51529  193.257 -15.4604  15.4607        0
0 0 1
3
3
  1.69995 -0.300099   1.59997
156.589 -66.713 195.736       0       0       0
0 0 1
5
  1.19994 -0.149979  0.600026
-123.759  33.3641  224.944 -17.9943  17.9925        0
0 0 1
4
     1.2 0.149994 0.600004
-32.8306  33.3484  209.617 -16.7695  16.7692        0
0 0 1
4
3
  1.69996 -0.300066   1.59996
 80.6903 -3.29463  109.243        0        0        0
0 0 1
5
  1.19994 -0.149979  0.600026
-68.8783  4.02404   196.78  15.7405   15.742        0
0 0 1
4
     1.2 0.149994 0.600004
-86.1522  4.02882  207.465   16.597  16.5973        0
0 0 1
2
1.8 0.3 1.8
 74.3403 -4.75801  116.809        0        0        0
0 0 1
3
5
  1.19994 -0.149979  0.600026
-14.8209 -16.3915  233.933  18.7135  18.7154        0
0 0 1
4
     1.2 0.149994 0.600004
-86.6078 -16.3746  257.229  20.5781  20.5784        0
0 0 1
2
    1.8     0.3 1.79999
101.429 32.7664 139.135       0       0       0
0 0 1
4
5
  1.19993 -0.149971  0.600022
-69.3555 -2.43254  196.729 -10.5462  15.7363        0
0 0 1
4
 1.19998 0.149991 0.599999
-65.4626 -2.43307  193.577 -10.5523   15.486        0
0 0 1
2
 1.80001 0.299994  1.79997
71.3068 2.43268  116.83       0       0       0
0 0 1
3
  1.80001 -0.300016   1.79997
63.5116 2.43273 123.161       0       0       0
0 0 1
3
5
  1.19993 -0.149971  0.600023
 -172.19 -20.1633    309.4  12.9328  24.7492        0
0 0 1
2
 1.80001 0.299994  1.79997
63.2231 10.0818 164.325       0       0       0
0 0 1
3
  1.80001 -0.300002   1.79996
108.967 10.0816 156.572       0       0       0
0 0 1
4
5
  1.19991 -0.149973  0.600016
-90.9291  -1.5695   208.44  3.79175  16.6729        0
0 0 1
2
 1.80003 0.299978  1.79993
74.7944 1.32747 114.379       0       0       0
0 0 1
3
  1.80001 -0.300022   1.79992
82.2372 1.32724 112.107       0       0       0
0 0 1
4
 1.29999 0.150009 0.800004
-66.1017 -1.08575  195.371  3.79063  15.6295        0
0 0 1
3
2
 1.80003 0.299977  1.79992
210.484 63.1378 263.105       0       0       0
0 0 1
3
  1.80001 -0.300023   1.79991
-0.622972  0.622972  0.778715         0         0         0
0 0 1
4
 1.29999 0.150008 0.800002
-209.865 -63.7777  366.412 -29.3123  29.3125        0
0 0 1
4
2
 1.79997 0.300065  1.79988
 100.606 -4.84545  125.758        0        0        0
0 0 1
3
  1.79999 -0.300001   1.79987
 107.113 -4.84296  133.891        0        0        0
0 0 1
4
 1.29998 0.150003 0.800063
-113.53 4.84225 198.217 15.8573 15.8566       0
0 0 1
5
  1.29999 -0.150022  0.800051
-94.1913  4.84713  172.431  13.7947  13.7944        0
0 0 1
3
2
1.79994 0.30014 1.79988
204.968 96.7909  256.21       0       0       0
0 0 1
4
 1.29997  0.14997 0.800067
-146.248 -48.3925  255.341   20.429  20.4233        0
0 0 1
5
  1.29999 -0.149961  0.800051
-58.7206 -48.3975  118.746  9.49771   9.5015        0
0 0 1
4
2
 1.79995 0.300113  1.79985
83.1712 4.38733 106.996       0       0       0
0 0 1
4
 1.29997 0.149971 0.800067
-68.3517 -5.36304  196.432 -15.7119  15.7163        0
0 0 1
5
  1.29999 -0.149964  0.800052
-87.6927  -5.3664  208.864 -16.7119  16.7052        0
0 0 1
3
      1.9 -0.299999         2
72.8732  6.3419 118.005       0       0       0
0 0 1
3
4
 1.29997 0.149971 0.800067
-8.74254   14.906  230.946 -18.4731  18.4783        0
0 0 1
5
  1.29999 -0.149964  0.800052
-92.9665  14.8963  261.489 -20.9225  20.9141        0
0 0 1
3
 1.9 -0.3    2
 101.709 -29.8025  137.863        0        0        0
0 0 1
4
2
1.89999 0.30002       2
  33.9749 0.0547199   138.863         0         0         0
0 0 1
3
      1.9 -0.299995   1.99998
  33.8003 0.0547138   139.004         0         0         0
0 0 1
4
 1.29998 0.150011 0.800028
  -33.8454 -0.0548489     176.18  -0.238968    14.0942          0
0 0 1
5
  1.29998 -0.150006  0.800067
 -33.9301 -0.054597    176.25 -0.239367   14.0999         0
0 0 1
