2
4
   0.899993    0.150011 2.72273e-05
-9.28992e-07  1.14818e-05      314.463     -4.57036      8.47096            0
0 0 1
5
   0.899991   -0.149991 2.19901e-05
-8.73023e-07  -1.2454e-05      315.834     -4.57036      8.47096            0
0 0 1
3
4
   0.899992    0.150011 3.30261e-05
-12.1352  6.97607  221.905  17.7539  17.7509        0
0 0 1
5
    0.89999   -0.149991 2.77352e-05
-10.1039  6.97621  214.703  17.1778  17.1747        0
0 0 1
3
  1.39999 -0.299979   1.00001
 22.239 -13.952 193.689       0       0       0
0 0 1
4
4
   0.899994    0.150011 3.47555e-05
 -23.7345 -0.408951   170.695  -1.72968   13.6557         0
0 0 1
5
   0.899992   -0.149992 2.94539e-05
 -24.2801 -0.408904    171.21  -1.72942   13.6968         0
0 0 1
3
      1.4 -0.299979   1.00002
 23.4625 0.408914  144.715        0        0        0
0 0 1
2
     1.4 0.300001  1.00001
 24.5524 0.408889  143.679        0        0        0
0 0 1
3
4
   0.899996    0.150011 3.64897e-05
 4.48137 -11.1378  208.054 -16.6442  1.91515        0
0 0 1
5
   0.899994   -0.149993 3.11804e-05
-26.2453  -11.138  233.281 -18.6623  1.91654        0
0 0 1
2
 1.40001 0.300001  1.00001
21.7642 22.2758 188.962       0       0       0
0 0 1
4
4
   0.899995    0.150011 3.99371e-05
-27.6003 0.854082   173.17 -3.37498  13.8538        0
0 0 1
5
   0.899994   -0.149993 3.49056e-05
-30.5555 0.854148  174.175 -3.37425  13.9341        0
0 0 1
2
 1.40001 0.300023  1.00004
26.7461 -0.6987 143.108       0       0       0
0 0 1
3
      1.5 -0.299979   1.20002
 31.4096 -1.00919  139.845        0        0        0
0 0 1
3
4
   0.899995    0.150011 4.33826e-05
-18.4032  7.27247   224.51  17.9616  13.8693        0
0 0 1
5
  0.899994  -0.149993 3.8629e-05
-2.97511  7.27265  211.425  16.9146  13.8689        0
0 0 1
3
      1.5 -0.299959   1.20005
 21.3783 -14.5448  194.363        0        0        0
0 0 1
4
4
   0.899994    0.150009 5.37777e-05
-31.3427 -1.91099  174.406 -8.28305  13.9529        0
0 0 1
5
   0.899992   -0.149993 5.21887e-05
   -34.4 -1.91093  176.874 -8.28234  14.1502        0
0 0 1
3
  1.49999 -0.299944   1.20007
 29.816 1.91124 141.993       0       0       0
0 0 1
2
     1.5 0.300006  1.20002
35.9266 1.91071 137.025       0       0       0
0 0 1
3
4
   0.899994    0.150008 6.41731e-05
 7.03062 -14.8437  207.527  -16.602  2.81369        0
0 0 1
5
   0.899991   -0.149992 6.57491e-05
-41.9252 -14.8429  242.912 -19.4326   2.8155        0
0 0 1
2
 1.49999 0.300012  1.20003
34.8945 29.6866  179.86       0       0       0
0 0 1
4
4
   0.899995    0.150015 7.58548e-05
  -28.456 -0.573376    173.02  -8.89082    13.842         0
0 0 1
5
   0.899992   -0.149983 7.81941e-05
 -33.2597 -0.573311    175.67  -8.89028   14.0539         0
0 0 1
2
 1.49999 0.300006  1.20004
 30.9153 0.485456  140.511        0        0        0
0 0 1
3
  1.59999 -0.299999       1.4
 30.8003 0.661393  141.097        0        0        0
0 0 1
3
5
   0.899975   -0.150012 0.000105341
-117.564 -1.65232  275.414  20.5663  22.0302        0
0 0 1
2
 1.49998 0.300008  1.20004
 31.2099 0.634747  190.659        0        0        0
0 0 1
3
  1.59999 -0.300003   1.39999
86.3536 1.01709 164.225       0       0       0
0 0 1
4
5
   0.899978   -0.150017 0.000159565
-55.0197 -0.86506   187.68  -8.3103  15.0144        0
0 0 1
2
 1.49997 0.300033  1.20003
42.0326 0.61771 133.748       0       0       0
0 0 1
3
  1.59996 -0.300101   1.39998
 48.6568 0.864718  131.176        0        0        0
0 0 1
4
0.999983 0.149943 0.200036
 -35.6705 -0.618618   177.693  -8.31768   14.2165         0
0 0 1
3
5
  0.899988  -0.149998 0.00016265
-36.7533  11.2798  228.689  6.41018  18.2949        0
0 0 1
3
  1.59996 -0.300088   1.39996
 51.4388 -18.3298  177.584        0        0        0
0 0 1
4
0.999995 0.149952 0.200047
-14.6852  7.05035  224.025  6.40485  17.9212        0
0 0 1
4
5
   0.899983   -0.149993 0.000161618
 -56.7922 -0.702999   188.584    2.4136   15.0864         0
0 0 1
3
  1.59996 -0.300089   1.39996
 52.1039 0.608903  129.312        0        0        0
0 0 1
4
0.999989 0.149949 0.200046
 -43.3961 -0.514915   181.644   2.40572    14.531         0
0 0 1
2
 1.59999 0.300007  1.39999
 48.0841 0.609079  130.757        0        0        0
0 0 1
3
5
  0.899968  -0.149992 0.00015855
-31.1663 -17.1491  235.361 -8.11076  18.8288        0
0 0 1
4
0.999967 0.149948 0.200043
-29.4011 -10.7187  224.896 -8.11637  17.9922        0
0 0 1
2
     1.6 0.300005  1.39996
60.5676 27.8679  170.04       0       0       0
0 0 1
4
5
   0.899965   -0.149992 0.000159351
-50.3734 -3.83238  185.335 -14.8258  14.8269        0
0 0 1
4
0.999964 0.149935 0.200043
-30.1829 -2.87546  173.945 -13.9129  13.9174        0
0 0 1
2
     1.6 0.300018  1.39996
43.2127 2.87397 132.603       0       0       0
0 0 1
3
      1.7 -0.300008   1.60001
37.3433 3.83369 138.415       0       0       0
0 0 1
3
4
0.999967 0.149915 0.200044
-145.081 -54.1288  286.255 -22.8916  22.9035        0
0 0 1
2
 1.59998 0.300038  1.39997
168.463 20.7979 210.579       0       0       0
0 0 1
3
  1.69999 -0.300018   1.60001
-23.3827  33.3305  133.464        0        0        0
0 0 1
4
4
0.999967 0.149915 0.200044
-51.6705  4.08477  186.906  7.71131  14.9497        0
0 0 1
2
 1.59996 0.300085  1.39998
 42.4886 -3.45615  135.657        0        0        0
0 0 1
3
 1.69999 -0.30002      1.6
 59.9902 -4.71296  123.134        0        0        0
0 0 1
5
    1 -0.15   0.2
-50.8087   4.0846    184.6   7.7278  14.7681        0
0 0 1
3
2
 1.59996 0.300103  1.39995
 7.44204 -10.6566  163.821        0        0        0
0 0 1
3
  1.70001 -0.300019   1.59996
144.344 -17.013  180.43       0       0       0
0 0 1
5
  0.99999 -0.150011  0.200002
-151.786  27.6697  286.045  22.8837  22.8833        0
0 0 1
4
2
 1.59996 0.300104  1.39995
41.6521 1.15013 133.723       0       0       0
0 0 1
3
 1.70001 -0.30002  1.59996
45.8781 1.60944 132.987       0       0       0
0 0 1
5
 0.999989 -0.150012  0.200002
-53.6499 -1.60944  187.048 -10.9354  14.9638        0
0 0 1
4
     1.1     0.15 0.399999
-33.8803 -1.15013  176.539 -10.9348  14.1231        0
0 0 1
3
2
 1.59996 0.300103  1.39995
 133.331 -2.58266  166.663        0        0        0
0 0 1
3
  1.70001 -0.300022   1.59994
 53.4268 -4.56383  137.566        0        0        0
0 0 1
4
     1.1 0.149999 0.399999
-186.757  7.14634  326.068 -26.0853  26.0854        0
0 0 1
4
2
 1.59995 0.300124  1.39991
 65.9658 -4.01491  122.256        0        0        0
0 0 1
3
  1.70002 -0.300014   1.59991
   85.89 -5.80015  107.363        0        0        0
0 0 1
4
 1.10001 0.149981 0.400014
-74.3353  4.90704  200.878  3.60989  16.0703        0
0 0 1
5
  1.10001 -0.150047  0.400026
-77.5198  4.90761  199.801  3.60239   15.984        0
0 0 1
3
3
  1.70002 -0.300014    1.5999
 99.7766 -43.1691  142.607        0        0        0
0 0 1
4
 1.10001  0.14998 0.400014
-36.4605  21.5843  245.217  9.19896  19.6172        0
0 0 1
5
  1.10001 -0.150048  0.400027
-63.3161  21.5848  242.474  9.19113  19.3974        0
0 0 1
4
3
  1.70003 -0.299989   1.59989
    66.048 0.00950038    120.766          0          0          0
0 0 1
4
 1.10001  0.14998 0.400014
   -66.0564 -0.00963041     194.384  -0.0241565     15.5508           0
0 0 1
5
  1.10001 -0.150048  0.400027
   -66.0587 -0.00917534     194.391  -0.0297113     15.5515           0
0 0 1
2
1.7 0.3 1.6
   66.0672 0.00950318    120.756          0          0          0
0 0 1
3
4
 1.10001  0.14998 0.400015
-53.3149 -16.9919  237.393   0.4683  18.9914        0
0 0 1
5
      1.1 -0.150041  0.400026
-27.5354 -16.9925  237.251 0.470416  18.9801        0
0 0 1
2
     1.7 0.300002  1.59999
80.8502 33.9846 155.653       0       0       0
0 0 1
4
4
 1.10001  0.14998 0.400016
-50.9155  1.05905  185.961 -6.20231  14.8778        0
0 0 1
5
      1.1 -0.150036  0.400027
-55.6094  1.05906  187.809 -6.19973  15.0255        0
0 0 1
2
     1.7 0.300001  1.59999
  49.7607 -0.896271   130.502         0         0         0
0 0 1
3
  1.79999 -0.299985   1.80003
  56.764 -1.22174  126.025        0        0        0
0 0 1
3
5
      1.1 -0.150031  0.400027
-146.135 0.485159  291.772  23.3441  23.3413        0
0 0 1
2
1.69999     0.3 1.59999
35.9855 -0.1851 187.967       0       0       0
0 0 1
3
  1.79998 -0.299969   1.80006
  110.15 -0.29994  150.559        0        0        0
0 0 1
4
5
      1.1 -0.150031  0.400027
-71.7637  1.94644  196.458 0.582937   15.717        0
0 0 1
2
1.69999     0.3 1.59999
 52.1036 -1.39014  128.905        0        0        0
0 0 1
3
  1.79999 -0.299957   1.80004
 69.7941 -1.94617  118.395        0        0        0
0 0 1
4
 1.2 0.15  0.6
 -50.134  1.38997  186.539 0.588063  14.9231        0
0 0 1
3
2
 1.69999 0.300005  1.59996
 95.6991 -11.6238  167.267        0        0        0
0 0 1
3
      1.8 -0.299947   1.80001
 71.9477 -20.3419  152.996        0        0        0
0 0 1
4
 1.19999     0.15 0.599997
-167.647  31.9658  310.034  -17.073  24.8016        0
0 0 1
4
2
 1.69999 0.300015  1.59996
 41.1851 -10.7516  138.439        0        0        0
0 0 1
3
  1.80001 -0.299926   1.79999
83.7749 -15.531 104.719       0       0       0
0 0 1
4
 1.19999 0.150001 0.599996
-68.8938  13.1414  200.275  16.0211  16.0224        0
0 0 1
5
      1.2 -0.149995  0.599999
-56.0661  13.1415  186.864  14.9485  14.9494        0
0 0 1
3
3
  1.80002 -0.299906   1.79996
 75.4881 -57.5725  147.622        0        0        0
0 0 1
4
 1.19999 0.150001 0.599996
-77.4299  28.7859   271.59  21.7256   21.728        0
0 0 1
5
 1.19999 -0.14999 0.599999
1.94191  28.787 211.085 16.8858 16.8877       0
0 0 1
4
3
  1.80001 -0.299907   1.79997
 76.6562 -8.61755  110.487        0        0        0
0 0 1
4
 1.19999     0.15 0.599997
-69.7584  8.61906  198.986  15.9178  15.9193        0
0 0 1
5
  1.19999 -0.149984  0.600003
-55.9551  8.61873  187.916  15.0321   15.034        0
0 0 1
2
     1.8 0.300023  1.80001
49.0571   -8.62 132.909       0       0       0
0 0 1
3
3
  1.80001 -0.299891   1.79998
 0.5652 22.1312 93.1706       0       0       0
0 0 1
4
 1.19999     0.15 0.599997
-179.521  -44.321  313.433 -25.0749  25.0724        0
0 0 1
2
     1.8 0.300021  1.80001
178.955 22.1898 223.694       0       0       0
0 0 1
4
3
  1.80001 -0.299894   1.79999
 80.9327 -10.5878  106.007        0        0        0
0 0 1
4
 1.19998 0.149997 0.599995
-88.3599  12.5133  209.817  16.7839  16.7857        0
0 0 1
2
     1.8 0.300021      1.8
 59.5515 -10.5886  128.249        0        0        0
0 0 1
5
  1.29999 -0.149994  0.799999
-52.1245  8.66309  186.224  14.8975   14.898        0
0 0 1
3
3
      1.8 -0.299897   1.80001
  87.052 -56.0158  142.349        0        0        0
0 0 1
4
 1.19997 0.149994 0.599994
-61.7497  35.6465  264.284   21.141  21.1435        0
0 0 1
5
  1.29999 -0.149988  0.799997
-25.3025  20.3693  223.664  17.8924  17.8936        0
0 0 1
4
3
     1.8 -0.29984      1.8
 70.5102 -7.96887  112.756        0        0        0
0 0 1
4
 1.19997  0.14999 0.599994
-80.8987  11.1572   205.04  16.4015  16.4035        0
0 0 1
5
  1.29998 -0.149983  0.799996
-40.8108   7.9693  180.527  14.4412  14.4426        0
0 0 1
2
1.9 0.3   2
 51.1992 -11.1573  131.974        0        0        0
0 0 1
3
4
 1.19997  0.14999 0.599994
-57.3466 -16.7989  239.406 -5.13138  19.1516        0
0 0 1
5
  1.29998 -0.149983  0.799996
-21.0147 -10.4992  230.743 -5.13245   18.459        0
0 0 1
2
     1.9 0.300009  1.99999
78.3613 27.2985 160.149       0       0       0
0 0 1
4
4
 1.19997  0.14999 0.599997
-60.8177  9.59932  192.838  15.4256  15.4274        0
0 0 1
5
  1.29998 -0.149983       0.8
-34.4956  7.03943  176.052  14.0834  14.0845        0
0 0 1
2
 1.89999 0.300023  1.99999
 35.9959 -8.31907  140.374        0        0        0
0 0 1
3
  1.89999 -0.299994   2.00001
  59.317 -8.31958  121.034        0        0        0
0 0 1
3
5
  1.29998 -0.149985  0.800016
-175.476  80.6104  306.371  24.5071  24.5102        0
0 0 1
2
 1.89999 0.300006  1.99994
-36.7359 -40.2974    58.66        0        0        0
0 0 1
3
1.89999    -0.3 1.99995
 212.212 -40.3129  265.265        0        0        0
0 0 1
4
2
1.89999 0.30002       2
  33.9751 0.0547768   138.863         0         0         0
0 0 1
3
      1.9 -0.299995   1.99998
  33.8005 0.0547707   139.005         0         0         0
0 0 1
4
 1.29998 0.150011 0.800028
  -33.8454 -0.0549023     176.18  -0.238964    14.0943          0
0 0 1
5
  1.29998 -0.150006  0.800067
    -33.93 -0.0546505     176.25  -0.239363    14.0999          0
0 0 1
