2
4
   0.899993    0.150011 2.72273e-05
-9.28992e-07  1.14818e-05      314.463     -4.57036      8.47096            0
0 0 1
5
   0.899991   -0.149991 2.19901e-05
-8.73023e-07  -1.2454e-05      315.834     -4.57036      8.47096            0
0 0 1
3
4
   0.899993     0.15001 3.40752e-05
-12.5602   8.7871  224.045  12.4551  17.9224        0
0 0 1
5
    0.89999   -0.149992 2.87731e-05
-20.9023  8.78729  220.332  12.4549  17.6252        0
0 0 1
3
      1.4 -0.299986         1
 33.4625 -17.5742  185.921        0        0        0
0 0 1
4
4
   0.899994    0.150011 3.90872e-05
-34.4573 0.955126  177.555 -6.13055  14.2049        0
0 0 1
5
   0.899992    -0.14999 3.17446e-05
-39.2787 0.955193  179.381 -6.13005  14.3509        0
0 0 1
3
      1.4 -0.299985         1
  32.8508 -0.955072   138.213         0         0         0
0 0 1
2
     1.4 0.200003        1
40.8853 -0.9552  135.15       0       0       0
0 0 1
3
4
   0.899996    0.150013 4.40921e-05
 5.50654 -11.3549  206.759 -16.5391  15.7554        0
0 0 1
5
   0.899994   -0.149989 3.47107e-05
-33.2311 -11.3554   236.16 -18.8914  15.7572        0
0 0 1
2
 1.40001 0.200005  1.00001
27.7248 22.7103 187.378       0       0       0
0 0 1
4
4
   0.899996    0.150012 4.51191e-05
-30.5433  2.91034   175.67 -3.97835  14.0539        0
0 0 1
5
   0.899994   -0.149989 3.58575e-05
-36.1029  2.91041  176.854 -3.97743  14.1486        0
0 0 1
2
 1.40001 0.200006  1.00001
 31.8121 -2.38134  140.965        0        0        0
0 0 1
3
      1.5 -0.299999   1.20002
  34.834 -3.43945  136.809        0        0        0
0 0 1
3
4
   0.899996    0.150012 4.61458e-05
-117.427 -3.43263  285.037    -22.8  22.8049        0
0 0 1
2
     1.4 0.200007  1.00001
109.555 1.24495 146.036       0       0       0
0 0 1
3
      1.5 -0.299998   1.20003
7.87138 2.18763 199.225       0       0       0
0 0 1
4
4
   0.899994    0.149988 8.23503e-05
-51.9697  6.98151  188.897 -7.72575  15.1125        0
0 0 1
2
    1.4 0.20003 1.00002
 47.8704 -4.65506  132.932        0        0        0
0 0 1
3
  1.49998 -0.300035   1.20005
 48.1018 -6.98094  127.001        0        0        0
0 0 1
5
        1 -0.150015  0.200044
-44.0028  4.65387  181.468 -7.72125   14.518        0
0 0 1
3
4
   0.899989    0.149981 8.92133e-05
-26.0928  18.1617  234.884  2.53392  18.7903        0
0 0 1
3
  1.49997 -0.300055   1.20008
  55.036 -28.5394  170.718        0        0        0
0 0 1
5
0.999998 -0.15002 0.200053
-28.9436  10.3775  224.696  2.53656  17.9755        0
0 0 1
4
4
   0.899982    0.149953 9.36462e-05
-52.5483  3.18343  187.357 0.409896  14.9882        0
0 0 1
3
  1.49997 -0.300053   1.20007
  43.124 -2.69376  131.869        0        0        0
0 0 1
5
 0.999997 -0.150044  0.200067
-38.6207  2.20393  178.975  0.40778   14.318        0
0 0 1
2
     1.5 0.250018  1.19999
 48.0452 -2.69395  132.097        0        0        0
0 0 1
3
4
  0.899975   0.149924 9.8079e-05
-30.6052 -9.63408  225.239 -13.6137  18.0204        0
0 0 1
5
 0.999997 -0.150068  0.200082
-13.6683 -5.50489  222.976 -13.6181   17.841        0
0 0 1
2
 1.49999 0.250036  1.19999
44.2737 15.1386 182.083       0       0       0
0 0 1
4
4
   0.899972    0.149936 0.000140794
-48.568 5.57371 185.439 1.82177 14.8347       0
0 0 1
5
        1 -0.150052  0.200128
-37.804 3.98083 177.715 1.81779 14.2171       0
0 0 1
2
 1.49999 0.249963  1.19993
 39.3368 -3.98199  137.682        0        0        0
0 0 1
3
  1.59992 -0.300093   1.39995
 47.0338 -5.57373  129.459        0        0        0
0 0 1
3
5
        1 -0.150057  0.200129
-178.307 -9.62868  311.315  8.29446  24.9039        0
0 0 1
2
 1.49999 0.249949  1.19994
58.5026  3.5024 169.227       0       0       0
0 0 1
3
  1.59992 -0.300093   1.39996
119.805  6.1261 149.756       0       0       0
0 0 1
4
5
        1 -0.150056  0.200129
 -71.3684 -0.658731   197.903  -15.8303    15.834         0
0 0 1
2
     1.5 0.249925  1.19995
 66.2993 0.538731  119.577        0        0        0
0 0 1
3
  1.59991 -0.300142   1.39994
 60.6474 0.783463  123.074        0        0        0
0 0 1
4
       1 0.149999 0.200001
 -55.5783 -0.663974   189.743  -15.1794   15.1795         0
0 0 1
3
5
        1 -0.150056  0.200128
-73.7199  18.4965  248.862 -19.9068  19.9115        0
0 0 1
3
 1.59991 -0.30014  1.39994
 98.4333 -36.9865  143.079        0        0        0
0 0 1
4
0.999999 0.149998 0.200004
-24.7135    18.49  238.357 -19.0684  19.0686        0
0 0 1
4
5
        1 -0.150058  0.200128
-61.8789    3.315  191.385  14.3395  15.3091        0
0 0 1
3
  1.59991 -0.300139   1.39994
 69.8275 -3.31561  117.323        0        0        0
0 0 1
4
0.999999 0.149986 0.200011
-67.1877  3.31521  195.664  14.3467  15.6525        0
0 0 1
2
     1.6 0.300002  1.39999
 59.2391 -3.31472  125.926        0        0        0
0 0 1
3
5
 1.00001 -0.15006 0.200127
 -23.488 -15.8598  234.665   15.148   18.771        0
0 0 1
4
0.999998 0.149974 0.200018
-56.3933 -15.8604  239.186  15.1526  19.1336        0
0 0 1
2
 1.59999 0.300004  1.39997
79.8813 31.7201 156.446       0       0       0
0 0 1
4
5
        1 -0.150059  0.200127
-60.4957 -1.04476  190.932 -15.2726  15.2765        0
0 0 1
4
0.999997 0.149973 0.200019
-51.7646 -1.04728   186.14 -14.8899  14.8925        0
0 0 1
2
 1.59999 0.300001  1.39997
 56.2324 0.884797  126.078        0        0        0
0 0 1
3
      1.7 -0.300002       1.6
56.0279  1.2072 127.147       0       0       0
0 0 1
3
4
0.999997 0.149973 0.200019
-143.783  2.23424  294.149   -23.53  23.5341        0
0 0 1
2
 1.59999 0.299995  1.39995
  105.368 -0.860584   152.107         0         0         0
0 0 1
3
    1.7    -0.3 1.59999
38.4147 -1.3737 184.041       0       0       0
0 0 1
4
4
       1 0.149967 0.200028
-60.7751  5.77639  192.114  4.09447  15.3687        0
0 0 1
2
 1.59998 0.299986  1.39996
 46.788 -4.1258  133.71       0       0       0
0 0 1
3
      1.7 -0.299996   1.59996
 59.5313 -5.77634  122.386        0        0        0
0 0 1
5
  1.09999 -0.149994  0.400008
-45.5442  4.12588  182.087  4.10366  14.5669        0
0 0 1
3
2
 1.59998 0.299989  1.39996
-48.5865 -35.1502  64.0792        0        0        0
0 0 1
3
      1.7 -0.299988   1.59997
  217.31 -61.4726  271.637        0        0        0
0 0 1
5
  1.09999 -0.149994  0.400008
-168.723  96.6232  294.581  23.5662  23.5659        0
0 0 1
4
2
 1.59995 0.300082  1.39995
 66.0454 -2.67794  121.625        0        0        0
0 0 1
3
      1.7 -0.299976   1.59995
 81.1906 -3.86954  110.473        0        0        0
0 0 1
5
  1.10001 -0.150039  0.400044
-76.5244  3.27443  199.658 -3.74621  15.9732        0
0 0 1
4
 1.10003 0.149995 0.400042
-70.7116  3.27343  198.542 -3.73799  15.8838        0
0 0 1
3
3
  1.69998 -0.300006   1.59995
 96.8886 -39.9676  144.731        0        0        0
0 0 1
5
  1.10002 -0.150025  0.400049
-65.4009  19.9846  243.761 -6.56108  19.5015        0
0 0 1
4
 1.10003 0.150004 0.400047
-31.4878  19.9826  241.805 -6.55441  19.3446        0
0 0 1
4
3
 1.69996 -0.30005  1.59995
  67.1896 -0.573222   119.898         0         0         0
0 0 1
5
  1.10002 -0.149997  0.400052
-65.8262 0.573328  194.143  2.47712  15.5318        0
0 0 1
4
 1.10003 0.150027 0.400053
-66.7369 0.573077  194.879  2.48039   15.591        0
0 0 1
2
     1.7 0.299991  1.59999
  65.3733 -0.573209   121.377         0         0         0
0 0 1
3
3
  1.69996 -0.300052   1.59992
-36.7982  37.0096   46.262        0        0        0
0 0 1
4
 1.10003 0.150035  0.40006
-179.588 -81.6925  313.551  -25.088  25.0838        0
0 0 1
2
 1.70001 0.299987  1.59996
216.387 44.6821 270.484       0       0       0
0 0 1
4
3
  1.69996 -0.300049   1.59991
  78.174 -5.67976   110.56        0        0        0
0 0 1
4
 1.10004 0.150007 0.400071
-90.345 6.71208 209.066 15.3233 16.7263       0
0 0 1
2
    1.7 0.29999 1.59994
 72.1857 -5.67991  119.749        0        0        0
0 0 1
5
  1.20001 -0.150011  0.600015
-60.0146  4.64724  190.923  15.2743  15.2736        0
0 0 1
3
4
 1.10004 0.150005 0.400071
-27.7829 -33.4639   225.46 -18.0372  18.0369        0
0 0 1
2
 1.70001 0.299951  1.59996
84.3942 52.5868 143.899       0       0       0
0 0 1
5
      1.2 -0.150011  0.600017
-56.6113 -19.1232  260.938 -20.8745  20.8757        0
0 0 1
4
4
 1.10003 0.150003 0.400071
-61.6746  7.38521  192.889  10.2575  15.4317        0
0 0 1
2
1.70001 0.29996 1.59996
 44.2933 -5.27528   135.66        0        0        0
0 0 1
5
  1.20001 -0.150035  0.600033
-44.2065  5.27571  181.066  10.2448  14.4839        0
0 0 1
3
  1.80002 -0.299975   1.79996
 61.5883 -7.38563  120.682        0        0        0
0 0 1
3
4
 1.10003 0.149998 0.400073
-38.746 20.0797 240.716 19.2576 19.2577       0
0 0 1
5
  1.20001 -0.150038  0.600039
-27.688 12.5508 224.102 17.9315 17.9253       0
0 0 1
3
  1.80001 -0.299976   1.79997
 66.4339 -32.6309  165.479        0        0        0
0 0 1
4
4
 1.10003 0.149994 0.400073
 -38.725 -1.07399  178.314 -7.75697  14.2655        0
0 0 1
5
  1.20001 -0.150052  0.600042
 -31.6881 -0.787082   175.245  -7.76809   14.0218         0
0 0 1
3
  1.80001 -0.299981   1.79996
 31.4116 0.930323  140.696        0        0        0
0 0 1
2
     1.8 0.300002  1.79998
 39.0015 0.930545  136.043        0        0        0
0 0 1
3
5
      1.2 -0.150038  0.600058
-161.935 -17.5145  303.276  16.3656  24.2584        0
0 0 1
3
      1.8 -0.299999   1.79998
103.946 8.75691  158.59       0       0       0
0 0 1
2
    1.8 0.29999 1.79997
57.9889 8.75742 168.431       0       0       0
0 0 1
4
5
      1.2 -0.150048  0.600062
-61.9286 0.555453  191.948  2.39572  15.3552        0
0 0 1
3
  1.79999 -0.300007   1.79997
  63.2724 -0.555521   122.116         0         0         0
0 0 1
2
     1.8 0.299997  1.79999
  61.4845 -0.555519   123.564         0         0         0
0 0 1
4
 1.19999 0.149961 0.600012
-62.8288 0.554955  192.669  2.40361  15.4131        0
0 0 1
3
5
      1.2 -0.150049  0.600063
-21.0106 -13.6457  231.443   7.7021  18.5134        0
0 0 1
2
     1.8 0.300002  1.79999
67.1303 27.2925 165.109       0       0       0
0 0 1
4
 1.19999  0.14996 0.600012
-46.1197 -13.6469  233.746   7.7098  18.6984        0
0 0 1
4
5
      1.2 -0.150053  0.600075
-47.5645  2.96162  182.999  3.51456  14.6391        0
0 0 1
2
 1.79999 0.300018  1.79999
 40.6034 -2.50588  136.318        0        0        0
0 0 1
4
 1.19999 0.149959 0.600024
-46.9519  2.96142  184.052  3.51991  14.7236        0
0 0 1
3
  1.89999 -0.299996   1.99999
 53.9129 -3.41706  126.929        0        0        0
0 0 1
3
5
  1.20001 -0.150068  0.600079
-31.1116  10.6124  225.739  8.63524  18.0569        0
0 0 1
4
 1.19999 0.149917 0.600027
-22.6584  10.6133  228.318  8.63547  18.2632        0
0 0 1
3
  1.89999 -0.299992         2
   53.77 -21.2269  176.239        0        0        0
0 0 1
4
5
  1.20001 -0.150068  0.600079
-36.8763  5.03163  177.113  14.1731  14.1651        0
0 0 1
4
 1.19999 0.149917 0.600028
 -46.28 5.03205 183.885 14.7148 14.7066       0
0 0 1
3
  1.89999 -0.299984         2
 50.9793 -5.03209  127.793        0        0        0
0 0 1
2
     1.9 0.299985  1.99998
  32.177 -5.03167  141.507        0        0        0
0 0 1
3
4
 1.19999 0.149918 0.600028
-131.613  11.5593  283.824 -19.9908  22.7112        0
0 0 1
3
  1.89998 -0.299983   2.00001
  46.406 -5.77881  179.225        0        0        0
0 0 1
2
     1.9 0.299985  1.99998
 85.2064 -5.78045  167.249        0        0        0
0 0 1
4
4
 1.20005 0.149881 0.600042
-59.0847 -1.30224  189.531 -10.5313  15.1662        0
0 0 1
3
 1.89998 -0.29998  2.00002
48.2262  1.1294 131.292       0       0       0
0 0 1
2
 1.89999 0.299994  1.99998
58.7487 1.12875 124.986       0       0       0
0 0 1
5
  1.30002 -0.149996  0.800023
 -47.8893 -0.955876   184.488  -10.5104   14.7595         0
0 0 1
3
3
 1.89998 -0.29998  2.00002
 149.957 -8.57281  187.446        0        0        0
0 0 1
2
 1.89999 0.299969  1.99999
 27.1607 -8.54562  133.614        0        0        0
0 0 1
5
  1.30002 -0.149995  0.800023
-177.118  17.1184  309.237  24.7401  24.7392        0
0 0 1
4
2
1.89999 0.30002       2
  33.9752 0.0548786   138.864         0         0         0
0 0 1
3
      1.9 -0.299995   1.99998
  33.8006 0.0548724   139.005         0         0         0
0 0 1
4
 1.29998 0.150011 0.800028
  -33.8454 -0.0547864     176.18  -0.239016    14.0943          0
0 0 1
5
  1.29998 -0.150006  0.800067
    -33.93 -0.0545345    176.251  -0.239416    14.0999          0
0 0 1
