2
4
   0.899993    0.150011 2.72273e-05
-9.28992e-07  1.14818e-05      314.463     -4.57036      8.47096            0
0 0 1
5
   0.899991   -0.149991 2.19901e-05
-8.73023e-07  -1.2454e-05      315.834     -4.57036      8.47096            0
0 0 1
3
4
   0.899995    0.150012 3.48806e-05
-44.0609  18.8563  249.406   19.953   5.8726        0
0 0 1
5
   0.899993   -0.149991 2.94493e-05
6.46852 18.8569 207.438 16.5957 5.87365       0
0 0 1
3
  1.40002 -0.299994   1.00003
 37.5926 -37.7131  173.454        0        0        0
0 0 1
4
4
   0.899996    0.150013 3.58225e-05
-23.5796 0.138262  170.739 0.578271   13.659        0
0 0 1
5
   0.899993   -0.149991 3.05238e-05
-23.3966 0.138321  170.565 0.578468  13.6451        0
0 0 1
3
  1.40002 -0.299998   1.00003
  23.6722 -0.138294   144.322         0         0         0
0 0 1
2
     1.4 0.300001        1
  23.3041 -0.138284   144.672         0         0         0
0 0 1
3
4
   0.899996    0.150013 3.67622e-05
 2.70692 -9.12238  208.766 -16.7009  3.81545        0
0 0 1
5
   0.899994   -0.149991 3.15947e-05
-21.1748 -9.12247   228.79 -18.3027  3.81649        0
0 0 1
2
     1.4 0.300003        1
18.4679 18.2448 192.742       0       0       0
0 0 1
4
4
  0.899996   0.150013 3.8293e-05
-29.4037  3.12311   174.69   6.3536  13.9743        0
0 0 1
5
   0.899994   -0.149991 3.29136e-05
-28.9963  3.12321  172.795  6.35427  13.8228        0
0 0 1
2
     1.4 0.300002        1
 23.4826 -2.55526  145.968        0        0        0
0 0 1
3
      1.5 -0.300005   1.20002
34.9173 -3.6911 136.844       0       0       0
0 0 1
3
4
  0.899996   0.150013 3.9823e-05
-106.607  6.99534  273.374 -21.8668  21.8722        0
0 0 1
2
    1.4     0.3 1.00001
 73.3867 -2.54469   171.28        0        0        0
0 0 1
3
      1.5 -0.300009   1.20004
 33.2203 -4.45069  185.643        0        0        0
0 0 1
4
4
   0.899995    0.150015 5.91703e-05
-52.7666  6.96701   188.69  6.95475  15.0942        0
0 0 1
2
     1.4 0.299971        1
 38.8949 -4.64471  138.584        0        0        0
0 0 1
3
  1.49997 -0.300035   1.20006
 51.3765 -6.96743   125.38        0        0        0
0 0 1
5
        1 -0.149987  0.200019
-37.5053  4.64489  177.644  6.96705  14.2118        0
0 0 1
3
4
   0.899993    0.150017 6.47628e-05
-46.809 23.3129 248.712 19.8986  18.284       0
0 0 1
3
  1.49996 -0.300057   1.20009
 44.0305 -36.6409   172.28        0        0        0
0 0 1
5
 0.999998 -0.149982  0.200024
2.77826 13.3279 209.305 16.7432 16.7456       0
0 0 1
4
4
    0.89999    0.150025 9.14364e-05
-57.3114  5.45375  190.281  14.1334  15.2205        0
0 0 1
3
 1.49995 -0.30006  1.20009
 50.4904 -4.61522  126.982        0        0        0
0 0 1
5
 0.999985 -0.149947  0.200039
-36.761 3.77599 177.568 14.1559 14.2079       0
0 0 1
2
 1.49999 0.300043  1.20001
 43.5815 -4.61371  135.466        0        0        0
0 0 1
3
4
   0.899987    0.150024 0.000103355
-39.2929 -11.0917  230.156 0.858254  18.4123        0
0 0 1
5
 0.999978 -0.149934  0.200049
-8.73357 -6.33876  222.056 0.880397  17.7647        0
0 0 1
2
 1.49998 0.300042  1.20002
48.0264 17.4309 178.086       0       0       0
0 0 1
4
4
   0.899974    0.150047 0.000122919
-54.8206  1.38945  188.043 -11.6025  15.0442        0
0 0 1
5
 0.999975 -0.149923  0.200054
-46.1437 0.991709  183.138 -11.5761  14.6473        0
0 0 1
2
     1.5 0.300005  1.20001
  50.2163 -0.992126   130.287         0         0         0
0 0 1
3
      1.6 -0.300023   1.39999
 50.7486 -1.38915  128.829        0        0        0
0 0 1
3
4
   0.899976     0.15004 0.000131993
-90.0854  33.8711  277.237  22.1756 -21.5345        0
0 0 1
5
  0.99998 -0.149935   0.20007
27.4889 21.1791 200.327 16.0304 -16.022       0
0 0 1
3
      1.6 -0.300019   1.39999
 62.5964 -55.0501  152.733        0        0        0
0 0 1
4
4
   0.899954    0.150039 0.000127708
-62.7132  3.75496  192.337  9.03202   15.385        0
0 0 1
5
 0.999957 -0.149931  0.200061
-43.8965  2.75378  181.492  9.05669  14.5208        0
0 0 1
3
  1.60001 -0.300027   1.39997
  55.724 -3.25447  125.522        0        0        0
0 0 1
2
 1.60002 0.299996  1.39997
  50.886 -3.25445  130.946        0        0        0
0 0 1
3
4
   0.899955    0.150035 0.000127866
 -7.5125 -19.6939  214.822 -17.1833  17.1884        0
0 0 1
5
 0.999957 -0.149932  0.200061
-44.5598 -12.3123  244.056 -19.5284  19.5194        0
0 0 1
2
1.60002 0.29999 1.39997
52.0723 32.0059 171.419       0       0       0
0 0 1
4
4
   0.899958    0.150029 0.000149629
-31.9861  -9.5897  174.822 -13.9831  13.9878        0
0 0 1
5
  0.99996 -0.149948  0.200091
-43.6548 -7.19406  184.134 -14.7332  14.7269        0
0 0 1
2
 1.59997 0.299986  1.39995
54.8896 7.19157 123.538       0       0       0
0 0 1
3
  1.69997 -0.299987   1.59998
20.7503 9.59194 147.804       0       0       0
0 0 1
3
5
0.999961 -0.14995 0.200092
-133.307 -8.80621  284.927  3.06869  22.7928        0
0 0 1
2
 1.59997 0.299993  1.39997
43.0458 3.38712 181.441       0       0       0
0 0 1
3
  1.69997 -0.299987   1.59997
 90.261 5.41905 163.929       0       0       0
0 0 1
4
5
 0.999956 -0.149952  0.200102
 -53.9393 -0.731382   187.203  -13.5591   14.9727         0
0 0 1
2
 1.59996 0.300014      1.4
  49.954 0.619819  129.761        0        0        0
0 0 1
3
  1.69997 -0.299993   1.59996
 50.4676 0.844659  130.179        0        0        0
0 0 1
4
0.999999 0.149997 0.200001
 -46.4825 -0.733114   183.154  -13.5724   14.6525         0
0 0 1
3
5
  0.99995 -0.149946  0.200107
 -33.9961   10.2177   227.336 -0.689237   18.1861         0
0 0 1
3
  1.69996 -0.299978   1.59995
 54.4475 -20.4335  175.836        0        0        0
0 0 1
4
0.999999 0.150004 0.200007
 -20.4515    10.216   227.125 -0.698397     18.17         0
0 0 1
4
5
 0.999955 -0.149926  0.200144
-43.0302 -1.18978  181.163 -5.40716  14.4926        0
0 0 1
3
  1.69995 -0.300001   1.59994
39.6971 1.19014 136.416       0       0       0
0 0 1
4
 1.00002 0.149986 0.200036
-40.8144 -1.19018  179.548 -5.41793  14.3654        0
0 0 1
2
 1.69999 0.300032  1.59998
44.1472 1.19006  133.17       0       0       0
0 0 1
3
3
  1.69995 -0.299969   1.59994
0.0671272   14.8932   173.268         0         0         0
0 0 1
4
 1.00002 0.149987 0.200036
-139.141 -29.7704  283.187   -22.65  22.6614        0
0 0 1
2
 1.69999 0.300033  1.59998
139.074 14.8773 173.843       0       0       0
0 0 1
4
3
  1.69996 -0.299954   1.59992
46.3885 1.38409 132.413       0       0       0
0 0 1
4
       1 0.149979 0.200032
-57.1995 -1.59671  188.445 -11.5082  15.0783        0
0 0 1
2
 1.69999 0.300058  1.59995
57.6273 1.38387 125.515       0       0       0
0 0 1
5
  1.09997 -0.149985  0.399995
-46.8163 -1.17062  183.923 -11.4882  14.7126        0
0 0 1
3
3
  1.69997 -0.299933   1.59989
107.455 7.55229     156       0       0       0
0 0 1
2
 1.69998 0.300084  1.59996
55.9332 7.55144 170.439       0       0       0
0 0 1
5
  1.09997 -0.149992  0.399997
-163.388 -15.1034  303.858  24.0797  24.3089        0
0 0 1
4
3
  1.69998 -0.299929   1.59988
 62.657 1.67667 123.346       0       0       0
0 0 1
2
 1.69998 0.300083  1.59996
67.9996  1.6772 119.001       0       0       0
0 0 1
5
  1.09997 -0.149992  0.399997
-66.6615 -1.67667  195.056  -7.2345  15.6036        0
0 0 1
4
 1.1 0.15  0.4
-63.9951 -1.67719  192.894 -7.24007  15.4316        0
0 0 1
3
3
 1.69998 -0.29993  1.59988
 46.1429 -2.96403  178.658        0        0        0
0 0 1
2
 1.69998 0.300087  1.59998
  114.65 -2.95952  148.857        0        0        0
0 0 1
4
     1.1 0.150003 0.400001
-160.793  5.92359  302.783 -24.2227  24.2226        0
0 0 1
4
3
  1.69997 -0.299944   1.59986
 79.7496 -5.89612  109.539        0        0        0
0 0 1
2
1.69999 0.30014 1.59998
 73.2575 -5.89783  119.226        0        0        0
0 0 1
4
 1.09999 0.150001      0.4
-92.0411  6.96914  210.051  16.1427  16.8034        0
0 0 1
5
  1.19999 -0.150007  0.599999
-60.966 4.82484 191.481 15.3191 15.3176       0
0 0 1
3
2
 1.69998 0.300132  1.59997
81.1829 36.1977 153.275       0       0       0
0 0 1
4
 1.09999 0.149984      0.4
-53.8087 -23.0351  237.726 -19.0168  19.0187        0
0 0 1
5
      1.2 -0.150019  0.600005
-27.3742 -13.1626  239.297 -19.1429  19.1444        0
0 0 1
4
2
 1.69998 0.300104  1.59996
 47.0149 -3.02065  133.054        0        0        0
0 0 1
4
 1.09998 0.149971 0.400023
-57.6756  4.22814  190.116 -1.10689   15.209        0
0 0 1
5
  1.19999 -0.150024  0.600032
-44.8709  3.01981  181.953 -1.10845  14.5561        0
0 0 1
3
  1.79998 -0.300036   1.79998
 55.5313 -4.22854  125.173        0        0        0
0 0 1
3
2
 1.69999 0.300115  1.59993
-4.30536 -18.9863  87.8928        0        0        0
0 0 1
5
 1.19999 -0.15005 0.600041
-179.25  52.263  312.96 25.0407 25.0323       0
0 0 1
3
      1.8 -0.299981   1.79998
 183.556 -33.2761  229.445        0        0        0
0 0 1
4
2
 1.69998 0.300124  1.59992
 69.2721 -2.38026  119.608        0        0        0
0 0 1
5
  1.20001 -0.150063  0.600055
-79.7887   2.9094  201.589 -5.99486  16.1283        0
0 0 1
3
      1.8 -0.299975   1.79997
 83.5562 -3.43799  109.294        0        0        0
0 0 1
4
 1.20003 0.149943 0.600022
-73.0391  2.90827  199.807 -5.98372  15.9856        0
0 0 1
3
2
 1.69996 0.300148   1.5999
210.017 47.9315 262.521       0       0       0
0 0 1
3
      1.8 -0.299967   1.79995
-18.211  26.314 32.8925       0       0       0
0 0 1
4
 1.20003 0.149892  0.60006
-191.807 -74.2464  334.883 -26.7853  26.7975        0
0 0 1
4
2
 1.69997 0.300169  1.59991
 69.2257 -6.39796  121.926        0        0        0
0 0 1
3
  1.79999 -0.299973   1.79995
 84.5578 -9.59796  105.697        0        0        0
0 0 1
4
 1.20003 0.149889 0.600059
-89.3633   9.5979  209.916  5.70462  16.7927        0
0 0 1
5
  1.29999 -0.149995  0.799998
-64.4204  6.39814  192.759  5.73843  15.4207        0
0 0 1
3
3
  1.79999 -0.299978   1.79995
 102.429 -53.2712  136.031        0        0        0
0 0 1
4
 1.20003 0.149887 0.600059
-48.891 33.8985 256.801  6.2256 20.5434       0
0 0 1
5
  1.29999 -0.149997  0.799999
-53.5378  19.3726  237.465  6.26309  18.9972        0
0 0 1
4
3
  1.79999 -0.299997   1.79995
 71.1628 0.330866  117.197        0        0        0
0 0 1
4
 1.20003 0.149864 0.600063
 -88.2511 -0.390516   206.548  -10.7785    16.528         0
0 0 1
5
 1.29999    -0.15 0.799998
 -66.2457 -0.271641   195.797  -10.7433    15.664         0
0 0 1
2
 1.79998 0.300087      1.8
 83.3337 0.331623  110.755        0        0        0
0 0 1
3
3
  1.79999 -0.299992   1.79992
 207.443 -56.0405  259.303        0        0        0
0 0 1
5
  1.29996 -0.150001  0.799986
-209.176  60.6677   365.21  29.2153  29.2134        0
0 0 1
2
 1.79998 0.300095  1.79998
 1.73359 -4.62645  5.78306        0        0        0
0 0 1
4
3
  1.79999 -0.299977   1.79995
80.0534  2.5972 112.739       0       0       0
0 0 1
5
 1.29996    -0.15 0.799987
-85.6203 -2.59717  206.936 -13.5425  16.5543        0
0 0 1
2
 1.79998 0.300072  1.79996
86.1814 2.59763 107.727       0       0       0
0 0 1
4
     1.3 0.149999      0.8
-80.6146 -2.59776  202.895  -13.538  16.2316        0
0 0 1
3
5
 1.29996    -0.15 0.799988
-42.3297 -33.6345  229.388 -9.51416  18.3508        0
0 0 1
2
1.79997 0.30005 1.79994
139.501 67.2633 174.376       0       0       0
0 0 1
4
     1.3 0.149999 0.800001
-97.1716 -33.6288  226.533 -9.49532  18.1227        0
0 0 1
4
5
 1.29996    -0.15 0.799988
  -80.99  2.86477  202.278 -6.46159  16.1814        0
0 0 1
2
 1.79997 0.300052  1.79994
 70.3971 -2.34343  118.945        0        0        0
0 0 1
4
     1.3 0.149999 0.800001
-73.9906  2.86389  200.348 -6.45809  16.0278        0
0 0 1
3
      1.9 -0.300007   1.99999
84.5836 -3.3853 108.727       0       0       0
0 0 1
3
5
  1.29996 -0.149995  0.799989
 -69.138  21.2597  245.703 -6.03248  19.6555        0
0 0 1
4
     1.3 0.149999 0.800001
-33.6345  21.2557    243.9  -6.0307   19.512        0
0 0 1
3
  1.89999 -0.300033   1.99997
 102.772 -42.5156  140.695        0        0        0
0 0 1
4
2
1.89999 0.30002       2
   33.975 0.0547634   138.863         0         0         0
0 0 1
3
      1.9 -0.299995   1.99998
  33.8004 0.0547573   139.005         0         0         0
0 0 1
4
 1.29998 0.150011 0.800028
  -33.8454 -0.0547866     176.18  -0.238952    14.0942          0
0 0 1
5
  1.29998 -0.150006  0.800067
    -33.93 -0.0545348     176.25  -0.239351    14.0999          0
0 0 1
