2
4
   0.899993    0.150011 2.72273e-05
-9.28992e-07  1.14818e-05      314.463     -4.57036      8.47096            0
0 0 1
5
   0.899991   -0.149991 2.19901e-05
-8.73023e-07  -1.2454e-05      315.834     -4.57036      8.47096            0
0 0 1
3
4
   0.899992    0.150011 3.31076e-05
-20.0216  9.16137  228.035  18.2438  12.5483        0
0 0 1
5
    0.89999   -0.149991 2.77109e-05
-1.01323  9.16161  210.398   16.833  12.5486        0
0 0 1
3
      1.4 -0.299981   1.00001
 21.0347 -18.3227  191.864        0        0        0
0 0 1
4
4
   0.899993    0.150011 3.42282e-05
 -23.4831 -0.238752   170.591  -1.01139   13.6473         0
0 0 1
5
   0.899991   -0.149991 2.89295e-05
 -23.8019 -0.238709   170.892  -1.01112   13.6713         0
0 0 1
3
      1.4 -0.299985   1.00002
 23.3243 0.238722   144.71        0        0        0
0 0 1
2
     1.4 0.300001        1
23.9608 0.23871 144.105       0       0       0
0 0 1
3
4
   0.899994    0.150011 3.53463e-05
 4.02824 -10.5095  208.232 -16.6584  2.27396        0
0 0 1
5
  0.899992  -0.149992 3.0146e-05
 -24.698 -10.5097  231.903  -18.552  2.27533        0
0 0 1
2
     1.4 0.300002  1.00001
20.6699 21.0192 190.162       0       0       0
0 0 1
4
4
   0.899998    0.149984 5.92267e-05
-27.1647  1.87408  173.135  1.32708  13.8505        0
0 0 1
5
   0.899996   -0.150013 6.31537e-05
-28.4107  1.87412  172.738  1.32785  13.8189        0
0 0 1
2
 1.40001 0.300017  1.00002
 23.9817 -1.53359  145.137        0        0        0
0 0 1
3
  1.49999 -0.300009   1.20001
 31.5937 -2.21506  139.287        0        0        0
0 0 1
3
4
   0.899997     0.14998 7.00012e-05
-30.4957  11.1698  233.972  18.7184  8.27424        0
0 0 1
5
   0.899995   -0.150016 7.54892e-05
 2.1307 11.1693 209.438 16.7557 8.27301       0
0 0 1
3
  1.49999 -0.300013   1.20004
28.3649 -22.339 186.888       0       0       0
0 0 1
4
4
   0.900004    0.149963 0.000158391
 -27.912 0.549541  172.947  2.38007  13.8355        0
0 0 1
5
   0.900003   -0.149992 0.000163432
-27.0324 0.549232  172.237  2.37987  13.7787        0
0 0 1
3
  1.49999 -0.300023       1.2
 28.3526 -0.54929  141.843        0        0        0
0 0 1
2
 1.49999 0.300027  1.19997
  26.5922 -0.549211   143.272         0         0         0
0 0 1
3
4
   0.900002    0.149994 0.000178358
  -128.9 -9.68026  284.814  -22.784  22.7852        0
0 0 1
3
  1.49999 -0.300024       1.2
  22.55 4.84145 197.327       0       0       0
0 0 1
2
 1.49999 0.300028  1.19998
 106.35 4.83932 148.157       0       0       0
0 0 1
4
4
  0.89999  0.149963 0.0001859
-51.9819  1.54315  186.556 0.233434  14.9241        0
0 0 1
3
  1.49999 -0.300023       1.2
 43.2495 -1.30601   132.58        0        0        0
0 0 1
2
1.49998 0.30005 1.19999
 45.8166 -1.30597  132.722        0        0        0
0 0 1
5
 0.999993 -0.150023  0.200017
-37.0842  1.06858   178.44 0.231415  14.2752        0
0 0 1
3
3
  1.49999 -0.300022   1.19999
 149.445 -18.7495  186.806        0        0        0
0 0 1
2
 1.49997 0.300072      1.2
  8.1147 -18.7719  146.505        0        0        0
0 0 1
5
 0.999986 -0.150047  0.200034
-157.56 37.5212 296.987 23.7615 23.7569       0
0 0 1
4
3
  1.49999 -0.300017   1.19998
99.7959 6.07758 124.745       0       0       0
0 0 1
2
 1.49996 0.300081  1.19994
108.298 6.07748 135.372       0       0       0
0 0 1
5
 0.999981 -0.150057  0.200038
-115.757  -6.0703  202.105 -16.1654    16.17        0
0 0 1
4
 1.00001 0.150001 0.200018
-92.3368 -6.08465  168.074 -13.4462  13.4463        0
0 0 1
3
2
 1.49996 0.300127   1.1999
 210.08 94.2971 262.599       0       0       0
0 0 1
5
  0.99997 -0.150052  0.200046
-52.0083 -47.1485  91.7139  7.33654  7.33536        0
0 0 1
4
       1 0.149988 0.200032
-158.071 -47.1477  275.983  22.0786  22.0795        0
0 0 1
4
2
 1.49996 0.300114  1.19988
75.7938 5.26397 110.652       0       0       0
0 0 1
5
  0.99997 -0.150049  0.200049
-78.4993 -6.43463   204.01 -16.3185  16.3213        0
0 0 1
4
 0.99999 0.149973 0.200025
-58.9245 -6.43823  190.873 -15.2695    15.27        0
0 0 1
3
  1.59999 -0.300038   1.39999
61.6299 7.60812 124.763       0       0       0
0 0 1
3
5
 0.999968 -0.150049  0.200049
-68.5259  19.2718  245.546 -18.4824  19.6448        0
0 0 1
4
0.999988 0.149974 0.200025
-28.5424  19.2675  240.037 -18.4725  19.2032        0
0 0 1
3
  1.59999 -0.300055       1.4
 97.0682 -38.5395  144.714        0        0        0
0 0 1
4
5
 0.999957 -0.150054  0.200047
-67.7286   1.1505  195.111  4.97888  15.6074        0
0 0 1
4
0.999981 0.149955 0.200029
-69.5765  1.14997  196.597  4.98427  15.7271        0
0 0 1
3
  1.59999 -0.300047       1.4
 70.4987 -1.15036  117.798        0        0        0
0 0 1
2
     1.6 0.300016  1.39997
 66.8062 -1.15019  120.791        0        0        0
0 0 1
3
5
 0.999965 -0.150015  0.200057
-30.6629 -17.6881  239.064 -12.7908  19.1254        0
0 0 1
4
0.999972 0.149967 0.200038
-49.5244 -17.6884  235.252 -12.7958  18.8212        0
0 0 1
2
 1.60002 0.299983  1.39995
80.1881 35.3759  155.98       0       0       0
0 0 1
4
5
  0.99998 -0.149986  0.200106
  -46.2685 -0.0265168    182.811   -9.07952    14.6268          0
0 0 1
4
 1.00001 0.149949 0.200075
  -40.8578 -0.0274696    180.106   -9.08469    14.4117          0
0 0 1
2
 1.60002 0.299971  1.39994
  42.2731 0.0219244    134.32         0         0         0
0 0 1
3
  1.69997 -0.300042       1.6
   44.853 0.0318075   133.061         0         0         0
0 0 1
3
4
 1.00002 0.149902 0.200085
-167.577 -68.9354  293.361 -23.4572    23.48        0
0 0 1
2
 1.59998 0.300046  1.39993
201.648 26.4367  252.06       0       0       0
0 0 1
3
 1.69996 -0.30003  1.60001
-34.0718  42.4981  84.8762        0        0        0
0 0 1
4
4
 1.00002 0.149898 0.200084
-68.7155  1.53405  195.849 -15.3753  15.6753        0
0 0 1
2
 1.59998 0.300044  1.39993
 63.3488 -1.09673  122.941        0        0        0
0 0 1
3
  1.69995 -0.300053   1.60002
 63.4643 -1.53245  121.577        0        0        0
0 0 1
5
  1.09999 -0.149998  0.399999
-58.0979  1.09486  189.931 -15.1946  15.1941        0
0 0 1
3
2
 1.59998 0.300008  1.39995
62.8478 6.34484 152.175       0       0       0
0 0 1
3
  1.69995 -0.300052   1.60002
122.964 11.0975 153.705       0       0       0
0 0 1
5
  1.09999 -0.149998  0.399999
-185.812 -17.4425  324.417  23.4804  25.9535        0
0 0 1
4
2
 1.59996 0.300068  1.39993
 64.0842 -2.79053  122.802        0        0        0
0 0 1
3
 1.69994 -0.30006  1.60003
 79.4803 -4.03001  111.393        0        0        0
0 0 1
5
  1.09999 -0.150002  0.400003
-74.4619  3.41001  198.458 -2.73288  15.8765        0
0 0 1
4
1.09998 0.14997     0.4
-69.1033  3.41047  197.645 -2.74867  15.8116        0
0 0 1
3
2
 1.59993 0.300073  1.39985
207.437 37.3464 259.296       0       0       0
0 0 1
3
   1.6999 -0.300095   1.59993
-21.216 36.6936 45.8669       0       0       0
0 0 1
4
     1.1 0.149986 0.400063
-186.221 -74.0399  325.132 -26.0099  26.0098        0
0 0 1
4
2
 1.59994 0.300055  1.39984
 64.4162 -6.37433  124.975        0        0        0
0 0 1
3
   1.6999 -0.300093   1.59991
 80.6985 -9.56153  107.279        0        0        0
0 0 1
4
 1.09999 0.149996 0.400067
-83.8788  9.56189  207.026  5.31079  16.5616        0
0 0 1
5
  1.20001 -0.149994  0.600011
-61.2354  6.37405  191.018  5.31312  15.2815        0
0 0 1
3
3
   1.6999 -0.300087   1.59985
 209.023 -96.8381  261.278        0        0        0
0 0 1
4
 1.09999 0.149994 0.400077
-77.3518  61.6688  139.128 -11.1295  11.1299        0
0 0 1
5
  1.19999 -0.149989  0.600022
-131.671   35.169  229.891 -18.3917  18.3901        0
0 0 1
4
3
   1.6999 -0.300087   1.59985
77.2615 -5.0503 111.358       0       0       0
0 0 1
4
 1.09998 0.149947 0.400087
-89.9081  5.96911  208.686  12.6121  16.6924        0
0 0 1
5
  1.19999 -0.149987  0.600022
-60.5006  4.13217  191.331  12.6351   15.307        0
0 0 1
2
     1.7 0.300009      1.6
  73.147 -5.05147  118.922        0        0        0
0 0 1
3
3
 1.69991 -0.30008  1.59981
 209.716 -61.5185  262.145        0        0        0
0 0 1
5
  1.19996 -0.149985  0.600008
-210.029  62.6815  366.699  29.3321  29.3354        0
0 0 1
2
 1.70001 0.300017  1.59996
0.313607 -1.16222  1.45278        0        0        0
0 0 1
4
3
   1.6999 -0.300131   1.59976
101.183 5.08801 126.479       0       0       0
0 0 1
5
  1.19996 -0.149971  0.600023
-114.306 -5.08444  199.573 -15.9652  15.9642        0
0 0 1
2
 1.70003 0.299988  1.59991
108.967 5.08345 136.209       0       0       0
0 0 1
4
     1.2 0.150008 0.600018
-95.8435 -5.08779  168.036 -13.4425  13.4431        0
0 0 1
3
5
  1.19996 -0.149971  0.600025
-54.4235 -47.3236   106.34  8.50658  8.50725        0
0 0 1
2
 1.70003 0.299987  1.59991
206.605 94.6131 258.256       0       0       0
0 0 1
4
     1.2  0.15001 0.600019
-152.182 -47.2894  265.701  21.2563  21.2549        0
0 0 1
4
5
  1.19996 -0.149967  0.600031
 -81.766  1.04015  203.122 -14.1962  16.2483        0
0 0 1
2
 1.70002 0.299991  1.59992
  72.6006 -0.851618   116.879         0         0         0
0 0 1
4
 1.19999 0.150007 0.600019
-72.1147  1.03918  198.883 -14.2061  15.9108        0
0 0 1
3
  1.79999 -0.300031   1.79997
 81.2798 -1.22779  111.413        0        0        0
0 0 1
3
5
  1.19995 -0.149939  0.600023
-40.8011  12.5368  230.931 -3.63532  18.4734        0
0 0 1
4
     1.2 0.150003 0.600025
-19.8179   12.534   229.84 -3.64456  18.3873        0
0 0 1
3
  1.79999 -0.300034   1.79998
 60.6189 -25.0707  169.526        0        0        0
0 0 1
4
5
  1.19995 -0.149939  0.600023
-70.2274  -2.9731  197.322 -12.8761  15.7836        0
0 0 1
4
     1.2 0.150003 0.600025
-65.4713   -2.973  193.476 -12.8881  15.4783        0
0 0 1
3
  1.79999 -0.300035   1.79998
 63.089 2.97308 123.615       0       0       0
0 0 1
2
 1.79998 0.300067      1.8
72.6095 2.97357 115.884       0       0       0
0 0 1
3
4
     1.2 0.149994 0.600029
-174.333 -76.8247  304.375 -24.3482  24.3509        0
0 0 1
3
  1.79999 -0.300023   1.79997
-33.2002  38.3784  66.5058        0        0        0
0 0 1
2
 1.79997 0.300099  1.79998
207.533 38.4461 259.416       0       0       0
0 0 1
4
4
     1.2 0.149982 0.600031
-80.1321  1.93914  202.432  -1.2726  16.1944        0
0 0 1
3
  1.79999 -0.300022   1.79996
66.3331 -1.6411 119.129       0       0       0
0 0 1
2
 1.79996 0.300112  1.79997
 71.4341 -1.64084  118.372        0        0        0
0 0 1
5
      1.3 -0.150022  0.800011
-57.6352  1.34252  190.364  -1.2758  15.2293        0
0 0 1
3
3
  1.79999 -0.300023   1.79997
     210 -60.6353    262.5        0        0        0
0 0 1
2
 1.79995 0.300137  1.79995
-2.92092 -4.99911  6.24888        0        0        0
0 0 1
5
      1.3 -0.150019  0.800013
-207.079  65.6351  361.549  28.9263  28.9219        0
0 0 1
4
3
  1.79998 -0.300064   1.79995
95.3073 5.04634 119.134       0       0       0
0 0 1
2
 1.79995 0.300137  1.79995
99.6494  5.0492 124.562       0       0       0
0 0 1
5
      1.3 -0.150019  0.800013
-109.929 -5.04688  200.945 -16.0744  16.0769        0
0 0 1
4
     1.3 0.149999      0.8
 -85.028  -5.0489  185.656 -14.8524  14.8525        0
0 0 1
3
2
 1.79994 0.300166  1.79997
195.417 82.7775 244.272       0       0       0
0 0 1
5
  1.29999 -0.150018  0.800011
-40.1271 -41.3873  114.897  9.19248  9.19077        0
0 0 1
4
 1.29999 0.149991 0.799999
-155.291 -41.3899  271.129  21.6902   21.689        0
0 0 1
4
2
 1.79994 0.300172  1.79997
   69.8796 -0.0868235    117.995          0          0          0
0 0 1
5
  1.29999 -0.150017  0.800012
-77.8991 0.107122  201.164 -16.0916  16.0944        0
0 0 1
4
 1.29999 0.149991 0.800001
-67.5039 0.106908  196.089 -15.6865  15.6872        0
0 0 1
3
      1.9 -0.299998   2.00001
  75.5234 -0.127158   115.051         0         0         0
0 0 1
3
5
 1.29999    -0.15 0.800008
-34.7406  23.3338   228.44  18.2758  18.2744        0
0 0 1
4
 1.29998 0.149993  0.80001
-50.6314  23.3336  253.565  20.2854  20.2847        0
0 0 1
3
  1.89997 -0.300055   1.99997
 85.3715 -46.6679  148.291        0        0        0
0 0 1
4
2
1.89999 0.30002       2
  33.9751 0.0547147   138.863         0         0         0
0 0 1
3
      1.9 -0.299995   1.99998
  33.8005 0.0547085   139.004         0         0         0
0 0 1
4
 1.29998 0.150011 0.800028
  -33.8455 -0.0548295     176.18  -0.238944    14.0942          0
0 0 1
5
  1.29998 -0.150006  0.800067
  -33.9302 -0.0545776     176.25  -0.239344    14.0999          0
0 0 1
