2
4
   0.899993    0.150011 2.72273e-05
-9.28992e-07  1.14818e-05      314.463     -4.57036      8.47096            0
0 0 1
5
   0.899991   -0.149991 2.19901e-05
-8.73023e-07  -1.2454e-05      315.834     -4.57036      8.47096            0
0 0 1
3
4
   0.899995    0.150012 3.54955e-05
-21.7109  12.0354  231.488  18.5208   18.517        0
0 0 1
5
   0.899992   -0.149991 3.00209e-05
-15.1066  12.0357  217.532  17.4044  17.4006        0
0 0 1
3
 1.40001 -0.29999  1.00003
 36.8176 -24.0708  181.278        0        0        0
0 0 1
4
4
   0.899994    0.150012 3.62773e-05
  -23.5743 -0.0385001    170.693  -0.167728    13.6553          0
0 0 1
5
   0.899992   -0.149991 3.09296e-05
   -23.627 -0.0384495    170.742  -0.167506    13.6593          0
0 0 1
3
  1.40001 -0.299995   1.00004
  23.5491 0.0384726   144.481         0         0         0
0 0 1
2
     1.4 0.300002        1
 23.6522 0.038469  144.383        0        0        0
0 0 1
3
4
   0.899994    0.150012 3.70615e-05
 3.30627 -9.77353  208.525 -16.6817   3.1401        0
0 0 1
5
   0.899992    -0.14999 3.18406e-05
-22.8216 -9.77364  230.247 -18.4194   3.1413        0
0 0 1
2
     1.4 0.300004        1
19.5154 19.5471 191.526       0       0       0
0 0 1
4
4
   0.899994    0.150012 3.90152e-05
-29.9184  2.86757  174.933  5.07074  13.9939        0
0 0 1
5
   0.899992   -0.149991 3.36589e-05
-30.002 2.86766  173.42 5.07148  13.873       0
0 0 1
2
     1.4 0.300008  1.00001
 24.5958 -2.34616  145.218        0        0        0
0 0 1
3
    1.5    -0.3 1.20002
 35.3246 -3.38901  136.726        0        0        0
0 0 1
3
4
   0.899994    0.150012 4.09678e-05
-108.443  4.97993  274.595 -21.9647  21.9695        0
0 0 1
2
     1.4 0.300013  1.00002
 76.6544 -1.81172  168.671        0        0        0
0 0 1
3
      1.5 -0.299999   1.20004
 31.7882 -3.16816  187.032        0        0        0
0 0 1
4
4
   0.899993    0.149999 6.94252e-05
-51.6782  6.03204  187.876   3.8119  15.0294        0
0 0 1
2
     1.4 0.300019  1.00003
 39.4387 -4.02143  137.885        0        0        0
0 0 1
3
  1.49999 -0.300011   1.20005
 49.8108 -6.03206  126.669        0        0        0
0 0 1
5
0.999997 -0.14999 0.200031
-37.5716  4.02139  177.868  3.82422  14.2296        0
0 0 1
3
4
 0.899988  0.149993 8.504e-05
-37.8904  20.1099  241.895  19.3533  19.3496        0
0 0 1
3
  1.49998 -0.300024   1.20009
 42.9646 -31.6041  175.474        0        0        0
0 0 1
5
  0.99999 -0.149982  0.200049
-5.0746 11.4943  212.93 17.0326 17.0361       0
0 0 1
4
4
   0.899992    0.149984 0.000124561
-53.6355   2.5435  187.669  3.74883  15.0126        0
0 0 1
3
  1.49997 -0.299998   1.20006
 45.3348 -2.15172  131.015        0        0        0
0 0 1
5
 0.999984 -0.149969  0.200082
-37.2113  1.76064  178.341  3.76951  14.2676        0
0 0 1
2
 1.49997 0.300099  1.19999
 45.5114 -2.15147  133.273        0        0        0
0 0 1
3
3
  1.49998 -0.299973   1.20005
 183.795 -30.1128  229.744        0        0        0
0 0 1
5
 0.999969 -0.149984  0.200106
-178.123  60.2438  310.992  24.8768    24.88        0
0 0 1
2
 1.49994 0.300168  1.19998
-5.67312 -30.1303  89.5607        0        0        0
0 0 1
4
3
  1.49998 -0.299963   1.20005
    65.2023 -0.00880928     120.376           0           0           0
0 0 1
5
 0.999958 -0.149998  0.200121
  -65.1441 0.00889374     194.74  0.0713375    15.5788          0
0 0 1
2
  1.4999 0.300237  1.19999
   65.1312 -0.0088123    120.427          0          0          0
0 0 1
4
0.999993 0.149979 0.200011
  -65.1903 0.00910057    194.756  0.0609543    15.5804          0
0 0 1
3
5
 0.999946 -0.150012  0.200135
-23.5456 -18.9411  239.586 -3.73067  19.1668        0
0 0 1
2
 1.49987 0.300307  1.19999
78.9664 37.8785 152.243       0       0       0
0 0 1
4
0.999986 0.149959 0.200022
-55.4216  -18.937  238.469 -3.74581  19.0778        0
0 0 1
4
5
 0.999922 -0.150049  0.200165
-59.8291   1.1223  190.691 -8.85395  15.2563        0
0 0 1
2
 1.49985 0.300346      1.2
  52.8158 -0.915956   128.276         0         0         0
0 0 1
4
0.999979 0.149944 0.200027
-53.3175  1.11975   188.05 -8.85755  15.0456        0
0 0 1
3
  1.59999 -0.300009   1.40001
 60.3299 -1.32637  123.282        0        0        0
0 0 1
3
2
 1.49983 0.300385  1.20001
200.887 28.5901 251.109       0       0       0
0 0 1
4
0.999972  0.14993 0.200032
-170.328 -78.0643  303.303 -24.2561  24.2685        0
0 0 1
3
  1.59998 -0.300017   1.40003
-30.5599  49.4735  75.8868        0        0        0
0 0 1
4
2
1.49982 0.30035 1.20001
 84.8358 -4.08721  109.909        0        0        0
0 0 1
4
0.999976 0.149936 0.200046
-101.423   6.1341  214.764 0.237137  17.1806        0
0 0 1
3
  1.59997 -0.300018   1.39997
 87.3268 -6.13486  109.159        0        0        0
0 0 1
5
      1.1 -0.150005  0.400019
-70.7396   4.0875  196.466 0.281068  15.7173        0
0 0 1
3
4
0.999974 0.149932 0.200045
-87.8644  52.2999   259.28 -15.9748  20.7464        0
0 0 1
3
  1.59997 -0.300019   1.39997
 133.077 -82.1762  166.346        0        0        0
0 0 1
5
  1.09999 -0.150002  0.400018
-45.2129  29.8762  204.672 -15.8142  16.3732        0
0 0 1
4
4
0.999958  0.14993 0.200039
 -89.0874 -0.713385   206.965   -12.092   16.5591         0
0 0 1
3
 1.59998 -0.30003  1.39994
 71.5849 0.604535  117.069        0        0        0
0 0 1
5
1.09998   -0.15 0.40001
 -67.2424 -0.495468   196.435  -12.0591    15.714         0
0 0 1
2
 1.60001 0.300005  1.39998
 84.7451 0.604345  109.827        0        0        0
0 0 1
3
4
0.999955 0.149923 0.200044
-92.7148 -16.1127  259.823  20.7899  20.7795        0
0 0 1
5
  1.09998 -0.149998  0.400011
-0.786279  -9.20439   224.655   17.9722   17.9725         0
0 0 1
2
     1.6 0.300029  1.39996
93.5011 25.3172 145.819       0       0       0
0 0 1
4
4
0.999955 0.149923 0.200044
-67.4093  7.43404  196.115  8.64954  15.6865        0
0 0 1
5
  1.09998 -0.149997  0.400011
-49.154 5.30948 183.876 8.67053 14.7099       0
0 0 1
2
     1.6 0.300054  1.39994
 49.7344 -5.30948  132.612        0        0        0
0 0 1
3
      1.7 -0.300001       1.6
 66.8289 -7.43389  117.695        0        0        0
0 0 1
3
5
      1.1 -0.149993  0.400028
-178.178  72.9699  311.088  24.8866  24.8862        0
0 0 1
2
     1.6 0.300061  1.39991
 -24.001 -26.4969  66.4842        0        0        0
0 0 1
3
      1.7 -0.300006   1.59998
  202.18 -46.4728  252.725        0        0        0
0 0 1
4
5
      1.1 -0.150008  0.400049
-79.1833  2.97125  201.233 -5.58359  16.0982        0
0 0 1
2
 1.59994 0.300147  1.39988
 68.6743 -2.42893   119.98        0        0        0
0 0 1
3
  1.70002 -0.299906   1.59995
 83.0991 -3.51041   109.52        0        0        0
0 0 1
4
 1.10002 0.150022 0.400065
-72.5905  2.97006  199.565 -5.58096  15.9654        0
0 0 1
3
5
  1.09999 -0.149972  0.400052
-68.4179  20.7998  245.349 -7.54284  19.6263        0
0 0 1
3
  1.70004 -0.299849   1.59996
 101.104 -41.5953  141.858        0        0        0
0 0 1
4
 1.10002 0.150019 0.400065
-32.6863  20.7966   243.09 -7.55756   19.447        0
0 0 1
4
5
  1.09999 -0.149965  0.400053
-52.1247  6.42144  185.803  14.8616  14.8661        0
0 0 1
3
  1.70003 -0.299837   1.59998
67.5458 -6.4206  116.87       0       0       0
0 0 1
4
 1.10002 0.150016 0.400067
-62.4089   6.4219  194.048  15.5238  15.5244        0
0 0 1
2
1.69998 0.29991 1.60002
 46.9874 -6.42347  133.576        0        0        0
0 0 1
3
5
  1.09999 -0.149942  0.400077
-178.023 -15.6094  312.446  24.9888  25.0007        0
0 0 1
3
  1.70002 -0.299886   1.59996
117.902 7.80682 150.324       0       0       0
0 0 1
2
 1.69998 0.299893      1.6
60.1209 7.80227 167.527       0       0       0
0 0 1
4
5
      1.1 -0.149934  0.400083
-83.1757 -6.58944  205.008 -15.6223  16.3965        0
0 0 1
3
  1.70001 -0.299915   1.59996
65.6758 5.57501  123.37       0       0       0
0 0 1
2
 1.69997 0.299882  1.60002
72.2933  5.5763 113.989       0       0       0
0 0 1
4
 1.19998  0.14999 0.599998
-54.7938 -4.56231  187.931 -15.0337  15.0344        0
0 0 1
3
5
  1.09999 -0.149932  0.400084
-86.7736  23.0364  255.057 -10.1457   20.401        0
0 0 1
3
  1.70001 -0.299914   1.59995
  103.2 -36.201 140.427       0       0       0
0 0 1
4
 1.19998  0.14999 0.599998
-16.4269  13.1647  234.814 -10.1532  18.7828        0
0 0 1
4
5
  1.09998 -0.149919  0.400082
-67.9266 -6.58439  196.264 -5.08005  15.6989        0
0 0 1
3
  1.70001 -0.299924   1.59993
52.0238 4.70329 131.032       0       0       0
0 0 1
4
 1.19996 0.149993 0.599996
-50.7386 -4.70385  184.919 -5.08497   14.792        0
0 0 1
2
 1.80002 0.299987  1.79997
66.6419  6.5848 118.082       0       0       0
0 0 1
3
5
  1.09997 -0.149907   0.40008
-38.6801 -20.9177  241.228 -15.5566   19.294        0
0 0 1
4
 1.19995 0.149997 0.599995
 -33.931 -13.0758  227.178 -15.5617  18.1712        0
0 0 1
2
 1.80003 0.299974  1.79995
72.6116 33.9934 161.891       0       0       0
0 0 1
4
5
  1.09997 -0.149907   0.40008
-62.4305  -2.9008  192.045 -5.72248  15.3611        0
0 0 1
4
 1.19995 0.149997 0.599998
-44.8149 -2.12775  182.138 -5.72665  14.5693        0
0 0 1
2
 1.80004 0.299982  1.79994
54.7426 2.51404 126.334       0       0       0
0 0 1
3
      1.8 -0.300002       1.8
52.5029 2.51455 129.781       0       0       0
0 0 1
3
4
 1.19995 0.149998 0.599998
 -166.05  12.1608  305.573 -24.4475  24.4386        0
0 0 1
2
 1.80004 0.299956   1.7999
 112.382 -6.08363  152.233        0        0        0
0 0 1
3
      1.8 -0.299993   1.79998
 53.6679 -6.07741   172.49        0        0        0
0 0 1
4
4
 1.19995 0.149996 0.599998
-63.3344  2.92115  193.421  12.6741   15.475        0
0 0 1
2
1.80004 0.29996 1.79991
 56.3236 -2.92126  127.412        0        0        0
0 0 1
3
      1.8 -0.299984   1.79999
 65.6745 -2.92289  119.822        0        0        0
0 0 1
5
     1.2    -0.15 0.600002
-58.6638  2.92305  189.643  12.6592  15.1716        0
0 0 1
3
2
 1.80003 0.299968  1.79991
61.1885 8.77892 166.372       0       0       0
0 0 1
3
      1.8 -0.299985   1.79999
 113.29 8.77422   153.5       0       0       0
0 0 1
5
      1.2 -0.149949   0.60002
-174.479 -17.5523  310.426  21.5075  24.8384        0
0 0 1
4
2
 1.80002 0.299979  1.79993
76.8257 5.43571 111.439       0       0       0
0 0 1
3
      1.8 -0.299985   1.79998
71.3793 5.43672 120.099       0       0       0
0 0 1
5
      1.2 -0.149937  0.600022
-88.9383  -6.4249  208.224  -14.404  16.6549        0
0 0 1
4
     1.3 0.149996      0.8
-59.2669 -4.44729  190.535  -14.431   15.243        0
0 0 1
3
3
  1.79999 -0.299985   1.79998
 95.3574 -32.2028  145.939        0        0        0
0 0 1
5
      1.2 -0.149926  0.600024
-82.5493  20.4922  252.962 -17.7465  20.2324        0
0 0 1
4
     1.3 0.149991 0.799999
-12.8084  11.7108  231.397 -17.7851  18.5123        0
0 0 1
4
3
  1.79999 -0.299998   1.79994
 29.6993 0.224134  141.468        0        0        0
0 0 1
5
  1.19998 -0.149928  0.600033
 -31.3386 -0.313701   174.694   8.54546   13.9771         0
0 0 1
4
 1.29998 0.149985  0.80001
 -27.0052 -0.223615   172.407     8.536   13.7919         0
0 0 1
2
 1.89999 0.299993        2
 28.6437 0.313073  141.729        0        0        0
0 0 1
3
3
      1.8 -0.299971   1.79996
 57.8638 -5.10969  166.997        0        0        0
0 0 1
4
 1.29998 0.150002 0.800013
-178.653  14.0516  312.314 -1.69688  24.9842        0
0 0 1
2
 1.89999 0.299991        2
  120.79 -8.94147  150.987        0        0        0
0 0 1
4
3
  1.79999 -0.299982   1.79995
 82.6046 -7.39833  105.143        0        0        0
0 0 1
4
 1.29997 0.149957 0.800022
-83.6815  9.04266  207.971  16.6406  16.6332        0
0 0 1
2
1.89999 0.29999       2
 60.8381 -10.6904  125.897        0        0        0
0 0 1
5
  1.29999 -0.149998  0.799997
-59.7613  9.04542  191.286  15.3031  15.3025        0
0 0 1
3
4
 1.29997 0.149958 0.800024
-60.7436 -20.6097  241.151 -8.14217  19.2932        0
0 0 1
2
 1.89999 0.299986  1.99999
 95.452 41.2181  145.58       0       0       0
0 0 1
5
  1.29999 -0.149993  0.800002
-34.7084 -20.6085  243.567 -8.11738  19.4854        0
0 0 1
4
2
1.89999 0.30002       2
  33.9749 0.0547244   138.863         0         0         0
0 0 1
3
      1.9 -0.299995   1.99998
  33.8001 0.0547182   139.005         0         0         0
0 0 1
4
 1.29998 0.150011 0.800028
  -33.8454 -0.0548288     176.18  -0.239021    14.0942          0
0 0 1
5
  1.29998 -0.150006  0.800067
  -33.9301 -0.0545769     176.25  -0.239421    14.0999          0
0 0 1
