2
4
   0.899993    0.150011 2.72273e-05
-9.28992e-07  1.14818e-05      314.463     -4.57036      8.47096            0
0 0 1
5
   0.899991   -0.149991 2.19901e-05
-8.73023e-07  -1.2454e-05      315.834     -4.57036      8.47096            0
0 0 1
3
4
   0.899993    0.150012 3.38149e-05
-24.3845  11.0951  232.008  18.5618    14.24        0
0 0 1
5
   0.899991    -0.14999 2.82649e-05
-0.8169 11.0955 210.376 16.8314 14.2404       0
0 0 1
3
      1.4 -0.299986   1.00002
 25.2014 -22.1903  187.915        0        0        0
0 0 1
4
4
   0.899993    0.150012 3.49048e-05
 -23.4583   -0.0648   170.619 -0.277623   13.6495         0
0 0 1
5
   0.899991    -0.14999 2.94654e-05
  -23.5455 -0.0647521    170.701  -0.277386     13.656          0
0 0 1
3
      1.4 -0.299991   1.00002
  23.4153 0.0647699   144.571         0         0         0
0 0 1
2
     1.4 0.300001        1
  23.5885 0.0647659   144.407         0         0         0
0 0 1
3
4
   0.899993    0.150012 3.59923e-05
  3.4514 -9.86886  208.464 -16.6769  2.90816        0
0 0 1
5
   0.899991    -0.14999 3.06631e-05
-23.0819   -9.869  230.473 -18.4375  2.90939        0
0 0 1
2
     1.4 0.300003        1
19.6306 19.7378 191.361       0       0       0
0 0 1
4
4
   0.899991    0.150002 5.07345e-05
-28.8121  2.79417   174.28  5.02972  13.9418        0
0 0 1
5
    0.89999   -0.149996 4.85745e-05
-28.8409  2.79422   172.78  5.03048  13.8219        0
0 0 1
2
     1.4 0.299976 0.999996
 23.6133 -2.28626  145.749        0        0        0
0 0 1
3
  1.49999 -0.300007   1.20001
 34.0395 -3.30249  137.489        0        0        0
0 0 1
3
4
   0.899989    0.150001 6.41642e-05
-40.0738  14.2127  241.452  19.3162  3.11305        0
0 0 1
5
   0.899989   -0.149997 6.16211e-05
6.52296 14.2131 207.709 16.6169 3.11132       0
0 0 1
3
  1.49999 -0.300021   1.20004
33.5507 -28.426 181.137       0       0       0
0 0 1
4
4
   0.899991    0.150006 0.000117916
-29.4403  1.61193  174.016  6.98005  13.9208        0
0 0 1
5
   0.899992   -0.149971 0.000108824
-26.8643  1.61187  171.935   6.9803  13.7544        0
0 0 1
3
  1.49999 -0.300018   1.20003
 30.7298 -1.61172  140.079        0        0        0
0 0 1
2
 1.49999 0.300012      1.2
  25.575 -1.61148  144.268        0        0        0
0 0 1
3
5
   0.899996   -0.149945 0.000156063
-100.273  17.7727   268.36  21.4679  21.4681        0
0 0 1
3
  1.49999 -0.300014   1.20002
  92.966 -8.88666  152.886        0        0        0
0 0 1
2
 1.49999 0.300025      1.2
 7.30746 -8.88545  209.052        0        0        0
0 0 1
4
5
   0.900002   -0.149984 0.000169407
-57.1533 -6.94129  190.631 -15.2493  15.2512        0
0 0 1
3
 1.49998 -0.30004  1.20004
40.6717 5.87402 137.479       0       0       0
0 0 1
2
 1.49997 0.300037      1.2
51.4852 5.87343 125.662       0       0       0
0 0 1
4
 1.00002 0.149953 0.200007
-35.0037 -4.80742  176.526 -14.1196  14.1244        0
0 0 1
3
5
   0.899977   -0.149984 0.000159246
-50.5307 -35.4993   256.83  9.93926  20.5451        0
0 0 1
2
 1.49999 0.300019  1.19996
108.502 55.7779 135.628       0       0       0
0 0 1
4
0.999995 0.149938 0.199998
-57.9715 -20.2793  237.838  9.91503  19.0242        0
0 0 1
4
5
   0.899977   -0.149979 0.000161175
-78.0234 -1.53307  200.533 -12.9341   16.043        0
0 0 1
2
 1.49999 0.300014  1.19996
 59.874 1.09479 123.319       0       0       0
0 0 1
4
0.999995 0.149936 0.200001
-50.2256 -1.09562  186.059 -12.9467  14.8873        0
0 0 1
3
 1.59999 -0.30001  1.40002
68.3748  1.5338 120.387       0       0       0
0 0 1
3
2
1.49995 0.30007 1.19996
213.048 55.2974  266.31       0       0       0
0 0 1
4
0.999987 0.149928 0.200028
-191.984 -78.3325  335.193 -26.8059  26.8205        0
0 0 1
3
  1.59996 -0.300008   1.40004
-21.0661   23.035  28.7938        0        0        0
0 0 1
4
2
 1.49994 0.300078  1.19996
 59.3122 -4.92879  126.681        0        0        0
0 0 1
4
0.999982 0.149919 0.200029
-70.2167  6.02465  198.839  8.71057  15.9038        0
0 0 1
3
  1.59994 -0.300047   1.40005
 82.4499 -7.12027  108.546        0        0        0
0 0 1
5
        1 -0.149996       0.2
-71.5459  6.02384  196.231  8.74607  15.6985        0
0 0 1
3
4
0.999979 0.149915 0.200026
-14.4085  15.9341   233.24  -18.653  18.6653        0
0 0 1
3
  1.59994 -0.300049   1.40005
98.5876  -31.86  141.18       0       0       0
0 0 1
5
 0.999998 -0.149999  0.200001
-84.1792  15.9257  255.878 -20.4701  20.4703        0
0 0 1
4
4
0.999973 0.149912 0.200025
-62.4771 -3.12648  191.757 -13.5838  15.3446        0
0 0 1
3
  1.59994 -0.300055   1.40004
 59.979 3.12805 125.442       0       0       0
0 0 1
5
 0.999995 -0.149996       0.2
-67.4823 -3.12811  195.793 -13.5518  15.6636        0
0 0 1
2
     1.6 0.299992      1.4
69.9805 3.12639 117.305       0       0       0
0 0 1
3
4
0.999968 0.149909 0.200024
-45.5787 -18.7389  233.283 -18.6543   18.669        0
0 0 1
5
 0.999992 -0.149993  0.199999
-34.7746 -18.7398  241.814 -19.3444  19.3457        0
0 0 1
2
     1.6 0.299984      1.4
80.3533 37.4785 155.201       0       0       0
0 0 1
4
4
0.999964 0.149908 0.200024
-44.2166 -5.01328  181.905 -14.5456  14.5575        0
0 0 1
5
 0.999988 -0.149992  0.199998
-59.3847  -5.0163  191.673  -15.333  15.3343        0
0 0 1
2
 1.60001 0.299962  1.40001
59.0007 4.24302 122.445       0       0       0
0 0 1
3
      1.7 -0.300001       1.6
44.6006 5.78623 134.275       0       0       0
0 0 1
3
4
0.999955 0.149901 0.200027
-18.6567  10.4551  226.714 -15.9015  18.1442        0
0 0 1
5
 0.999987 -0.149991       0.2
-41.6139  10.4515  231.441 -15.8762  18.5161        0
0 0 1
3
  1.69999 -0.299987       1.6
 60.2695 -20.9062  172.143        0        0        0
0 0 1
4
4
0.999953 0.149894 0.200028
-49.5489  1.34118  184.805  6.07684  14.7804        0
0 0 1
5
 0.999984 -0.149995  0.200001
-47.0404  1.34086  182.984  6.09898   14.638        0
0 0 1
3
      1.7 -0.299986   1.59999
 50.8069 -1.34109  129.423        0        0        0
0 0 1
2
     1.7 0.300006  1.59999
45.7826  -1.341 133.084       0       0       0
0 0 1
3
4
0.999951 0.149887 0.200029
-29.8062 -9.65888  225.106 -4.54205  18.0099        0
0 0 1
5
 0.999981 -0.149998  0.200002
-20.1071  -9.6587  226.451 -4.52446  18.1163        0
0 0 1
2
 1.70001 0.300011  1.59998
49.9135 19.3175 178.741       0       0       0
0 0 1
4
4
0.999948 0.149889 0.200034
-31.2844 -2.32211   174.24 -13.9314  13.9455        0
0 0 1
5
 0.999977 -0.149996  0.200002
-39.7549 -2.32403  179.335 -14.3453  14.3478        0
0 0 1
2
     1.7 0.300017  1.59998
39.2553 2.01316 135.564       0       0       0
0 0 1
3
     1.8 -0.30001  1.79999
31.7837 2.63294 141.159       0       0       0
0 0 1
3
4
0.999949 0.149887 0.200036
-126.085 -47.1835  275.094 -21.9929  22.0151        0
0 0 1
2
     1.7 0.300017  1.59998
154.305  18.862 192.882       0       0       0
0 0 1
3
  1.79999 -0.300016   1.79999
-28.2205  28.3213  162.322        0        0        0
0 0 1
4
4
0.999947 0.149886 0.200036
-32.0239 -9.59918  174.844 -13.9795  13.9937        0
0 0 1
2
 1.69999 0.300014  1.59998
54.9383 7.20099 123.508       0       0       0
0 0 1
3
     1.8 -0.30002  1.79999
20.7765 9.60244 147.792       0       0       0
0 0 1
5
      1.1 -0.150002  0.400004
-43.6908 -7.20439  184.154 -14.7318  14.7326        0
0 0 1
3
2
 1.70001 0.300016  1.59995
 25.9718 -1.36372  194.884        0        0        0
0 0 1
3
  1.80001 -0.300011   1.79996
 93.5591 -2.18261  158.633        0        0        0
0 0 1
5
  1.09998 -0.150008  0.400007
-119.53 3.54642  276.78 22.1428 22.1407       0
0 0 1
4
2
     1.7 0.300003  1.59993
 62.296 4.63767 120.328       0       0       0
0 0 1
3
      1.8 -0.300013   1.79999
46.4101 6.32739 133.336       0       0       0
0 0 1
5
  1.09998 -0.150011  0.400006
-62.5066 -5.48184  193.593 -15.4862  15.4877        0
0 0 1
4
     1.1 0.150002      0.4
-46.1998 -5.48345  183.041 -14.6433  14.6431        0
0 0 1
3
3
      1.8 -0.300031   1.79998
  65.725 -23.4339  168.601        0        0        0
0 0 1
5
  1.09998 -0.150011  0.400005
-43.9131  11.7176  232.597 -11.7321  18.6081        0
0 0 1
4
     1.1 0.150001      0.4
-21.8117  11.7159  229.099 -11.7284  18.3279        0
0 0 1
4
3
      1.8 -0.300029   1.79998
 54.9304 -5.77639  125.226        0        0        0
0 0 1
5
  1.09998 -0.150012  0.400002
-38.7609  5.77612  178.174  14.2544   14.253        0
0 0 1
4
 1.09999 0.150001 0.400003
-49.5409  5.77648   185.94   14.875  14.8752        0
0 0 1
2
 1.79999 0.299969  1.79997
 33.3712 -5.77643  140.957        0        0        0
0 0 1
3
3
      1.8 -0.300027   1.79999
  50.474 -7.43161  175.956        0        0        0
0 0 1
4
 1.09999 0.150001 0.400006
-132.583  14.8622  284.648 -10.4452  22.7717        0
0 0 1
2
 1.79997 0.299939  1.79994
 82.1089 -7.43078  169.693        0        0        0
0 0 1
4
3
      1.8 -0.300027   1.79998
 56.7011 -3.05456  125.047        0        0        0
0 0 1
4
 1.09999     0.15 0.400006
-64.1273  3.52422  193.076  7.99954  15.4461        0
0 0 1
2
 1.79996 0.299918  1.79992
 52.7369 -3.05433  129.849        0        0        0
0 0 1
5
  1.2 -0.15   0.6
-45.3108  2.58447  182.326  7.99895  14.5861        0
0 0 1
3
3
      1.8 -0.300027   1.79999
108.847 8.33786 155.681       0       0       0
0 0 1
2
 1.79995 0.299929  1.79992
58.5283 8.33573 168.337       0       0       0
0 0 1
5
 1.20001    -0.15 0.600013
-167.375 -16.6737   306.28  21.0759  24.5024        0
0 0 1
4
3
  1.79996 -0.300078   1.80006
 67.5309 0.190337   120.01        0        0        0
0 0 1
2
 1.79992 0.299977  1.79995
 68.1639 0.190287  119.501        0        0        0
0 0 1
5
  1.19998 -0.149957  0.600008
 -68.0089 -0.190312   195.522 -0.846507   15.6415         0
0 0 1
4
     1.2 0.150001 0.600005
 -67.6871  -0.18985   195.265 -0.855124   15.6213         0
0 0 1
3
2
 1.79992 0.299977  1.79995
85.4082 34.9993 152.605       0       0       0
0 0 1
5
 1.19998 -0.14995 0.600011
-27.2977  -17.501  237.714  7.61786  19.0178        0
0 0 1
4
     1.2 0.150001 0.600006
-58.1104 -17.4982  239.979   7.6058  19.1981        0
0 0 1
4
2
 1.79991 0.300018  1.79995
 49.1453 -1.02423  130.906        0        0        0
0 0 1
5
  1.19998 -0.149957  0.600012
-55.0901  1.21131  187.493  -5.4422  14.9987        0
0 0 1
4
     1.2 0.149994 0.600006
-50.7043  1.21138  185.868 -5.44964  14.8694        0
0 0 1
3
      1.9 -0.299984   1.99997
 56.649 -1.3982  126.03       0       0       0
0 0 1
3
5
  1.19998 -0.149964  0.600014
-36.1317   11.764  228.378  5.91775  18.2706        0
0 0 1
4
     1.2 0.149988 0.600006
-24.5575  11.7635  230.139  5.91128   18.411        0
0 0 1
3
  1.90001 -0.299968   1.99994
 60.6891 -23.5272   171.78        0        0        0
0 0 1
4
5
  1.19998 -0.149975  0.600019
-44.344 1.15452 181.518 5.26522 14.5217       0
0 0 1
4
     1.2 0.149971 0.600006
-46.511 1.15507 183.085 5.25794 14.6464       0
0 0 1
3
  1.90001 -0.299937   1.99995
  47.592 -1.15413  131.268        0        0        0
0 0 1
2
 1.89997 0.300084        2
 43.2626 -1.15469  134.426        0        0        0
0 0 1
3
5
  1.19997 -0.149974  0.600018
-137.934  7.71137  288.799  23.1006  23.1051        0
0 0 1
3
 1.90002 -0.29994  1.99994
 112.455 -3.85072   146.52        0        0        0
0 0 1
2
 1.89998 0.300065        2
 25.4787 -3.86062  194.979        0        0        0
0 0 1
4
5
  1.19997 -0.149974  0.600018
-59.5361 -3.31921  190.508 -7.61127  15.2394        0
0 0 1
3
  1.90001 -0.299945   1.99996
 48.853 2.87661 131.942       0       0       0
0 0 1
2
 1.89998 0.300064  1.99999
52.6849 2.87705 127.374       0       0       0
0 0 1
4
 1.3 0.15  0.8
-42.0018 -2.43448  180.474 -7.61734  14.4379        0
0 0 1
3
3
  1.89998 -0.300036   1.99991
-46.2628  44.5425  58.6074        0        0        0
0 0 1
2
 1.89999 0.300014  1.99997
217.781 44.6087 272.227       0       0       0
0 0 1
4
 1.30001 0.150011  0.80002
-171.519 -89.1528  299.462 -23.9574  23.9572        0
0 0 1
4
2
1.89999 0.30002       2
  33.9748 0.0546938   138.864         0         0         0
0 0 1
3
      1.9 -0.299995   1.99998
  33.8004 0.0546877   139.005         0         0         0
0 0 1
4
 1.29998 0.150011 0.800028
  -33.8454 -0.0549525     176.18  -0.238882    14.0943          0
0 0 1
5
  1.29998 -0.150006  0.800067
    -33.93 -0.0547006     176.25  -0.239282    14.0999          0
0 0 1
