2
4
   0.899993    0.150011 2.72273e-05
-9.28992e-07  1.14818e-05      314.463     -4.57036      8.47096            0
0 0 1
5
   0.899991   -0.149991 2.19901e-05
-8.73023e-07  -1.2454e-05      315.834     -4.57036      8.47096            0
0 0 1
3
4
   0.899995    0.150012 3.69458e-05
-29.8319  14.4183  237.736  19.0208  19.0168        0
0 0 1
5
   0.899993   -0.149991 3.14542e-05
-6.6307 14.4187 213.469 17.0794 17.0756       0
0 0 1
3
  1.40001 -0.299989   1.00004
 36.4628 -28.8367  179.092        0        0        0
0 0 1
4
4
   0.899995    0.150013 3.76062e-05
 -23.5771 0.0292293   170.711  0.117946   13.6568         0
0 0 1
5
   0.899993   -0.149991 3.21904e-05
 -23.5395 0.0292847   170.674  0.118144   13.6539         0
0 0 1
3
  1.40001 -0.299994   1.00004
   23.5971 -0.0292594    144.419          0          0          0
0 0 1
2
     1.4 0.300001        1
   23.5195 -0.0292563    144.493          0          0          0
0 0 1
3
4
  0.899995   0.150013 3.8265e-05
3.07647  -9.524 208.617 -16.689 3.39916       0
0 0 1
5
   0.899993    -0.14999 3.29241e-05
-22.1905 -9.52411  229.688 -18.3747  3.40029        0
0 0 1
2
     1.4 0.300003        1
19.1141 19.0481 191.992       0       0       0
0 0 1
4
4
   0.899995    0.150013 4.00544e-05
-30.1316  3.05138  175.095  5.84026  14.0068        0
0 0 1
5
  0.899993  -0.149991 3.4429e-05
-29.9539  3.05148  173.353  5.84097  13.8675        0
0 0 1
2
     1.4 0.300001        1
 24.4017 -2.49658   145.41        0        0        0
0 0 1
3
      1.5 -0.300006   1.20002
 35.6836 -3.60633   136.44        0        0        0
0 0 1
3
4
  0.899995   0.150012 4.1843e-05
-40.5034  14.4099  241.807  19.3448  3.89752        0
0 0 1
5
   0.899992   -0.149991 3.59333e-05
6.23427 14.4104 207.848 16.6282 3.89611       0
0 0 1
3
  1.49999 -0.300012   1.20004
  34.269 -28.8204  180.642        0        0        0
0 0 1
4
4
   0.899989    0.150042 6.19736e-05
 -40.575 -1.76396   179.65 -7.65772  14.3726        0
0 0 1
5
  0.899991  -0.149975 3.8199e-05
-43.4043 -1.76386  181.931 -7.65691   14.555        0
0 0 1
3
  1.49999 -0.300011   1.20004
 39.163 1.76426 136.654       0       0       0
0 0 1
2
     1.5 0.299997  1.20001
44.8162 1.76403 132.062       0       0       0
0 0 1
3
4
   0.899984    0.150071 8.21114e-05
-128.003 -20.5408  283.898 -22.7099  22.7134        0
0 0 1
3
 1.49999 -0.30001  1.20004
11.4424 10.2718   200.7       0       0       0
0 0 1
2
     1.5 0.299993  1.20003
 116.56 10.2695   145.7       0       0       0
0 0 1
4
4
   0.899998    0.150037 0.000124864
 -52.4533 -0.206081   186.487  -6.31554   14.9197         0
0 0 1
3
  1.49999 -0.300011   1.20004
 42.3134 0.174008  133.759        0        0        0
0 0 1
2
 1.49995 0.300083  1.20002
 49.4997 0.174302  129.979        0        0        0
0 0 1
5
  1.00001 -0.150015  0.200048
 -39.3602 -0.142337   180.073  -6.30909   14.4062         0
0 0 1
3
4
   0.899997    0.150003 0.000137462
-17.8131 -18.1226  219.392 -17.5489   17.554        0
0 0 1
2
 1.49993 0.300129  1.20001
47.5278 28.4816 174.133       0       0       0
0 0 1
5
        1 -0.150034  0.200069
 -29.715 -10.3592  236.772 -18.9403  18.9432        0
0 0 1
4
4
   0.899995        0.15 0.000151102
-58.0919  3.48389  190.228 -4.21095  15.2187        0
0 0 1
2
 1.49994 0.300105      1.2
 48.9698 -2.48768  131.705        0        0        0
0 0 1
5
        1 -0.150013  0.200083
-46.2168  2.48869   182.84 -4.19947  14.6274        0
0 0 1
3
  1.60002 -0.299937   1.39993
 55.3398 -3.48476  125.524        0        0        0
0 0 1
3
4
   0.899989    0.150002 0.000150542
-41.7923  17.1047   241.16  19.2947  12.7638        0
0 0 1
5
 0.999998 -0.150015  0.200081
2.75434  10.695 209.459 16.7572 12.7517       0
0 0 1
3
  1.60002 -0.299936   1.39993
  39.038 -27.7998  179.678        0        0        0
0 0 1
4
4
   0.899989    0.150002 0.000150596
-54.6956 -2.87969  186.917 -14.9503  14.9558        0
0 0 1
5
 0.999998 -0.150015  0.200081
-46.6025   -2.112  184.055 -14.7239  14.7249        0
0 0 1
3
  1.60002 -0.299941   1.39992
43.1599 2.49494 134.558       0       0       0
0 0 1
2
     1.6 0.300008      1.4
58.1381 2.49678 124.768       0       0       0
0 0 1
3
5
 0.999998 -0.150015  0.200081
-163.906 -15.9103  304.239  21.9283  24.3384        0
0 0 1
3
  1.60002 -0.299943   1.39992
107.036 7.95723 156.446       0       0       0
0 0 1
2
 1.59999 0.300023      1.4
56.8706 7.95315 169.612       0       0       0
0 0 1
4
5
 0.999994 -0.149977  0.200094
-66.2637 -1.85548  194.868 -8.02699  15.5887        0
0 0 1
3
  1.60002 -0.299945   1.39992
61.8192 1.85562 123.887       0       0       0
0 0 1
2
 1.59999 0.300028  1.39999
67.7548  1.8565  119.07       0       0       0
0 0 1
4
       1 0.150002 0.200002
-63.3102 -1.85608  192.473 -8.03385  15.3978        0
0 0 1
3
5
 0.999982 -0.149958  0.200087
-24.1948 -16.2239  235.292  14.4057  18.8256        0
0 0 1
2
 1.59998 0.300064  1.39997
81.3641 32.4456 155.425       0       0       0
0 0 1
4
0.999989 0.150002 0.199997
 -57.169 -16.2212   239.58  14.3926  19.1668        0
0 0 1
4
5
 0.999998 -0.149953  0.200096
 -46.3049 -0.757691   182.959   -12.197   14.6346         0
0 0 1
2
 1.59999 0.300064  1.39996
43.0051  0.6414 133.654       0       0       0
0 0 1
4
0.999982 0.149993 0.199992
 -39.6904 -0.758328   179.323  -12.2029   14.3452         0
0 0 1
3
      1.7 -0.300008   1.59998
 42.9905 0.874718  134.361        0        0        0
0 0 1
3
2
     1.6 0.300076  1.39993
168.358 20.8458 210.448       0       0       0
0 0 1
4
 0.99996 0.149971 0.199981
-144.818 -54.2083  286.129 -22.8887  22.8876        0
0 0 1
3
  1.70002 -0.299995   1.59996
-23.5396  33.3625   133.72        0        0        0
0 0 1
4
2
 1.59999 0.300069  1.39993
  62.682 -1.30141  123.418        0        0        0
0 0 1
4
0.999959 0.149972 0.199988
-68.6468  1.82222  195.866 -14.1586  15.6679        0
0 0 1
3
      1.7 -0.300042   1.59994
 63.6156 -1.82184   121.39        0        0        0
0 0 1
5
     1.1    -0.15 0.400011
-57.6513  1.30045  189.624 -14.1597  15.1697        0
0 0 1
3
2
 1.59999 0.300082  1.39991
52.2106 3.64816 173.294       0       0       0
0 0 1
3
  1.70001 -0.300031   1.59993
118.959 6.38546 148.699       0       0       0
0 0 1
5
  1.09999 -0.150023  0.400018
-171.169 -10.0335  308.305  3.68712  24.6643        0
0 0 1
4
2
 1.59999 0.300082  1.39991
  68.445 -1.47641  119.601        0        0        0
0 0 1
3
 1.70001 -0.30003  1.59993
 79.2082 -2.13279   112.25        0        0        0
0 0 1
5
  1.09999 -0.150023  0.400018
-77.8468  1.80521  200.733  -10.117  16.0577        0
0 0 1
4
 1.1 0.15  0.4
-69.8064    1.804  197.714 -10.1217  15.8167        0
0 0 1
3
2
 1.59999 0.300084  1.39988
212.974 56.8999 266.217       0       0       0
0 0 1
3
  1.70002 -0.300026    1.5999
-18.6532  19.8462  24.8077        0        0        0
0 0 1
4
     1.1 0.150012 0.400005
 -194.32 -76.7468  339.272 -27.1423  27.1403        0
0 0 1
4
2
 1.59999 0.300082  1.39988
 29.5955 -1.80763  142.174        0        0        0
0 0 1
3
  1.70002 -0.300024   1.59989
 33.3482 -2.71193  137.584        0        0        0
0 0 1
4
     1.1 0.150011 0.400006
-35.5574  2.71169  177.973  -2.8431  14.2376        0
0 0 1
5
  1.2 -0.15   0.6
-27.3864  1.80793  172.566 -2.84485  13.8053        0
0 0 1
3
3
      1.7 -0.300089   1.59986
 209.193 -83.8268  261.492        0        0        0
0 0 1
4
 1.09999  0.14995 0.400001
-52.8497  53.3316  95.8381 -7.66572   7.6678        0
0 0 1
5
  1.19999 -0.150012       0.6
-156.344  30.4928  272.967 -21.8355  21.8386        0
0 0 1
4
3
  1.70001 -0.300062   1.59988
 73.7165 -5.11436  113.367        0        0        0
0 0 1
4
 1.09999  0.14995 0.400001
-85.4583  6.04565  206.199  13.3687  16.4934        0
0 0 1
5
  1.19999 -0.150012       0.6
-57.0903  4.18508  189.332  13.3759  15.1455        0
0 0 1
2
     1.7 0.300001      1.6
 68.8322 -5.11609    121.4        0        0        0
0 0 1
3
3
  1.70001 -0.300061   1.59988
106.925 12.6008 159.626       0       0       0
0 0 1
5
  1.19999 -0.150011  0.599999
-170.574 -25.2004  312.066 -1.72948  24.9648        0
0 0 1
2
 1.69999 0.300028  1.60002
63.6491 12.5997 158.605       0       0       0
0 0 1
4
3
  1.70001 -0.300064   1.59988
41.7799  19.263 135.653       0       0       0
0 0 1
5
  1.19999 -0.150007       0.6
  -84.88 -19.2728  211.338 -16.9056  16.9076        0
0 0 1
2
 1.69999 0.300046  1.60004
84.0592 19.2843 105.074       0       0       0
0 0 1
4
     1.2 0.149997 0.599999
-40.9594 -19.2745  178.233 -14.2586  14.2586        0
0 0 1
3
3
  1.70001 -0.300068   1.59989
 73.5701 -8.07851  150.585        0        0        0
0 0 1
5
  1.19998 -0.150003  0.600001
-96.9063  4.04228  267.749 -21.4186  21.4201        0
0 0 1
4
     1.2 0.149993 0.599998
 23.336 4.03625 211.963 -16.957 16.9571       0
0 0 1
4
3
      1.7 -0.300076    1.5999
 19.055 14.2399 152.788       0       0       0
0 0 1
5
 1.19998    -0.15 0.600003
-56.2957 -17.4092  195.105 -15.6079  15.6083        0
0 0 1
4
     1.2  0.14999 0.599998
-37.1374 -17.4102  176.268 -14.1013  14.1014        0
0 0 1
2
     1.8 0.299978  1.80002
74.3781 20.5793 106.136       0       0       0
0 0 1
3
5
 1.19997 -0.14999      0.6
-65.9573 -25.6095  263.208 -21.0564  21.0557        0
0 0 1
4
 1.19999 0.149994 0.599998
-7.04963 -25.6143  215.159 -17.2128  17.2125        0
0 0 1
2
     1.8 0.299968  1.80001
73.0071 51.2238  151.93       0       0       0
0 0 1
4
5
  1.19997 -0.149987       0.6
-64.268 1.33892 193.116 5.80003 15.4487       0
0 0 1
4
 1.19999 0.149994 0.599998
-66.4082   1.3396  194.842  5.79881  15.5872        0
0 0 1
2
     1.8 0.299966  1.80001
 63.1983 -1.33919  122.908        0        0        0
0 0 1
3
  1.79999 -0.299996   1.80002
 67.4775 -1.33935  119.432        0        0        0
0 0 1
3
5
  1.19996 -0.149988  0.600011
-73.4621  8.03577  251.534 -20.1225  20.1212        0
0 0 1
4
 1.19999 0.149994 0.600005
 3.06898  8.02916  219.694 -17.5758  17.5753        0
0 0 1
3
1.79998    -0.3 1.80002
70.3928 -16.065 159.069       0       0       0
0 0 1
4
5
  1.19996 -0.149987  0.600011
-46.0903  7.55558  183.016  14.6402  14.6413        0
0 0 1
4
 1.19999 0.149994 0.600005
-66.2556  7.55829  196.412  15.7125   15.713        0
0 0 1
3
  1.79998 -0.300004   1.80001
 67.6963 -6.39545  116.187        0        0        0
0 0 1
2
     1.9 0.299977  1.99999
 44.6495 -8.71855  134.683        0        0        0
0 0 1
3
4
 1.19999 0.149989 0.600028
-140.383  8.54838  288.872 -5.33682  23.1087        0
0 0 1
3
  1.79995 -0.300064       1.8
44.5149 -3.2871 180.597       0       0       0
0 0 1
2
     1.9 0.299978  1.99996
 95.8683 -5.26158  160.827        0        0        0
0 0 1
4
4
 1.19999 0.149988 0.600029
-79.3398   4.1175  201.934   16.153  16.1558        0
0 0 1
3
  1.79995 -0.300063       1.8
 63.1319 -2.94296  120.333        0        0        0
0 0 1
2
    1.9 0.29998 1.99995
 64.2711 -4.11651  123.285        0        0        0
0 0 1
5
      1.3 -0.150021  0.800014
-48.0631  2.94181  184.746  14.7814  14.7783        0
0 0 1
3
3
  1.79994 -0.300004   1.79999
210.347 -44.425 262.934       0       0       0
0 0 1
2
 1.89998 0.300024  1.99987
-23.9348  -33.517  41.8962        0        0        0
0 0 1
5
  1.30001 -0.150035  0.800055
-186.413  77.9433  325.466  26.0425  26.0354        0
0 0 1
4
3
 1.79992 -0.30003  1.79996
65.2316  3.6688 122.623       0       0       0
0 0 1
2
 1.89997 0.300033  1.99986
 84.029 5.30028 108.317       0       0       0
0 0 1
5
  1.30002 -0.150041  0.800068
-72.5446 -4.48358  199.859 -1.23108  15.9894        0
0 0 1
4
     1.3  0.15004 0.800021
-76.7161 -4.48526  199.499 -1.20431  15.9599        0
0 0 1
3
2
1.89996 0.30004 1.99986
86.8085 31.6258 150.866       0       0       0
0 0 1
5
  1.30003 -0.150022  0.800072
-19.8395   -15.81  233.936  18.7168  18.7132        0
0 0 1
4
     1.3 0.150047 0.800059
-66.9691 -15.8156  245.496  19.6384  19.6419        0
0 0 1
4
2
1.89999 0.30002       2
  33.9746 0.0547337   138.863         0         0         0
0 0 1
3
      1.9 -0.299995   1.99998
  33.8001 0.0547276   139.005         0         0         0
0 0 1
4
 1.29998 0.150011 0.800028
  -33.8455 -0.0549384     176.18  -0.238888    14.0942          0
0 0 1
5
  1.29998 -0.150006  0.800067
    -33.93 -0.0546866     176.25  -0.239287    14.0999          0
0 0 1
