2
4
   0.899993    0.150011 2.72273e-05
-9.28992e-07  1.14818e-05      314.463     -4.57036      8.47096            0
0 0 1
5
   0.899991   -0.149991 2.19901e-05
-8.73023e-07  -1.2454e-05      315.834     -4.57036      8.47096            0
0 0 1
3
4
    0.89999    0.150011 3.44827e-05
-11.4725  7.96469  222.725  11.8723   17.817        0
0 0 1
5
   0.899988   -0.149991 2.93303e-05
-18.6846  7.96484  219.185  11.8721  17.5338        0
0 0 1
3
  1.39999 -0.299973         1
 30.1568 -15.9293  188.387        0        0        0
0 0 1
4
4
   0.899991    0.150012 4.10127e-05
-34.5277 0.892339   177.58 -6.47905  14.2068        0
0 0 1
5
    0.89999   -0.149989 3.35781e-05
-39.4835 0.892407   179.51 -6.47857  14.3611        0
0 0 1
3
 1.39999 -0.29997        1
  32.8765 -0.892228   138.223         0         0         0
0 0 1
2
     1.4 0.200003  1.00001
  41.1348 -0.892454   134.985         0         0         0
0 0 1
3
4
   0.899993    0.150014 4.75357e-05
 5.94183 -11.6499  206.553 -16.5229  15.5682        0
0 0 1
5
  0.899991  -0.149988 3.7818e-05
-34.1367 -11.6505  236.885 -18.9496    15.57        0
0 0 1
2
 1.40001 0.200005  1.00001
 28.195 23.3005  186.86       0       0       0
0 0 1
4
4
   0.899993    0.150014 5.02338e-05
-27.7649 0.426402  173.621 -13.8885  13.8907        0
0 0 1
5
   0.899991   -0.149988 4.09211e-05
-38.1683 0.426383  178.527 -14.2812  14.2829        0
0 0 1
2
 1.40001 0.200023  1.00003
   35.484 -0.348984    138.01         0         0         0
0 0 1
3
  1.49999 -0.299978   1.20003
  30.4491 -0.503544    140.14         0         0         0
0 0 1
3
4
   0.899993    0.150014 5.29318e-05
-114.433 -64.1162  295.761  -23.659  23.6624        0
0 0 1
2
 1.40001 0.200041  1.00005
175.264 23.2886  219.08       0       0       0
0 0 1
3
  1.49999 -0.299955   1.20006
-60.8316  40.8277  115.456        0        0        0
0 0 1
4
4
   0.899989    0.150004 9.27383e-05
-50.8336  7.25559  188.293 -5.47572  15.0634        0
0 0 1
2
 1.40001 0.200006  1.00004
 45.8919 -4.83805  134.138        0        0        0
0 0 1
3
  1.49996 -0.300015   1.20007
 47.3239 -7.25473  127.381        0        0        0
0 0 1
5
        1 -0.149988  0.200042
-42.3826  4.83641  180.486 -5.46672  14.4385        0
0 0 1
3
4
   0.899986    0.150002 9.74529e-05
-26.2998  18.0265  234.811  6.25968  18.7845        0
0 0 1
3
  1.49995 -0.300042   1.20009
53.8155 -28.327  171.59       0       0       0
0 0 1
5
 0.999998 -0.149986  0.200048
-27.516 10.3001 223.897 6.26817 17.9122       0
0 0 1
4
4
   0.899986    0.149999 0.000111876
-51.767  3.4244 186.963 1.59197 14.9566       0
0 0 1
3
  1.49995 -0.300016   1.20006
 42.7054 -2.89723  132.035        0        0        0
0 0 1
5
 0.999995 -0.149986  0.200062
-37.6775  2.37067   178.39  1.60138  14.2712        0
0 0 1
2
 1.49998 0.250037  1.19998
 46.7387 -2.89737   132.91        0        0        0
0 0 1
3
3
  1.49995 -0.300024   1.20005
 196.785 -40.8998  245.981        0        0        0
0 0 1
5
 0.999983 -0.150006  0.200083
-168.578  81.6159  300.755  24.0601  24.0603        0
0 0 1
2
 1.49998 0.250061  1.19997
-28.2069 -40.7162  83.5619        0        0        0
0 0 1
4
3
  1.49993 -0.300069   1.20007
 56.2845 -2.54824  124.044        0        0        0
0 0 1
5
 0.999971 -0.150007  0.200101
-56.9018  2.54788   189.26  4.35756  15.1406        0
0 0 1
2
1.49997 0.25007 1.19998
 57.0861 -2.54792  126.437        0        0        0
0 0 1
4
 0.99999 0.149988 0.200013
-56.4695   2.5479  190.557   4.3541  15.2444        0
0 0 1
3
5
 0.999959 -0.150009  0.200118
-21.6578 -12.9563  232.558 -3.54416  18.6045        0
0 0 1
2
 1.49996 0.250079  1.19999
  64.52 25.9113 166.242       0       0       0
0 0 1
4
 0.99998 0.149976 0.200026
 -42.863 -12.9554  231.499 -3.55053    18.52        0
0 0 1
4
5
0.999959 -0.15001 0.200118
-76.9047 -9.67858  204.407 -16.3519  16.3525        0
0 0 1
2
1.49995 0.25013     1.2
78.3478 7.92474 107.693       0       0       0
0 0 1
4
 0.99998 0.149975 0.200026
-46.0896 -9.68746   183.97 -14.7163  14.7187        0
0 0 1
3
      1.6 -0.300003       1.4
44.6463 11.4415 134.227       0       0       0
0 0 1
3
2
  1.4999 0.250184  1.19997
216.578 30.2142 270.722       0       0       0
0 0 1
4
0.999966 0.149954 0.200068
-172.587 -74.2065  304.584 -24.3621   24.369        0
0 0 1
3
  1.59999 -0.299968   1.39997
-43.9925  43.9925  54.9906        0        0        0
0 0 1
4
2
  1.4999 0.250211  1.19997
 59.7702 -5.60393   126.91        0        0        0
0 0 1
4
0.999965 0.149954 0.200069
-70.7746  8.40941   199.67  -2.9657  15.9738        0
0 0 1
3
  1.59998 -0.299974   1.39998
 66.5341 -8.40977  115.807        0        0        0
0 0 1
5
      1.1 -0.149996  0.400001
-55.5299   5.6044   187.91 -2.94795  15.0327        0
0 0 1
3
4
0.999964 0.149954 0.200069
-70.2046   52.339  219.548 -17.5615  17.5662        0
0 0 1
3
  1.59998 -0.299972   1.39999
168.505  -82.19 210.632       0       0       0
0 0 1
5
      1.1 -0.149998  0.400002
-98.3011  29.8508  200.118 -16.0096  16.0092        0
0 0 1
4
4
0.999961 0.149944 0.200069
-90.4112  3.77713  208.555  4.44333  16.6833        0
0 0 1
3
  1.59997 -0.299958       1.4
 76.0387 -3.19574  112.866        0        0        0
0 0 1
5
      1.1 -0.150007  0.400008
-63.2832   2.6144  193.336   4.4607  15.4668        0
0 0 1
2
     1.6 0.300023      1.4
77.6556 -3.1958  115.54       0       0       0
0 0 1
3
3
  1.59993 -0.300036   1.39998
 204.865 -49.2211  256.081        0        0        0
0 0 1
5
  1.09998 -0.149994  0.400035
-206.803  59.7408  361.066  28.8839  28.8858        0
0 0 1
2
 1.59999 0.300002  1.40001
 1.93609 -10.5202  13.1503        0        0        0
0 0 1
4
3
  1.59993 -0.300032   1.39998
 97.815  3.8725 122.269       0       0       0
0 0 1
5
  1.09998 -0.149989  0.400036
-109.058 -3.86953  196.674 -15.7345  15.7327        0
0 0 1
2
 1.59997 0.300021      1.4
101.152 3.87026  126.44       0       0       0
0 0 1
4
     1.1 0.150001 0.400003
-89.9095 -3.87284  184.914 -14.7933   14.793        0
0 0 1
3
5
  1.09997 -0.149968  0.400043
-45.9572  -38.204  213.043  3.30885  17.0436        0
0 0 1
2
1.59994 0.30011 1.39994
162.624 76.4019  203.28       0       0       0
0 0 1
4
1.09998 0.14999     0.4
-116.668 -38.1974  213.973  3.15043   17.117        0
0 0 1
4
5
  1.09996 -0.149972  0.400044
-75.5352  1.59974  199.469 -10.4289  15.9558        0
0 0 1
2
 1.59994 0.300121  1.39995
 66.5351 -1.30822  120.611        0        0        0
0 0 1
4
 1.09998 0.149982 0.399999
-67.5328  1.59921  196.355 -10.4474  15.7084        0
0 0 1
3
  1.69999 -0.299959       1.6
 76.5327 -1.89057  113.863        0        0        0
0 0 1
3
2
 1.59993 0.300115  1.39995
200.473 24.0187 250.591       0       0       0
0 0 1
4
 1.09999 0.150003 0.400025
 -190.59 -61.5761   332.76 -26.6199  26.6198        0
0 0 1
3
 1.69997 -0.29998  1.59994
-9.88314   37.557  46.9462        0        0        0
0 0 1
4
2
 1.59987 0.300214  1.39994
 85.9193 -4.06764  109.019        0        0        0
0 0 1
4
     1.1 0.150003 0.400062
-102.758  6.10311  215.325  1.42827  17.2259        0
0 0 1
3
  1.69994 -0.299987   1.59995
 87.6341 -6.10346  109.543        0        0        0
0 0 1
5
      1.2 -0.150012  0.600042
-70.7971  4.06834  196.412  1.43301   15.713        0
0 0 1
3
4
     1.1 0.149999 0.400065
-57.4526  38.4287  258.142   -3.209  20.6514        0
0 0 1
3
  1.69994 -0.299982   1.59994
 112.005 -60.3882  140.006        0        0        0
0 0 1
5
  1.19999 -0.150019  0.600045
-54.5522  21.9591   232.15  -3.2076   18.572        0
0 0 1
4
4
     1.1 0.149995 0.400073
-85.8145  4.35601  206.077  7.09093   16.486        0
0 0 1
3
 1.69992 -0.29996  1.59992
  72.741 -3.68519  114.556        0        0        0
0 0 1
5
  1.19999 -0.150006   0.60005
-59.2128   3.0154  190.863  7.09728  15.2694        0
0 0 1
2
 1.69999 0.300033  1.60002
 72.2856 -3.68584  118.802        0        0        0
0 0 1
3
3
  1.69989 -0.300013   1.59991
 210.786 -59.8672  263.483        0        0        0
0 0 1
5
  1.19998 -0.150001  0.600078
-202.02 71.1452 352.716 28.2149 28.2191       0
0 0 1
2
 1.69998 0.300017  1.60002
-8.76726 -11.2782  14.0978        0        0        0
0 0 1
4
3
  1.69986 -0.300083   1.59991
76.4251 3.34423 115.555       0       0       0
0 0 1
5
  1.19998 -0.150003  0.600084
-83.1107 -3.34389   205.94 -14.1082  16.4745        0
0 0 1
2
 1.69994 0.300051      1.6
85.3526  3.3443 107.071       0       0       0
0 0 1
4
1.19999 0.14999 0.60001
-78.6678 -3.34495  201.731 -14.1203  16.1389        0
0 0 1
3
3
  1.69983 -0.300153   1.59991
 118.773 -47.6884  148.467        0        0        0
0 0 1
5
  1.19997 -0.150004   0.60009
-98.7602  23.8474  249.764 -19.9809  19.9806        0
0 0 1
4
 1.19998  0.14998 0.600019
 -20.014  23.8407  232.066 -18.5637  18.5668        0
0 0 1
4
3
  1.69982 -0.300167   1.59991
52.6845 5.35699 130.721       0       0       0
0 0 1
5
  1.19997 -0.150004  0.600091
 -64.986  -6.5478  195.937 -12.4778  15.6746        0
0 0 1
4
 1.19998  0.14998 0.600021
-64.6511 -6.54845  192.216 -12.4872  15.3781        0
0 0 1
2
     1.8 0.299975  1.79998
76.9525 7.73902 111.424       0       0       0
0 0 1
3
5
  1.19997 -0.150004  0.600092
-43.9474 -21.1053   248.39 -19.8713  19.8708        0
0 0 1
4
 1.19998  0.14998 0.600022
-37.0482 -21.1098  229.348 -18.3462  18.3492        0
0 0 1
2
    1.8 0.29995 1.79996
80.9955 42.2149 152.559       0       0       0
0 0 1
4
5
  1.19997 -0.150004    0.6001
 -65.5793 -0.829426   194.282  -3.60073   15.5422         0
0 0 1
4
 1.19998 0.149941 0.600028
 -64.2558 -0.828955   193.207  -3.61961    15.457         0
0 0 1
2
 1.79998 0.299976  1.79992
 66.2443 0.828718  120.324        0        0        0
0 0 1
3
 1.79998 -0.30004  1.80001
 63.5901 0.829005  122.484        0        0        0
0 0 1
3
5
  1.19996 -0.149997  0.600101
-151.603  -26.035   298.26 -12.7909  23.8594        0
0 0 1
2
 1.79996 0.299976  1.79996
63.9478 13.0172 162.178       0       0       0
0 0 1
3
 1.79996 -0.30006  1.80002
87.6541 13.0177  169.86       0       0       0
0 0 1
4
5
  1.19995 -0.149995  0.600099
-83.5151 -13.1776  207.355 -16.5885  16.5871        0
0 0 1
2
 1.79997 0.299969  1.79995
77.5134  11.151 107.604       0       0       0
0 0 1
3
  1.79996 -0.300063       1.8
53.7904 11.1534 131.638       0       0       0
0 0 1
4
 1.29999 0.149995 0.800001
-47.7887 -9.12698    183.7 -14.6956  14.6962        0
0 0 1
3
5
  1.19995 -0.149993  0.600096
-69.9116 -36.3058   269.03 -21.5224  21.5213        0
0 0 1
2
 1.79997 0.299961  1.79995
74.6316 57.0672 147.482       0       0       0
0 0 1
4
 1.29999 0.149991 0.800002
-4.72007 -20.7617  213.786 -17.1021  17.1036        0
0 0 1
4
5
 1.19994 -0.14997 0.600101
-80.4624 -9.78933   204.37 -16.3502  16.3474        0
0 0 1
2
 1.79997 0.299979  1.79997
68.9808 6.99448 114.279       0       0       0
0 0 1
4
 1.29998 0.149979 0.799999
 -42.143 -6.99681  181.299 -14.5026  14.5049        0
0 0 1
3
      1.9 -0.300003   1.99999
53.6244 9.79182  130.35       0       0       0
0 0 1
3
2
 1.79997 0.299979  1.79997
 214.07 57.6387 267.587       0       0       0
0 0 1
4
 1.29998 0.149979 0.799999
-191.794 -79.9401  334.861 -26.7856  26.7899        0
0 0 1
3
      1.9 -0.300003   1.99999
-22.2779  22.2779  27.8474        0        0        0
0 0 1
4
2
 1.79997 0.300067  1.79994
 47.3113 -8.26359  134.855        0        0        0
0 0 1
4
 1.29998 0.149976 0.799998
-67.5544  10.1007  198.629  15.8913  15.8885        0
0 0 1
3
      1.9 -0.300005   1.99998
 82.1513 -11.9372  106.413        0        0        0
0 0 1
5
  1.29999 -0.150001  0.799999
-61.9083  10.1008  190.401  15.2321  15.2318        0
0 0 1
3
4
 1.29998 0.149974 0.799998
-64.6401  26.1567  262.967   21.039  21.0349        0
0 0 1
3
      1.9 -0.300006   1.99997
 79.9967 -52.3149  148.065        0        0        0
0 0 1
5
  1.29999 -0.150002  0.799998
-15.3566  26.1588  219.265  17.5415  17.5409        0
0 0 1
4
2
1.89999 0.30002       2
  33.9746 0.0546765   138.863         0         0         0
0 0 1
3
      1.9 -0.299995   1.99998
  33.7999 0.0546703   139.004         0         0         0
0 0 1
4
 1.29998 0.150011 0.800028
  -33.8455 -0.0548159     176.18  -0.238964    14.0942          0
0 0 1
5
  1.29998 -0.150006  0.800067
 -33.9301 -0.054564    176.25 -0.239364   14.0999         0
0 0 1
