    1.33827 -0.00217744    0.705991     2.59735     1.95099    -2.44997    0.182659    -1.73621  -0.0713825     1.16209   -0.707202   -0.196242     -1.0651    -1.11442    -1.21558    0.961322   -0.811172    0.261799    0.307117   -0.176011   -0.901178    0.485413    0.240006   -0.226283    0.734657   -0.072093   -0.440681    -0.70564   -0.605065    -0.34431   -0.717141   -0.192935    0.314359   0.0750764
   1.33827 -0.0021769   0.705991    2.59735    1.95099   -2.44997   0.182659   -1.73621 -0.0713828    1.16209  -0.707202  -0.196244    -1.0651   -1.11442   -1.21558   0.961321  -0.811171   0.261799   0.307115  -0.176009   -0.90118   0.485413   0.240005  -0.226282   0.734656  -0.072091  -0.440682   -0.70564  -0.605065  -0.344313  -0.717139  -0.192933   0.314358  0.0750744
   1.27615 -0.0307603   0.771348    2.70676    1.71843   -2.66187    0.65585   -1.48735   0.582891   0.369672  -0.308392 -0.0956291    -1.2163   -1.39106   -1.26669    0.45636  -0.377864   0.123526    0.21656 -0.0544322   -1.04212   0.704607 -0.0204269  -0.295849   0.799802  0.0444095  -0.212944   -1.14148  -0.645582  -0.159236  -0.489241  0.0306954   0.319255 -0.0720931
    1.18661   -0.119937    0.772426     2.66668     1.68118    -2.67739    0.983157    -1.35025    0.927779    0.058849   -0.092245   -0.168589    -1.44303    -1.58405    -1.49388    0.333109   -0.233428 -0.00500203   0.0193742    0.017074    -1.32186    0.836167   -0.218285   -0.319055    0.592942    0.292756   -0.104974    -1.26904   -0.693967   -0.012267   -0.474307    -0.05276    0.395421   -0.270408
    1.13683   -0.168658    0.770752     2.68006     1.64346    -2.69425     1.30058    -1.42179     1.26296           0   0.0206245   -0.129085    -1.52883     -1.6542    -1.56581    0.174258   -0.108111  -0.0704334  -0.0699057 -0.00805146    -1.44608     0.93516   -0.239866   -0.444626    0.519115    0.491588     -0.1197    -1.43094   -0.655342  0.00976812   -0.422923  -0.0159926    0.444392   -0.317001
    1.13624   -0.172113    0.770403     2.68007     1.64342    -2.69479     1.30801    -1.41719     1.27027           0   0.0203126    -0.13329    -1.52836    -1.65932    -1.56562    0.172799   -0.106603  -0.0750314   -0.076107 -0.00930718    -1.45219    0.937998   -0.241618   -0.444956    0.517592    0.496998   -0.125858    -1.43142   -0.652587  0.00877656   -0.422699  -0.0143669    0.443928   -0.323368
    1.07202   -0.203013    0.773577     2.69286     1.77904    -2.71546     1.34526    -1.36534      1.2274           0    0.122977    -0.18255    -1.45827    -1.70251     -1.5708    0.241081  -0.0500171   -0.119811   0.0347751    0.355566    -1.84335     0.92118   -0.277456    -1.04174    0.596358  -0.0991391   0.0367956    -1.39504   -0.972211   -0.025005   -0.317487 -0.00377239    0.514306   -0.278473
   1.28085  -0.253749   0.737203    2.84854    1.83815   -2.78805    1.34203   -1.37433    1.20651    0.59557  -0.411544  -0.261799   -1.37332   -1.69898   -1.50135   0.850056  -0.588552  -0.204418  -0.362575   0.123995   -1.47761    0.78936  -0.213978   -1.84125   0.202329   0.450046  0.0869588  -0.850959   -0.65353  -0.218201  -0.278976  -0.191446 0.00297577  -0.558482
   1.25255 -0.0743349   0.788294    2.93136    1.79378   -2.94468    1.11018   -1.54026    1.06013   0.531109  -0.327356 -0.0188268   -1.18854   -1.50807   -1.22041   0.345926  -0.148497  0.0688077   0.523599   0.670717  -0.709046    0.69032   0.093308   -1.24167     1.0794  -0.775551  0.0423377  -0.249101  -0.977682  -0.706126   -1.22554   0.171512   0.878489  -0.141866
   1.37855    -0.2232   0.765822    2.99987    1.79954   -3.03337   0.770993   -1.13443   0.726609   0.241688  -0.339968  -0.261799  -0.595096    -1.7299  -0.648582   0.796658  -0.441019 -0.0677567   0.189412   0.495294  -0.292833   0.649073   0.576758   -1.77084   0.628095  -0.532974   0.230524  -0.497288  -0.455139  -0.731103   -0.96771   0.742033   0.399844  -0.591605
  1.32639 -0.238916  0.775398   3.04265   1.77518  -3.05495   1.10184  -1.28911   1.05008  0.239915 -0.173114 -0.238271 -0.890377  -1.73422 -0.942077  0.624003 -0.321951 -0.124329  0.199429  0.468557 -0.424304  0.731377  0.627358  -1.62681  0.535073 -0.492477  0.372474 -0.602091 -0.565121 -0.525361 -0.943064  0.677136  0.546355 -0.627472
    1.3664  -0.144247   0.796915     3.0993    1.78283   -3.14704   0.630786   -1.21349   0.617854          0 -0.0787961  -0.160944  -0.309237   -1.43312  -0.301926   0.245168  -0.164449  0.0897321     0.2794   0.569144  -0.414956   0.499701    0.42413   -1.67963   0.641144  -0.607202   0.118366  -0.369463  -0.660639  -0.740056  -0.977547   0.436173   0.434967  -0.363362
    1.37945   -0.261997    0.801534     3.26138     1.84054    -3.43911     1.08803    -1.07909     1.09931    0.372903   -0.326873   -0.261799    0.498832    -1.23146    0.558505           0  -0.0290354  0.00477585 -0.00165766    0.738709   -0.608932    0.743366    0.203161    -1.50993    0.608168   -0.617673     0.17407   -0.735841   -0.735551   -0.972859    -0.10626   -0.596409   -0.272739    0.826993
  1.29124 0.0801202  0.787516   3.14139   1.91326  -3.15625  0.428492  -1.78378  0.477853   0.86667 -0.332854  0.119259 -0.775285  -1.21466 -0.717894         0 0.0790304  0.261799  0.523599  0.464934 -0.659897   0.16642    0.4701  -1.66451  0.697093 -0.397314 -0.241396 -0.409454  -1.15991 -0.460069 -0.673868 -0.197957  0.531116 0.0959481
   1.09287  -0.161662   0.792927     3.1116     2.0213   -3.09422    1.11761   -1.45318    1.04831   0.258852   0.134744  -0.135817  -0.917546   -1.64795  -0.972673    0.29191   0.202565 -0.0934174  0.0167641 -0.0141936    -1.2572     1.1531  0.0419447   -1.01032   0.442119  -0.208517   0.133553   -1.33093  -0.728136  -0.232441   -1.19578  -0.323089 -0.0358756    0.25613
   1.36014  -0.211161   0.803774    3.33005    2.18883   -3.23708   0.494766   -1.22676   0.475931   0.703143  -0.388049  -0.261799   -0.64126   -1.62432   -0.59544    1.14811  -0.488671  -0.108206  -0.301762   0.315969  -0.818788   0.706841  -0.110596   -1.20559   0.513706   -0.47094 -0.0662985  -0.131804  -0.181625   -1.13801   -2.03437  0.0523989  -0.235371  -0.318509
    1.29635   -0.204294    0.828828     3.23686     2.30319    -3.12837    0.491587    -1.28026    0.394807    0.572707   -0.104142   -0.261799   -0.548256    -1.54461   -0.547995     1.10854    -0.39846  -0.0946441  -0.0871261 -0.00377499   -0.660285    0.976058  -0.0581887   -0.707412    0.674327   -0.791068     0.14654   -0.602898   -0.351928   -0.601515    -1.29285    0.025351   -0.418667   0.0159495
  1.26336 0.0964465  0.800336   2.89806   2.24899  -2.95314  0.704925  -1.76967  0.660424   1.05427 -0.226598  0.157845 -0.786539  -1.28511 -0.795526  0.708716 -0.230999  0.261799  0.121655  0.121554 -0.953483  0.277757  0.051054  -1.08519  0.675913 -0.499574 -0.740152 0.0840076  -1.21294 -0.711947 -0.865386 -0.655794  -0.74351 -0.422083
   1.52282  0.0496982   0.887531    3.17543    2.42003    -2.9751   -0.16268  -0.747947  -0.232028   0.356829  -0.316319  -0.029479  -0.484916   -0.58628  -0.431414    0.31393   -0.34279   0.261799   0.168153  -0.204843  -0.309774   0.307608  0.0469952  -0.769925   0.686281   -1.26494  -0.194788  0.0530933  -0.757213  -0.349217   -1.08432  -0.504535  -0.942588 -0.0543594
    1.39223   -0.196532    0.872859     2.96827     2.36538    -3.01858    0.634037     -1.0435    0.369714    0.511111   -0.204477   -0.261799    0.133833    -1.18022  0.00731941     0.69781    -0.30148 -0.00515854    0.126641    0.022147   -0.444719    0.859634 0.000793583   -0.542657    0.674619      -1.075    0.190007   -0.411079   -0.622003   0.0546906    -1.03912    -0.92118   -0.901881    0.457951
   1.55144  -0.185735   0.859644    3.28717    2.48204   -3.18258   0.239261  -0.916353   0.184451   0.638766   -0.36667  -0.261799  -0.204222   -1.00375 -0.0986115    1.01024  -0.663126 0.00741724   -0.20413  0.0456192 -0.0922848   0.605425    0.15091   -0.85364   0.498392   -1.08037  0.0533445 -0.0289938  -0.359264  -0.117426  -0.986927  -0.710927   -1.17804   0.237769
    1.51431 -0.00212256    0.878353     3.33794      2.4472    -3.45496    0.206284    -1.09987    0.404971    0.830107   -0.430271  0.00732941   -0.339354   -0.793959   0.0103683    0.294105   -0.251095    0.261758   -0.255436    0.410435   -0.524583    0.335479   -0.262795   -0.763521    0.641151    -1.08328   -0.366218    0.162616   -0.660634   -0.445862   -0.623141    -0.69845    -1.35575   -0.299684
    1.38573   0.0875005    0.802077     2.90942     2.32352    -2.99471    0.276129    -1.74835    0.169943     1.24416   -0.326013   0.0727245   -0.706953    -1.30861   -0.703511    0.763847    -0.20975    0.261799   0.0658722    0.134446   -0.589408    0.215813 -0.00299382    -1.31923    0.685738   -0.575037   -0.806994    0.216184   -0.908544   -0.687137    -0.89988   -0.636541   -0.963411    -0.41867
   1.35401  0.0472235   0.556733    3.17184    2.94418   -3.19832  -0.155859   -1.91986  -0.167987    2.44346  -0.725366 -0.0324712   -1.63839   -1.56866   -1.35214    2.05486  -0.689735   0.261799 -0.0308074    0.16486  -0.660039   0.210533    0.25565  -0.901869   0.838007  -0.257837  -0.817364  0.0634491  -0.999568  -0.330123  -0.834751  -0.598568  -0.435458  -0.385051
   1.30395  0.0441114   0.553899     3.1807     3.0468   -3.19306  -0.145161   -1.91986  -0.149786    2.44346  -0.622215 -0.0348077   -1.64841   -1.59245   -1.34887    2.06324  -0.593421   0.261799   0.192288   0.281148   -1.17259   0.311076   0.556397  -0.488824   0.887496  0.0559231  -0.945843   0.017338   -1.10568  -0.339034  -0.777744  -0.530012  -0.233529  -0.261294
  1.42992   -0.2313  0.901513   3.21812   2.54538  -3.53571  0.662399 -0.718488  0.679261  0.605813 -0.283547 -0.261799  0.356246 -0.929522  0.558505  0.506756   -0.1345 0.0473188 -0.136851   0.67254 -0.229814  0.821623  0.112794  -1.55803   1.04335 -0.355532 -0.370705 -0.126573 -0.567646 -0.209181 -0.777033 -0.865162  -1.13131  0.236161
    1.36708   0.0242196    0.895336     3.12098     2.68398    -3.20133     0.17555     -1.1411    0.169283    0.974849   -0.284543 -0.00318239   -0.279566   -0.928122  -0.0791007    0.576593   -0.105923    0.261799    0.119306    0.232777   -0.528076     0.18564    0.296948    -1.17165    0.473971   -0.323671   -0.377957    0.507143   -0.991526   -0.617918    -1.48576    -1.40473   -0.468985    0.464617
   1.70739  -0.155031   0.902905    3.08908    3.06435   -3.00718   0.328801   0.130424  -0.104881    0.24912  -0.495281  -0.261799  0.0263658   0.150359  -0.135488   0.360243  -0.590008  0.0466048 -0.0219097   0.109888   0.473105   0.304358   0.217145   -1.61134   0.373217  -0.423633 -0.0385089   0.740237          0  -0.180586    -1.6401  -0.767899  -0.797938   0.372165
   1.68067  -0.156729   0.920004    3.16678    2.75943   -3.19473   0.173848  -0.287281   0.113668   0.291352  -0.372985  -0.176887 -0.0664331   -0.28264  0.0245506   0.350004  -0.452256  0.0537696 -0.0723194   0.206635   0.539913   0.345046   0.240348   -1.75269   0.577349  -0.657405  -0.177427   0.739609  -0.199552 -0.0852695   -1.83518  -0.883201  -0.982023   0.532933
