4
0
     1.67984       0.1619 -8.31865e-07
-2.17248 -16.5185   242.34
-0 -0  1
1
     1.69494     -0.30598 -1.84034e-06
 32.2226 -0.19034  176.713
0 0 1
4
    0.997946     0.205272 -9.36961e-07
-21.6809   44.822  100.256
-0 -0  1
5
    0.993968      -0.4035 -4.34011e-06
-8.36925 -28.1131  110.989
0 0 1
3
0
     1.67984       0.1619 -8.31865e-07
 0.000160101 -6.28206e-06      93.6973
-0 -0  1
1
     1.69494     -0.30598 -1.84034e-06
 -0.00036418 -0.000491202      321.492
0 0 1
4
    0.997946     0.205272 -9.36961e-07
0.000171238 0.000420083     215.109
-0 -0  1
4
0
     1.67984       0.1619 -8.31865e-07
-2.0998e-05 0.000371251     187.366
-0 -0  1
1
     1.69494     -0.30598 -1.84034e-06
0.000658893 0.000414908     183.997
0 0 1
4
    0.997946     0.205272 -9.36961e-07
-0.000475051 -0.000296166      130.022
-0 -0  1
5
 1.05 -0.35     0
-0.000162715 -0.000271404      128.914
0 0 1
3
0
     1.67984       0.1619 -8.31865e-07
0.00150551 0.00658481     306.91
-0 -0  1
1
     1.69494     -0.30598 -1.84034e-06
-0.00425636  -0.0166561      2.0507
0 0 1
5
 1.05 -0.35     0
0.00094238 0.00866929    321.337
0 0 1
4
0
     1.67984       0.1619 -8.31865e-07
  0.00033472 -0.000692496      115.589
-0 -0  1
1
     1.69494     -0.30598 -1.84034e-06
-0.00106782 -0.00159446     162.736
0 0 1
5
 1.05 -0.35     0
-0.00033373  0.00129832     201.609
0 0 1
4
1.05 0.15    0
0.000591376  0.00112584     150.364
0 0 1
3
1
     1.69494     -0.30598 -1.84034e-06
0.00433459  0.0100303    275.184
0 0 1
5
 1.05 -0.35     0
 0.00173422 -0.00515431     98.0799
0 0 1
4
1.05 0.15    0
-0.00640381 -0.00468834     257.034
0 0 1
4
1
     1.69494     -0.30598 -1.84034e-06
 9.1954 -4.5361   188.7
0 0 1
5
 1.05 -0.35     0
8.49619 5.70703  213.84
0 0 1
4
1.05 0.15    0
16.4373 5.70703 210.693
0 0 1
0
 2.1  0.2 0.65
-34.1289 -6.87795  17.0645
         -1 1.28488e-10 7.49511e-05
3
1
     1.69494     -0.30598 -1.84034e-06
0.827691 -24.4585  373.178
0 0 1
4
1.05 0.15    0
25.9475 11.0706 270.507
0 0 1
0
 2.1  0.2 0.65
-26.7754  13.3877 -13.3877
         -1 1.28488e-10 7.49511e-05
4
1
     1.69494     -0.30598 -1.84034e-06
 18.5225 -4.02747  203.285
0 0 1
4
1.05 0.15    0
30.0232 12.2392 197.809
0 0 1
0
 2.1  0.2 0.65
-65.9581 -17.9286   32.979
         -1 1.28488e-10 7.49511e-05
5
 1.15 -0.35     0
17.4123 9.71697 196.224
0 0 1
3
1
     1.69494     -0.30598 -1.84034e-06
 27.2236 -21.0008  54.4471
0 0 1
0
 2.1  0.2 0.65
-168.576 -84.2882  84.2882
         -1 1.28488e-10 7.49511e-05
5
 1.15 -0.35     0
141.353 105.289 491.563
0 0 1
4
1
     1.69494     -0.30598 -1.84034e-06
 9.44681 -37.4963  240.022
0 0 1
0
 2.1  0.2 0.65
-66.8334  10.6506  33.4167
         -1 1.28488e-10 7.49511e-05
5
 1.15 -0.35     0
5.33036 13.4244 211.507
0 0 1
4
1.15 0.15    0
52.0553 13.4211 145.353
0 0 1
3
1
     1.69494     -0.30598 -1.84034e-06
-2.94901 -47.3481  371.899
0 0 1
0
 2.1  0.2 0.65
-51.7067  25.8534 -25.8534
         -1 1.28488e-10 7.49511e-05
4
1.15 0.15    0
54.6556 21.4945 284.252
0 0 1
4
1
     1.69494     -0.30598 -1.84034e-06
10.7445  -35.11 242.547
0 0 1
0
 2.1  0.2 0.65
-76.8494   4.9059  38.4247
         -1 1.28488e-10 7.49511e-05
4
1.15 0.15    0
54.7814 17.5165  145.36
0 0 1
5
 1.2 -0.3    0
11.3237 12.6876 203.967
0 0 1
3
0
 2.1  0.2 0.65
-144.772 -28.3766  72.3861
         -1 1.28488e-10 7.49511e-05
4
1.15 0.15    0
102.151 17.4957 247.577
0 0 1
5
 1.2 -0.3    0
42.6211 10.8815 310.335
0 0 1
4
0
 2.1  0.2 0.65
-20.5101   10.255   10.255
         -1 1.28488e-10 7.49511e-05
4
1.15 0.15    0
  58.035 -11.1833  266.828
0 0 1
5
 1.2 -0.3    0
 34.3989 -13.8093  317.253
0 0 1
1
 2.1 -0.4 0.65
-71.9239  14.7374  35.9619
          -1 -4.80007e-05  7.49512e-05
3
0
 2.1  0.2 0.65
-167.022 -83.5109  83.5109
         -1 1.28488e-10 7.49511e-05
5
 1.2 -0.3    0
182.209 91.1046 553.789
0 0 1
1
 2.1 -0.4 0.65
 -15.187 -7.59349 -7.00226
          -1 -4.80007e-05  7.49512e-05
4
0
 2.1  0.2 0.65
-33.9154  16.9577  16.9577
         -1 1.28488e-10 7.49511e-05
5
 1.2 -0.3    0
 53.1783 -16.6005  315.319
0 0 1
1
 2.1 -0.4 0.65
-105.007  19.8631  52.5037
          -1 -4.80007e-05  7.49512e-05
4
1.25 0.15    0
 85.7443 -20.2203  245.517
-0 -0  1
3
0
 2.1  0.2 0.65
-28.9163  14.4582  -11.782
         -1 1.28488e-10 7.49511e-05
1
 2.1 -0.4 0.65
-109.875  54.9376  54.9376
          -1 -4.80007e-05  7.49512e-05
4
1.25 0.15    0
 138.791 -69.3961  587.142
-0 -0  1
4
0
 2.1  0.2 0.65
-124.752  -8.7011   62.376
         -1 1.28488e-10 7.49511e-05
1
 2.1 -0.4 0.65
-76.4709 -8.70193  38.2354
          -1 -4.80007e-05  7.49512e-05
4
1.25 0.15    0
88.7485 8.70114  286.38
-0 -0  1
5
1.25 -0.3    0
112.475 8.70197 243.305
-0 -0  1
3
0
 2.1  0.2 0.65
-145.196 -72.5981  72.5981
         -1 1.28488e-10 7.49511e-05
1
 2.1 -0.4 0.65
-20.7317 -10.3659  1.73933
          -1 -4.80007e-05  7.49512e-05
5
1.25 -0.3    0
165.928 82.9646  555.96
-0 -0  1
4
0
 2.1  0.2 0.65
-72.6754  15.6103  36.3377
         -1 1.28488e-10 7.49511e-05
1
 2.1 -0.4 0.65
-122.299  15.6094  61.1494
          -1 -4.80007e-05  7.49512e-05
5
1.25 -0.3    0
 86.4323 -13.1529  286.839
-0 -0  1
4
1.35 0.15    0
 108.542 -18.0673  245.972
-0 -0  1
3
0
 2.1  0.2 0.65
-56.1807  28.0903 -20.5548
         -1 1.28488e-10 7.49511e-05
1
 2.1 -0.4 0.65
-136.407  68.2033  68.2033
          -1 -4.80007e-05  7.49512e-05
4
1.35 0.15    0
 192.587 -96.2939  582.649
-0 -0  1
4
0
 2.1  0.2 0.65
-105.947  -41.301  52.9737
         -1 1.28488e-10 7.49511e-05
1
 2.1 -0.4 0.65
-13.1542 -6.57711  6.57711
          -1 -4.80007e-05  7.49512e-05
4
1.35 0.15    0
     35 23.9388 336.284
-0 -0  1
5
1.35 -0.3    0
84.1015 23.9392 234.464
0 0 1
3
1
 2.1 -0.4 0.65
-79.9716  10.4343  39.9858
          -1 -4.80007e-05  7.49512e-05
4
1.35 0.15    0
-0.381751  -5.22132   429.605
-0 -0  1
5
1.35 -0.3    0
 80.3532 -5.21267  160.706
0 0 1
4
1
 2.1 -0.4 0.65
-12.9263  1.35004  6.46314
          -1 -4.80007e-05  7.49512e-05
4
1.35 0.15    0
12.2459 6.21024 317.466
-0 -0  1
5
1.35 -0.3    0
32.9176 6.21024 290.249
0 0 1
0
2.1 0.2 0.9
-32.2372 -13.7705  16.1186
          -1 -5.78184e-10  0.000112424
3
4
1.35 0.15    0
27.8841 24.6181 55.7682
-0 -0  1
5
1.35 -0.3    0
71.0762  24.623 525.049
0 0 1
0
2.1 0.2 0.9
  -98.96 -49.2417    49.48
          -1 -5.78184e-10  0.000112424
4
4
1.35 0.15    0
23.9387 8.80738 311.046
-0 -0  1
5
1.35 -0.3    0
 43.958 8.80743 285.304
0 0 1
0
2.1 0.2 0.9
-51.289 -9.3112 25.6445
          -1 -5.78184e-10  0.000112424
1
 2.1 -0.4  0.9
-16.6074 -8.30368  8.30368
          -1 -6.17129e-05  0.000112424
3
5
1.35 -0.3    0
167.856 83.9283 580.725
0 0 1
0
2.1 0.2 0.9
-132.885 -66.4425  66.4425
          -1 -5.78184e-10  0.000112424
1
 2.1 -0.4  0.9
-34.9706 -17.4853 -16.8697
          -1 -6.17129e-05  0.000112424
4
5
1.35 -0.3    0
 67.8654 -5.98067   285.55
0 0 1
0
2.1 0.2 0.9
-61.865 6.74875 30.9325
          -1 -5.78184e-10  0.000112424
1
 2.1 -0.4  0.9
-86.1589  6.74907  43.0795
          -1 -6.17129e-05  0.000112424
4
1.4 0.1   0
 80.1588 -7.51741  270.736
0 0 1
