4
0
     1.69996     0.149992 -1.35329e-05
0.064549 0.336888  158.171        0        0        0
-0 -0  1
1
    1.69985    -0.30012 7.86112e-06
0.0735854  0.336741   155.143         0         0         0
0 0 1
4
    1.00006    0.199942 7.12598e-05
0.0637917   0.32236   160.477   6.72795    2.8158 0.0199419
-0 -0  1
5
    1.00006   -0.400004 4.61555e-05
0.0756851  0.322529   156.441   6.72795    2.8158 0.0199419
0 0 1
3
0
     1.69997     0.149992 -1.19554e-05
0.000537842 0.000409991     216.897           0           0           0
-0 -0  1
4
    1.00006    0.199942 7.12811e-05
-0.000802051 -0.000194186      205.993     -2.35807     -15.4111   0.00114367
-0 -0  1
5
    1.00006   -0.400004 4.61699e-05
 0.000271077 -0.000253402      207.408     -2.35807     -15.4111   0.00114367
0 0 1
4
0
     1.69996     0.149992 -1.26603e-05
21.6702 2.25309 204.635       0       0       0
-0 -0  1
4
    1.00006    0.199942 7.16667e-05
 21.2384 -3.78124  195.682 0.604041  -12.835  8.62159
-0 -0  1
5
    1.00006   -0.400003 4.66188e-05
 26.4112 -3.78124   195.32 0.604041  -12.835  8.62159
0 0 1
1
     2.1     -0.4 0.649999
-69.3198  5.30939  34.6599        0        0        0
          -1 -4.80007e-05  7.49512e-05
3
0
     1.69994     0.149996 -2.48824e-05
 62.1219 -33.0284  124.244        0        0        0
-0 -0  1
4
    1.00004    0.199935 8.22907e-05
 109.681 -52.8732  420.151 -37.8115  37.8195  28.5941
-0 -0  1
1
     2.1 -0.39999 0.649976
-171.803  85.9016  85.9016        0        0        0
          -1 -4.80007e-05  7.49512e-05
4
0
     1.69991     0.149999 -5.18503e-05
  13.974 0.622176  191.631        0        0        0
-0 -0  1
4
    1.00002    0.199936 8.70689e-05
 13.6978 -3.30348  211.596 -2.20954  19.0447  5.61123
-0 -0  1
1
      2.1 -0.399981  0.649939
-44.733 4.30278 22.3665       0       0       0
          -1 -4.80007e-05  7.49512e-05
5
     1.29997    -0.399999 -6.94355e-06
 17.0606 -1.62118  204.703 -2.20944  18.4234  5.60969
0 0 1
3
0
      1.6999     0.149998 -5.26531e-05
 0.0185697 0.00972945    336.915          0          0          0
-0 -0  1
4
    1.00001    0.199929 9.42058e-05
 -0.0390209 -0.00672213     86.7531     3.19707    -7.80777  -0.0462574
-0 -0  1
5
     1.29997         -0.4 -3.95377e-06
  0.0204023 -0.00311691     206.629      3.1906    -18.5965   0.0272589
0 0 1
4
0
     1.69989     0.149987 -5.98366e-05
   9.43131 -0.0897783    187.914          0          0          0
-0 -0  1
4
          1    0.199925 9.43836e-05
 9.26775 -2.47555      219 -3.04833  19.7107  3.41463
-0 -0  1
5
     1.29996         -0.4 -1.43035e-06
 11.3095 -1.45334  208.379 -3.04795  18.7542  3.41061
0 0 1
1
      2.1 -0.399996  0.899993
-30.0087  4.01871  15.0044        0        0        0
          -1 -6.17129e-05  0.000112424
3
4
   0.999971    0.199914 9.57903e-05
34.7018 0.35824 302.789 20.2004 5.09826 12.2151
-0 -0  1
5
     1.29993    -0.400002 -7.05006e-06
42.0292 4.02438 289.141 20.2004 5.09826 12.2151
0 0 1
1
  2.10001 -0.399977  0.899955
-76.7314  -4.3821  38.3657        0        0        0
          -1 -6.17129e-05  0.000112424
2
4
   0.999963      0.1999 0.000107733
 -0.0715573 -0.00809126     208.592     12.0484    -18.7728  -0.0862005
-0 -0  1
5
    1.29991   -0.400004 -1.6615e-05
 0.0719115 0.00761172    421.704    12.0357   -37.9526  0.0407151
0 0 1
