    1.33827 -0.00217744    0.705991     2.59735     1.95099    -2.44997    0.182659    -1.73621  -0.0713825     1.16209   -0.707202   -0.196242     -1.0651    -1.11442    -1.21558    0.961322   -0.811172    0.261799    0.307117   -0.176011   -0.901178    0.485413    0.240006   -0.226283    0.734657   -0.072093   -0.440681    -0.70564   -0.605065    -0.34431   -0.717141   -0.192935    0.314359   0.0750764
   1.33827 -0.0021769   0.705991    2.59735    1.95099   -2.44997   0.182659   -1.73621 -0.0713828    1.16209  -0.707202  -0.196244    -1.0651   -1.11442   -1.21558   0.961321  -0.811171   0.261799   0.307115  -0.176009   -0.90118   0.485413   0.240005  -0.226282   0.734656  -0.072091  -0.440682   -0.70564  -0.605065  -0.344313  -0.717139  -0.192933   0.314358  0.0750744
   1.37855  -0.150385   0.737196    2.42103    1.83347   -2.38341   0.889752   -1.24977   0.693062   0.397208  -0.453955  -0.261799   -1.37334   -1.64693    -1.5708   0.771344  -0.581072   -0.13259 -0.0068409  0.0102188  -0.932396   0.629834  0.0982466  -0.331805   0.630304  0.0411025  -0.469415  -0.788024   -0.45258   -0.52725  -0.445119  -0.339765 -0.0299505   0.198168
   1.37615  -0.151659   0.737939    2.42604    1.83111   -2.39117   0.895604   -1.24839   0.701825   0.394387  -0.450653  -0.261799   -1.37568   -1.65123    -1.5708    0.76339  -0.573352  -0.133886 -0.0122148  0.0133757  -0.942554   0.631582  0.0993024  -0.325901   0.626685  0.0444472  -0.473592   -0.79361  -0.454247  -0.529546  -0.443054  -0.338244 -0.0272128   0.197851
   1.15124  -0.257017   0.753754    2.51405    1.68812    -2.4927    1.65604   -1.42108     1.5708          0  0.0944692  -0.175058   -1.37407   -1.80807   -1.47058  0.0441804  0.0760852  -0.261799   -0.26883 -0.0883056   -1.68539   0.862226   -0.18545  -0.223921   0.250481   0.511388  -0.323368   -1.36107  -0.494838  -0.535217  -0.398864   0.167665   0.340002  -0.202743
   1.23835 -0.0516293   0.778281    2.52442    1.70154   -2.53487    1.58483   -1.66674    1.52057   0.214048  -0.101421   0.102805   -1.32968   -1.55608   -1.40297   0.210881  -0.106002  0.0210242   0.141182  0.0130243   -1.23509   0.699694  0.0306903    -0.1942   0.496096   0.100896  -0.143045    -1.2479  -0.628099  -0.426509  -0.391545  0.0389668   0.290896   0.148074
   1.38161  -0.181799   0.773363    2.55472    1.67086   -2.57388    1.16793   -1.44865    1.10773   0.311072  -0.281066 -0.0926999  -0.857707    -1.7342   -0.92913    0.21031 -0.0268894   -0.11425  -0.159552  0.0581544   -0.91299    0.62288   0.363298   -0.63565   0.358787   0.230588  -0.457734  -0.880925  -0.355961  -0.728193  -0.619858  -0.253686  0.0489715   0.337895
    1.4125  0.0718024   0.748764    2.42599    1.72511   -2.50516    1.11458   -1.77469     1.0537   0.703671  -0.475906   0.251763   -1.32426   -1.45309   -1.40308   0.274263  -0.169265   0.190391   0.523599 -0.0653643   -0.81385   0.513994   0.375594  -0.124289   0.256879  -0.355184   0.297865      -1.14  -0.555265  -0.194692  -0.345189 -0.0338234   0.163097   0.323027
   1.38775  0.0782989   0.746164    2.92113    1.57138   -2.94813    1.05679   -1.83889    1.07225  0.0398944  0.0913098   0.261799    -1.4621   -1.39535   -1.46375          0 -0.0183233   0.201446    0.34533 -0.0786417  -0.711472   0.117243   0.940995   -1.25117   0.255567   0.309401   -0.35975  -0.894965  -0.659875  -0.136409   -1.08136  -0.135732   0.556329   0.121458
     1.19699     0.124167     0.713103       2.2165      1.85246     -2.33229      0.68741     -1.89398     0.536144            0      0.47597     0.261799     -1.39625     -1.40903      -1.5708 -9.19403e-17     0.195587     0.260586     0.523599     0.101786     -1.38882     0.515205    -0.575502     0.108852     0.628755    0.0277971     0.490458     -1.41295    -0.843298    -0.208729    -0.285123    -0.200092     0.491014     0.475421
  1.32157 0.0573684  0.777025   2.66494   1.99155  -2.65676  0.661119  -1.91986  0.553887  0.657792 0.0185863  0.147401  -1.38355  -1.38002  -1.51537  0.575231 -0.209035  0.157719  0.165777 -0.728559 -0.296044  0.662029   1.10769 -0.647886 -0.289356  0.177684  0.289315  -1.03367 -0.654231    0.1015  -1.03281 -0.467069 -0.682775 -0.321578
  1.33438 0.0942939  0.774032   2.30984    2.0181  -2.34906   1.30363  -1.85534   1.07306  0.370641 0.0867391   0.24954 -0.573056  -1.23404 -0.849291         0 0.0915743  0.250959  0.142387 -0.635905 -0.242123  0.764168  0.409194 -0.838818 -0.580599  0.526859   1.05065 -0.814233  -0.85858  0.020218 -0.851012  -0.65041 -0.952006 -0.512002
  1.28153  0.125028  0.744327   1.93817   2.19674  -1.97969    1.3691  -1.91986  0.879607  0.180932  0.290923  0.244761 -0.996417  -1.29916  -1.51747  0.121543  0.107799  0.249466  0.333861 -0.544498 -0.636354  0.454197  0.642983  -1.04283 -0.781271  0.641047  0.482882 -0.560504  -1.06858 -0.315364 -0.910066 -0.688371 -0.882471 -0.662162
    1.27229 0.000840016    0.766132     2.00555     2.23401     -2.0602     1.40719    -1.70329    0.837698  0.00265129    0.381309   0.0654307   -0.945837     -1.4592    -1.51598    0.194739   0.0946089   0.0790785    0.144821    -0.51995   -0.647117    0.641474    0.631223   -0.833715   -0.661515    0.583317    0.279812   -0.544452   -0.843168   -0.318637   -0.862953   -0.722761   -0.907683   -0.547516
  1.32509  0.117512  0.762926   3.03133    2.1564  -3.06799  0.503681  -1.91986  0.617967    1.0539 -0.168271  0.261799  -1.34875  -1.36179  -1.26982  0.545186 -0.010743  0.261799  0.521781 0.0607012 -0.287349  0.386469  0.410203  -1.83537   1.31678 -0.588397 -0.852299  0.312849   -1.6735 -0.817928   -1.7489  0.976881  0.399459  -1.90217
   1.52597  0.0318011   0.815265    3.25209     2.1251    -3.3936   0.523872   -1.53643   0.664725   0.984797  -0.476842   0.158885  -0.473426    -1.3319  -0.288082   0.410707  -0.103899   0.261799   0.480112  0.0363397   0.207034   0.130796   0.440204   -1.55923   0.804649   -1.15443  -0.101444 -0.0930867   -1.09061   -0.11737   -2.04255     1.5807   0.404741   -1.91305
  1.46905 0.0421525  0.775652   2.89585   2.54786  -3.07964  0.532211  -1.56412  0.436573   1.61602 -0.647835  0.130272 -0.372701  -1.37147 -0.365995   1.23341 -0.441908  0.261799 0.0536507 -0.275746 0.0305913         0  0.691128  -1.78926  0.189889 -0.407644 -0.383267 0.0725096 -0.716523 -0.494605  -1.63622 -0.486433    -0.302 -0.421104
   1.37727  -0.244435   0.732202    3.00971    2.65151   -2.96065    1.06521   -1.55351   0.719984    1.49908  -0.461015  -0.261799  -0.763509   -1.58353   -1.10884     1.5282  -0.471471  -0.261799  -0.523599     -0.171  -0.321985   0.935386   0.244033   -1.50108   0.107655   0.173197  0.0150637  -0.138123  -0.192947  -0.771859   -1.65563  -0.390865 -0.0178996  -0.331582
    1.45497    -0.20579    0.906711       3.319     2.67075    -3.31711    0.197132   -0.730331    0.253969    0.512621   -0.232256   -0.205666  -0.0240029    -1.10942    0.178915    0.894238   -0.272822   0.0293538   0.0882428    0.175899 -0.00729745    0.655285     0.28377   -0.883403    0.584898   -0.831405     0.36934   -0.159638           0   -0.466558    -1.90685    0.501535    0.025072   -0.145179
