4
0
     1.67984       0.1619 -8.31865e-07
-2.17248 -16.5185   242.34
-0 -0  1
1
     1.69494     -0.30598 -1.84034e-06
 32.2226 -0.19034  176.713
0 0 1
4
    0.997946     0.205272 -9.36961e-07
-21.6809   44.822  100.256
-0 -0  1
5
    0.993968      -0.4035 -4.34011e-06
-8.36925 -28.1131  110.989
0 0 1
3
0
     1.67984       0.1619 -8.31865e-07
 0.000160101 -6.28206e-06      93.6973
-0 -0  1
1
     1.69494     -0.30598 -1.84034e-06
 -0.00036418 -0.000491202      321.492
0 0 1
4
    0.997946     0.205272 -9.36961e-07
0.000171238 0.000420083     215.109
-0 -0  1
4
0
     1.67984       0.1619 -8.31865e-07
-0.000442623   0.00074431      194.559
-0 -0  1
1
     1.69494     -0.30598 -1.84034e-06
  0.0027918 3.36975e-07     227.783
0 0 1
4
    0.997946     0.205272 -9.36961e-07
-6.34992e-05  -0.00115763      74.3573
-0 -0  1
5
1.15 -0.3    0
-0.00267005 0.000699758     133.597
-0 -0  1
3
0
     1.67984       0.1619 -8.31865e-07
0.00202092 -0.0006911    274.179
-0 -0  1
1
     1.69494     -0.30598 -1.84034e-06
-0.00361161  0.00231597     127.751
0 0 1
5
1.15 -0.3    0
 0.00119435 -0.00133535     228.367
-0 -0  1
4
0
     1.67984       0.1619 -8.31865e-07
  0.00178292 -0.000779811      68.7781
-0 -0  1
1
     1.69494     -0.30598 -1.84034e-06
-0.00118442 -0.00145682     167.296
0 0 1
5
1.15 -0.3    0
-0.00144219  0.00110235     240.102
-0 -0  1
4
1.15  0.1    0
0.000817818  0.00117192     154.121
0 0 1
3
0
     1.67984       0.1619 -8.31865e-07
 0.00250014 8.77377e-05     39.1224
-0 -0  1
1
     1.69494     -0.30598 -1.84034e-06
-0.00713832 -0.00613199     273.056
0 0 1
4
1.15  0.1    0
0.00347545 0.00644054     318.12
0 0 1
4
0
     1.67984       0.1619 -8.31865e-07
-0.00235159  0.00175902     167.827
-0 -0  1
1
     1.69494     -0.30598 -1.84034e-06
  0.0030787 0.000702693     212.455
0 0 1
4
1.15  0.1    0
-0.00202592 -0.00216065     95.9022
0 0 1
5
 1.3 -0.3    0
-0.000547426 -6.72619e-05      154.114
-0 -0  1
3
0
     1.67984       0.1619 -8.31865e-07
  0.0051526 -0.00461703     357.065
-0 -0  1
1
     1.69494     -0.30598 -1.84034e-06
-0.00175944 0.000504443     32.3373
0 0 1
5
 1.3 -0.3    0
-0.00304166  0.00469873     240.896
-0 -0  1
4
0
     1.67984       0.1619 -8.31865e-07
-2.21611  1.55036  213.886
-0 -0  1
1
     1.69494     -0.30598 -1.84034e-06
1.96551 1.68545 124.753
0 0 1
5
 1.3 -0.3    0
 1.91309 -1.83993  106.159
-0 -0  1
4
1.35  0.1    0
-1.66226 -1.39544  185.502
-0 -0  1
3
0
     1.67984       0.1619 -8.31865e-07
 0.00037646 -0.00170717      132.97
-0 -0  1
5
 1.3 -0.3    0
-0.00217266 0.000787195     170.729
-0 -0  1
4
1.35  0.1    0
0.00152708 0.00110807    326.598
-0 -0  1
4
0
     1.67984       0.1619 -8.31865e-07
-11.292 49.7848 142.743
-0 -0  1
5
 1.3 -0.3    0
 71.4885 -18.2858  193.711
-0 -0  1
4
1.35  0.1    0
-0.196851    -9.325   263.844
-0 -0  1
1
 2.1 -0.4 0.65
     -60 -22.1739       30
          -1 -4.80007e-05  7.49512e-05
3
0
     1.67984       0.1619 -8.31865e-07
 26.285 31.9546 77.2814
-0 -0  1
4
1.35  0.1    0
 44.9867 -67.5907   517.38
-0 -0  1
1
 2.1 -0.4 0.65
-71.272  35.636  35.636
          -1 -4.80007e-05  7.49512e-05
4
0
     1.67984       0.1619 -8.31865e-07
0 0 0
-0 -0  1
4
1.35  0.1    0
0 0 0
-0 -0  1
1
 2.1 -0.4 0.65
0 0 0
          -1 -4.80007e-05  7.49512e-05
5
 1.4 -0.3    0
0 0 0
-0 -0  1
3
4
1.35  0.1    0
 39.3008 -58.2122  535.637
-0 -0  1
1
 2.1 -0.4 0.65
-69.3063  28.2084  34.6531
          -1 -4.80007e-05  7.49512e-05
5
 1.4 -0.3    0
30.004 30.004 60.008
-0 -0  1
4
4
1.35  0.1    0
0 0 0
-0 -0  1
1
 2.1 -0.4 0.65
0 0 0
          -1 -4.80007e-05  7.49512e-05
5
 1.4 -0.3    0
0 0 0
-0 -0  1
0
 2.1  0.2 0.65
0 0 0
         -1 1.28488e-10 7.49511e-05
3
4
1.35  0.1    0
84.1645 50.1239 168.329
-0 -0  1
5
 1.4 -0.3    0
64.9691 4.72218 387.403
-0 -0  1
0
 2.1  0.2 0.65
-149.133 -54.8461  74.5667
         -1 1.28488e-10 7.49511e-05
4
4
1.35  0.1    0
 54.8327 -0.75414  439.965
-0 -0  1
5
 1.4 -0.3    0
65.1661 3.76009 130.332
-0 -0  1
0
 2.1  0.2 0.65
   -60 9.5394     30
         -1 1.28488e-10 7.49511e-05
1
 2.1 -0.4  0.9
     -60 -12.5453       30
          -1 -6.17129e-05  0.000112424
3
4
1.35  0.1    0
 6.70154 -9.15415  315.113
-0 -0  1
5
 1.4 -0.3    0
 56.0479 -2.98608   283.81
-0 -0  1
1
 2.1 -0.4  0.9
-62.7495    12.14  31.3748
          -1 -6.17129e-05  0.000112424
4
4
1.35  0.1    0
0 0 0
-0 -0  1
5
 1.4 -0.3    0
0 0 0
-0 -0  1
1
 2.1 -0.4  0.9
0 0 0
          -1 -6.17129e-05  0.000112424
0
2.1 0.2 0.9
0 0 0
          -1 -5.78184e-10  0.000112424
