    1.33827 -0.00217744    0.705991     2.59735     1.95099    -2.44997    0.182659    -1.73621  -0.0713825     1.16209   -0.707202   -0.196242     -1.0651    -1.11442    -1.21558    0.961322   -0.811172    0.261799    0.307117   -0.176011   -0.901178    0.485413    0.240006   -0.226283    0.734657   -0.072093   -0.440681    -0.70564   -0.605065    -0.34431   -0.717141   -0.192935    0.314359   0.0750764
    1.33828 -0.00226468    0.705915     2.59739     1.95123     -2.4499    0.182763    -1.73629  -0.0714793     1.16256   -0.707424   -0.196433     -1.0652    -1.11442    -1.21576     0.96206   -0.811644    0.261692       0.307   -0.176105    -0.90107    0.485395    0.239943    -0.22621    0.734593  -0.0720538   -0.440748   -0.705335   -0.604876   -0.344476   -0.717113   -0.192926    0.314209   0.0749237
    1.3998  0.0975519   0.720735    2.40094    1.87968   -2.38878   0.137222   -1.63089 -0.0787975    1.02441  -0.740797 -0.0412211   -1.41506   -1.31692    -1.5708   0.800209  -0.568962   0.224149   0.523599  -0.112045  -0.824169   0.382533   0.282888  -0.287388   0.799499  -0.230032  -0.331209  -0.763904  -0.744828  -0.143371  -0.742998  -0.356572   0.338841   0.233009
   1.35831   0.113559   0.733843    2.38427    1.83485   -2.39942   0.100615   -1.69808 -0.0828507   0.985632  -0.665205 -0.0131636   -1.43799   -1.33106    -1.5708   0.625852  -0.426508   0.241949   0.523599 -0.0502785  -0.954935   0.405686   0.301615   -0.21926   0.808477  -0.189085  -0.376685  -0.894676  -0.804419  -0.113952  -0.707561  -0.360077   0.417245   0.271933
   1.25362  0.0899904   0.760571    2.45078    1.95994    -2.4586   0.130125   -1.79642  -0.135857    1.05722  -0.534743 -0.0622021   -1.38683   -1.34967    -1.5708   0.578814  -0.272397   0.201066   0.523599  -0.341054  -0.903794   0.744416   0.485197  -0.146237   0.816623 -0.0107301  -0.461967   -1.32191  -0.897169  0.0137317   -1.61523  -0.681794   0.118035   0.185214
     1.1711    0.059718    0.783527     2.41346     1.86972    -2.36669   0.0991298      -1.782   -0.121355    0.686228   -0.264467  -0.0953974    -1.40692    -1.34933     -1.5708    0.219922 -0.00253882     0.15719    0.446392   -0.312622    -1.23382    0.893082    0.308818 -0.00410256    0.751285   0.0818851   -0.460434    -1.66649   -0.884324    0.165652     -1.4411   -0.523607    0.148435   0.0795087
   1.07611 -0.0244097   0.810175    2.60392    2.09891     -2.476   0.329661   -1.58218 -0.0162015   0.434516 -0.0155847  -0.200263   -1.30764   -1.35036   -1.55688    0.36881  0.0463494  0.0404054   0.410744  0.0122374   -1.43644   0.778281  0.0363282  -0.907508   0.643038    -0.3136  -0.224239   -1.50948   -1.27832   0.139912   -1.17823  -0.435123  0.0421404 0.00942897
      1.071  -0.0622948    0.810998     2.68004     2.12949    -2.56166    0.601268    -1.54891     0.26846    0.466564  -0.0282784   -0.202609    -1.25871    -1.40326    -1.50607    0.401318   0.0541274 -0.00949389    0.344711    -0.06929    -1.46424    0.919287  -0.0942371    -0.71738    0.543483   -0.398512  -0.0226872    -1.48316    -1.08181    0.102704   -0.968421   -0.322433   -0.122852  -0.0215778
   1.17384 -0.0877406    0.80068     2.8786     2.2212   -2.80828   0.389581   -1.76248   0.171368   0.865096 -0.0666156  -0.107731   -1.22613   -1.47974   -1.40787   0.825748  -0.228565 -0.0377262   0.202264  -0.136682  -0.796015   0.905913   0.286301   -1.14749   0.700782  -0.322525  -0.237412  -0.966743  -0.802647  -0.259044   -1.09461  -0.274754  -0.263138 0.00502376
    1.1351 -0.0425984   0.777109    2.73659    2.24928   -2.71416   0.429714   -1.91986   0.152495    1.00028 -0.0460967 -0.0610317   -1.32956   -1.45464    -1.5708   0.820263  -0.207631   0.017267   0.390883 -0.0271327   -1.03184   0.826858   0.177003  -0.964813   0.660511  -0.364133  -0.186412   -1.09626   -1.01674  -0.128183   -1.10128  -0.279083  -0.116803 -0.0487909
    1.14714  -0.0620641    0.768594     2.80926     2.29613    -2.74323    0.498331    -1.91986    0.246066     1.10568   -0.105741  -0.0745133    -1.31498    -1.43618    -1.54166    0.452838    0.208169 -0.00962937    0.347481  -0.0819359   -0.973074     0.87005     0.14444   -0.902342    0.654492   -0.411466   -0.109371     -1.0353   -0.925524   -0.185096    -1.09068   -0.263823   -0.139785 -0.00277699
   1.28912 -0.0748937   0.795906     2.9919    2.32459   -2.95815   0.489562   -1.66723   0.351657    1.23257  -0.403353 -0.0546353   -1.18196   -1.50206   -1.29194   0.789714  -0.068515 -0.0101025   0.420575 -0.0327482  -0.397832   0.708629   0.372156  -0.972319   0.706742  -0.744698  0.0886039  -0.678053  -0.642899  -0.290005   -1.49692  -0.201059 -0.0404529   0.223226
   1.28764 -0.0437577   0.786258    2.98387    2.38316   -2.94556   0.466075   -1.79384   0.348124    1.02856 -0.0232256 -0.0156588   -1.23653   -1.45991   -1.33084   0.892582  -0.120761  0.0303374   0.449955 -0.0592837   -0.43493   0.664989   0.339229   -0.94231   0.722399  -0.736619  0.0396333  -0.667215  -0.723024  -0.267931   -1.41909  -0.155641 -0.0591784  0.0987385
    1.24866  -0.0370332    0.777368      2.9067     2.37027    -2.89345    0.404379      -1.841    0.221631    0.963198   0.0708527  -0.0319575    -1.24584    -1.46262    -1.39089    0.792935  -0.0383762    0.034533    0.479435   -0.031638    -0.55775    0.711524    0.300927   -0.929695    0.729602   -0.657524 -0.00335289    -0.76686   -0.802984   -0.239212     -1.3405   -0.159712  -0.0479303   0.0494138
   1.20713 -0.0576958   0.782159    3.08028    2.47173   -3.03761   0.352235   -1.72194   0.276103   0.926945   0.113762 -0.0396009   -1.18841   -1.48564   -1.21996   0.825993  0.0428196   0.022686   0.486923   0.200877  -0.632258    0.80106   0.285061   -1.06005   0.835878  -0.267283   0.125085  -0.715697  -0.923061  -0.287782   -1.13439  -0.105348  -0.056927   0.110686
   1.23133  -0.115934   0.793504    3.13998    2.49574   -3.05564   0.392707    -1.6276    0.30191   0.897772  0.0767133  -0.112727   -1.14444   -1.51578   -1.19117   0.922798 -0.0214331 -0.0561801   0.308631    0.15567  -0.578269   0.864576   0.241314    -1.1005   0.815015  -0.267582   0.114072  -0.612479  -0.740514  -0.439743    -1.0991  -0.137799  -0.218765   0.182942
   1.24155  -0.207294    0.76435    3.13206    2.67166    -3.0097   0.505418   -1.60135   0.267365    1.15733 -0.0437591  -0.258242     -1.055   -1.53575   -1.24575     1.2456  -0.171719  -0.204416  -0.027316 -0.0667172  -0.594809    1.08084   0.152438   -1.07062   0.758503 -0.0516067 0.00286327  -0.734154  -0.389071  -0.571066   -1.48853   0.033708   0.272582   0.025254
