4
0
     1.67984       0.1619 -8.31865e-07
-2.17267 -16.5184   242.34
-0 -0  1
1
     1.69494     -0.30598 -1.84034e-06
  32.2225 -0.190439   176.713
0 0 1
4
    0.997946     0.205272 -9.36961e-07
-21.6806  44.8218  100.256
-0 -0  1
5
    0.993968      -0.4035 -4.34011e-06
-8.36919 -28.1129  110.989
0 0 1
3
0
     1.67984       0.1619 -8.31865e-07
0.000155201 -1.2859e-05      93.672
-0 -0  1
1
     1.69494     -0.30598 -1.84034e-06
-0.000360884 -0.000487304      321.534
0 0 1
4
    0.997946     0.205272 -9.36961e-07
0.000171924 0.000421999     215.091
-0 -0  1
4
0
     1.67984       0.1619 -8.31865e-07
0.000504509  0.00137325      268.28
-0 -0  1
1
     1.69494     -0.30598 -1.84034e-06
0.000538412  0.00059436     181.211
0 0 1
4
    0.997946     0.205272 -9.36961e-07
0.000583455 2.20302e-05     115.453
-0 -0  1
5
 1.2 -0.3    0
-0.00155878 -0.00219721     65.3533
0 0 1
3
0
     1.67984       0.1619 -8.31865e-07
0.000319338    0.003108     378.508
-0 -0  1
4
    0.997946     0.205272 -9.36961e-07
  0.0019359 -0.00453989     22.5332
-0 -0  1
5
 1.2 -0.3    0
-0.00220004    0.001193     229.257
0 0 1
4
0
     1.67984       0.1619 -8.31865e-07
20.1672 5.75526 209.352
-0 -0  1
4
    0.997946     0.205272 -9.36961e-07
18.6952 -17.394 187.783
-0 -0  1
5
 1.2 -0.3    0
 35.8485 -10.5346  195.807
0 0 1
1
 2.1 -0.4 0.65
-74.7109  22.1735  37.3555
          -1 -4.80007e-05  7.49512e-05
3
4
    0.997946     0.205272 -9.36961e-07
 111.605 -120.268  412.022
-0 -0  1
5
 1.2 -0.3    0
64.9891 64.9891 129.978
0 0 1
1
 2.1 -0.4 0.65
-176.594  55.2794  88.2972
          -1 -4.80007e-05  7.49512e-05
4
4
    0.997946     0.205272 -9.36961e-07
 63.9842 -5.11787  275.656
-0 -0  1
5
 1.2 -0.3    0
 57.8722 -7.56195  293.714
0 0 1
1
 2.1 -0.4 0.65
-68.4075  6.34003  34.2038
          -1 -4.80007e-05  7.49512e-05
0
 2.1  0.2 0.65
-53.4488   6.3399  26.7244
         -1 1.28488e-10 7.49511e-05
3
5
 1.2 -0.3    0
-100 0 0
0 0 1
1
 2.1 -0.4 0.65
-100 0 0
          -1 -4.80007e-05  7.49512e-05
0
 2.1  0.2 0.65
0 0 500
         -1 1.28488e-10 7.49511e-05
4
5
 1.2 -0.3    0
 54.0634 -1.76422  290.723
0 0 1
1
 2.1 -0.4 0.65
-59.9253  1.76408  29.9626
          -1 -4.80007e-05  7.49512e-05
0
 2.1  0.2 0.65
 -51.64 1.76404   25.82
         -1 1.28488e-10 7.49511e-05
4
1.2 0.1   0
 57.5016 -1.76421  283.792
0 0 1
3
1
 2.1 -0.4 0.65
0 0 0
          -1 -4.80007e-05  7.49512e-05
0
 2.1  0.2 0.65
0 0 0
         -1 1.28488e-10 7.49511e-05
4
1.2 0.1   0
0 0 0
0 0 1
4
1
 2.1 -0.4 0.65
-32.3414  2.15011  16.1707
          -1 -4.80007e-05  7.49512e-05
0
 2.1  0.2 0.65
-23.8433  2.15022  11.9217
         -1 1.28488e-10 7.49511e-05
4
1.2 0.1   0
 29.8746 -1.25887  305.904
0 0 1
5
 1.4 -0.3    0
 26.3101 -3.04117  296.301
-0 -0  1
3
1
 2.1 -0.4 0.65
0 0 0
          -1 -4.80007e-05  7.49512e-05
0
 2.1  0.2 0.65
0 0 0
         -1 1.28488e-10 7.49511e-05
5
 1.4 -0.3    0
0 0 0
-0 -0  1
4
1
 2.1 -0.4 0.65
-32.8904  3.46026  16.4452
          -1 -4.80007e-05  7.49512e-05
0
 2.1  0.2 0.65
-20.3499  3.46045   10.175
         -1 1.28488e-10 7.49511e-05
5
 1.4 -0.3    0
 23.9161 -3.46029   306.88
-0 -0  1
4
1.4 0.1   0
 29.3242 -3.46009  296.798
0 0 1
3
1
 2.1 -0.4 0.65
-38.4941   7.3139  19.2471
          -1 -4.80007e-05  7.49512e-05
5
 1.4 -0.3    0
 35.3197 -3.65676  291.592
-0 -0  1
4
1.4 0.1   0
 3.17423 -3.65704  319.459
0 0 1
4
1
 2.1 -0.4 0.65
-11.9419  5.97095  5.97095
          -1 -4.80007e-05  7.49512e-05
5
 1.4 -0.3    0
 4.47873 -2.98569  349.199
-0 -0  1
4
1.4 0.1   0
 7.46297 -2.98533  275.128
0 0 1
0
2.1 0.2 0.9
-1.15818e-12  -5.7726e-13  1.66978e-13
          -1 -5.78184e-10  0.000112424
3
5
 1.4 -0.3    0
-20.0239 -4.45013   380.97
-0 -0  1
4
1.4 0.1   0
 37.8223 -4.44959  240.428
0 0 1
0
2.1 0.2 0.9
-17.7989  8.89946  8.89946
          -1 -5.78184e-10  0.000112424
4
5
 1.4 -0.3    0
  5.7406 -3.82691  396.757
-0 -0  1
4
1.4 0.1   0
 9.56575 -3.82699  225.887
0 0 1
0
2.1 0.2 0.9
-1.77636e-15 -6.12018e-16  5.55112e-17
          -1 -5.78184e-10  0.000112424
1
 2.1 -0.4  0.9
-15.3071  7.65354  7.65354
          -1 -6.17129e-05  0.000112424
