1.62567
0
3.00223
0
0
3.15997
3.00228
3.0019
3.0012
3.00096
0.462023
0
3.06527
3.00228
3.00195
2.08312
3.00232
0.0410362
3.00639
3.00021
3.00387
3.00004
3.0036
2.01491
0
3.00062
3.00156
3.00091
0
0.0412743
3.00697
0.0841085
0
0
0
0
3.00092
3.00064
0
0
3.00039
0.0115049
3.00297
0
3.00027
0
3.00025
0.0228311
0
2.13304
0
0.571764
3.00172
0
3.00187
3.00034
3.00165
3.00174
3.0008
3.00187
3.001
1.85575
3.00026
3.00093
0
3.00412
0.116534
3.0014
3.00112
1.42711
3.00623
3.0049
3.00058
3.00368
3.00278
1.26866
0
2.42456
3.00078
3.00125
3.00029
3.00137
3.00002
3.00189
3.00019
3.00149
3.00249
3.00028
3.00088
3.00085
3.00356
3.00621
0.0273225
0
0
3.00128
3.00042
0
3.00155
3.00236
0
3.00297
3.00158
3.0062
3.00202
3.00045
3.00113
0.602434
3.00106
3.00198
3.00243
3.00284
3.00213
3.00031
0.974105
3.00105
1.59159
0
3.00243
1.98111
3.01235
3.00168
3.00024
3.00062
3.00012
3.00252
3.00087
0.128202
3.00195
0.0951276
3.0095
3.00307
2.74336
0
3.04769
3.00012
3.00091
3.00017
3.00174
0.55
0.865552
3.00268
3.00169
0
0.00400189
0.0506456
0
2.58715
0.0144146
3.00129
3.00212
3.00125
3.00332
1.03168
0.642737
3.00146
3.00245
3.00055
3.00244
3.00206
3.00259
3.00136
3.00272
3.00287
3.00161
3.00012
3.00187
3.00003
3.00085
3.00034
1.34663
3.0011
3.01349
0.620692
0
3.00021
0
3.00192
0.292989
3.00564
1.82489
0
3.00136
0.0087867
1.80449
3.00093
1.43579
0.235639
3.00212
1.32886
3.01212
3.00199
3.00114
0.142347
0.377037
0.290339
3.00011
2.91148
0.792763
1.11416
0.720588
0
0
0
0.35773
3.00208
0.658512
0.0791624
0.0388623
0.476646
3.00216
0
3.0021
0
2.48738
1.05226
0.0446769
1.00664
0
0.0484303
0
0
0.0464438
0.174325
0.394196
0
0
1.98703
0
0.0914187
0.17566
1.28954
0.242802
0.436861
0.0222807
3.00446
1.55241
3.01389
0.565984
0.554162
0.0301365
0.500338
0
0
