   1.58871  0.0223469   0.637945    2.81551    1.77831   -2.76061   0.452002   -1.11945   0.376866    0.64416  -0.872665  -0.226634  -0.482266     -0.975   -0.58049    0.55925  -0.872665   0.256492  0.0890082 -0.0296354   -1.01587    1.07963    0.14952  -0.864876   0.690062   0.809135  -0.146463  -0.943517   -1.21241  -0.186094  -0.878702  -0.766646   0.841216   0.190342
   1.52417 -0.0686865    0.62562    2.76311    1.57112   -2.83591    1.01632   -1.18256    1.05012   0.672274  -0.872665  -0.261799  -0.508746   -1.47812   -0.51067   0.792073  -0.872665    0.11808 -0.0435524 0.00714576   -1.37092    1.42046    0.12668   -1.07722    0.72876    1.19442   -0.20893   -1.25139   -1.17878  -0.068549   -1.31049  -0.595423    1.17454  -0.134478
    1.4358 -0.0924049   0.635236    3.10021    1.18866   -3.17072    1.16744   -1.24892    1.29855          0  -0.491536  -0.261799  -0.853405   -1.62992  -0.848169   0.193741  -0.536981  0.0249886  -0.067891   0.641053   -2.99548   0.693055   -2.51469 -0.0651401   -1.09363   0.663738   0.625458   -1.05051   -2.99254 -0.0852108   -1.11597   -1.66597    1.25573  -0.164842
   1.50372  -0.019866   0.623721    3.11032    1.31972   -3.13647   0.991487   -1.34594    1.05453   0.330211  -0.698675  -0.175564  -0.774884   -1.41123  -0.809662   0.288437  -0.651776   0.145022  0.0361625   0.892594   -2.36723   0.406378   -1.97034      0.298   -1.18218   0.826054   0.703891   -1.28195   -3.03263   0.102188   -1.30844   -1.50569    1.31608 -0.0182652
   1.46799  0.0385792   0.702947    2.91603    1.45541   -3.08854   0.644899   -1.13804   0.732653          0  -0.450875  -0.114108    -1.2123   -1.71002   -1.19442   0.288887  -0.353637  0.0418484 -0.0217428   0.411468   -2.63255   0.742958   -2.35585  -0.248028   -1.04079   0.815187  0.0921857  -0.294862    -2.1138  -0.730919  -0.578444   -1.39868   0.934402   0.294187
      1.4426   -0.0828166     0.673756      3.26925      1.25968     -3.44966      1.19141     -1.12617       1.2625 -2.77556e-17    -0.469097     -0.24789     -1.49311     -1.89938     -1.49099            0    -0.286007    -0.148073   -0.0209571     0.272162       -3.352     0.830237        -2.55    -0.466262     -1.42779     0.578172     0.264138   -0.0932155     -2.09829     -1.40638     -1.22081    -0.953366      1.31529    -0.244522
    1.66103 -0.00229954    0.701116     3.05796     1.68006    -2.85593  -0.0716871    -1.29749   -0.103472    0.401307   -0.568398   -0.175707    -1.00375    -1.36416    -1.02548    0.870908   -0.872665  -0.0262941     0.37848   -0.024756    -1.28946     1.07913    -2.45935       0.298  -0.0784428     1.07819    0.608476     1.21474    -2.00601     -1.8064    -1.35061   -0.613324     1.02144   -0.503822
    1.65995 -0.00517196    0.700797     3.05755      1.6779    -2.85592  -0.0625577     -1.3009  -0.0936471     0.40013   -0.566159   -0.178192    -1.00825    -1.37115    -1.02964    0.873135   -0.872665  -0.0314075    0.374657  -0.0261585    -1.29288     1.08673    -2.46294       0.298  -0.0807734     1.07568    0.612589     1.21558    -2.00942     -1.8067    -1.35324   -0.611108     1.02318   -0.511422
  1.81263  -0.12881  0.600471   2.79408   1.52778  -2.88869  0.597085  -1.00383  0.705841  0.301143 -0.796798 -0.261799  -1.59673  -1.91986   -1.5708  0.828342 -0.872665    -0.255  0.439824  0.291001 -0.520947   1.07268  -1.52924  0.143071 -0.329848     1.478  0.998945   1.07884  -2.01186  -1.20667  -2.12562 -0.284946     1.508  -1.21394
   1.53246 -0.0254296   0.744584    2.50608     1.4742   -2.56985   0.753683   -1.43359   0.818921    0.17222  -0.347886 -0.0387287   -1.24001   -1.69418   -1.18099          0 -0.0346951 -0.0528489  -0.023466   0.212177   -2.39116   0.926844   -2.24223 -0.0156552    -1.3023   0.930215   0.415982   0.253318   -2.00538  -0.937402  -0.880997   -1.24019   0.707433  -0.164895
    1.5784   0.192154   0.712119    1.92637    1.57069   -2.07768   0.504516   -1.74345   0.510967   0.806397  -0.655462   0.235403   -1.24474   -1.47445   -1.24606   0.132972  -0.163852   0.242615   0.417816   0.511334    1.33113    2.77002   0.566871 0.00186308  -0.129584    1.09758   0.202232   -2.59203  -0.731836   -1.28768  -0.331179  -0.441491    0.91768  -0.669112
   1.56368  -0.161352   0.727718    1.95954    1.57099   -2.01535   0.932518   -1.22904   0.960579   0.205594  -0.406602  -0.222415   -1.56569   -1.88842   -1.56612   0.241775   -0.24012  -0.261799 -0.0238029  -0.229543  -0.491444    2.24315  -0.522953  -0.425973   -1.38207    1.01062   0.538908   -2.13171  -0.378847   -2.00396  0.0252377   -1.25814   0.986731   0.151561
   1.47685  -0.132866   0.748382     2.0244    1.57322   -2.04116   0.991322     -1.346    1.00059   0.145717   -0.26742  -0.171986   -1.46308   -1.81004   -1.46847  0.0531709 -0.0271153  -0.221204   0.352375   0.627726  -0.537358    1.91001  -0.356328  -0.953144   -1.11879    1.00448   0.601529   -2.43004  -0.568628   -1.50446  -0.104566   -0.79879   0.597625   0.156877
   1.67792  0.0653849    0.77081    2.87734    1.90797   -2.89738   0.161907  -0.968577  0.0760906   0.231619  -0.505384 -0.0393697  -0.719635   -1.44567  -0.778293   0.758125  -0.519367  0.0987393   0.523599   0.508013  -0.456249   0.562957    0.39344   -1.75695   -1.89516   0.465741  -0.404506   -1.27022  -0.987446   -1.01298  -0.826823    -1.6763   0.963165  -0.684781
   1.58564   0.165894   0.850662    2.94635    2.28209   -2.82255 -0.0980912  -0.785698   -0.28264    0.36916  -0.449565   0.037926  -0.607573   -0.98357  -0.666285   0.600197  -0.361756   0.235605   0.467921  -0.231722  -0.613504   0.732455   0.449071   -1.28457    -2.0536    0.45107  -0.549742   -1.54387  -0.525919    -0.7663  -0.754065   -1.46166   0.622036  -0.947311
   1.50355  0.0485081   0.831995    2.85102    2.10921   -2.83405    0.20973   -1.28526  0.0275819   0.678306  -0.453123 -0.0727976  -0.613419   -1.39426  -0.733671   0.613716  -0.230881  0.0714789   0.432827  -0.119754  -0.502988    1.18559   0.551769   -1.21218   -1.85067    0.37301  -0.402072   -1.82917  -0.291307  -0.812339  -0.648884   -1.45566   0.470439   -0.68745
  1.47101  0.018155  0.853393   3.06488   2.22019  -2.97376 0.0814607  -1.12211 -0.036545  0.569171 -0.378735 -0.113157 -0.701045  -1.36898 -0.736331  0.731848 -0.236691 0.0355891  0.249669  0.121703 0.0454553   1.90931  0.834946  -1.34064 -0.246047  0.395174  -1.19506  -1.73464 -0.666086  -1.06519 -0.564693  -1.37374  0.571651 -0.600582
     1.44837    -0.147634     0.761656      2.59468      1.73507     -2.58411     0.792931     -1.23592     0.703003 -6.93889e-18    -0.117035     -0.23287     -1.43652     -1.80144     -1.55728     0.222663   -0.0764362    -0.249592   0.00473951     0.844439     -2.85089      1.12464    -0.983803    -0.874649     -1.55271    -0.276714   -0.0326483     -2.79151     -1.00491     0.593148     -1.72185    -0.159176      1.14057        -2.55
   1.52821  -0.179306   0.745285    2.53825    1.51311   -2.52105     1.5287   -1.39122     1.5708  0.0851336  -0.132822  -0.197743   -1.13165   -1.84454   -1.10187   0.165515 -0.0876446  -0.261799  -0.147557    1.50762   -1.80882    1.20905   -0.20724   -1.10379      -2.55   0.329448    1.48125   -3.14327  -0.256196   0.993647    -1.4498  0.0674683     1.4067   -2.08896
   1.48214   0.158814   0.768163    2.84295    1.70252   -2.84227   0.952469   -1.83572   0.957959   0.359501 -0.0758454   0.214456   -1.11269   -1.36136   -1.13594 0.00509435  0.0337492   0.188086   0.464563    1.71309   -1.59604   0.596067 -0.0714518  -0.988974   -2.48812  0.0890762     1.0593     -3.359  -0.469076     1.3101  -0.745413  -0.374222    1.16505   -1.85634
   1.52605  0.0655125   0.791341    2.82028    1.75388   -2.82362   0.961843   -1.67777    0.92167   0.375829  -0.136598  0.0847656   -0.92396   -1.47902  -0.970458   0.217523 -0.0951836  0.0751346    0.20291     1.4052   -2.14992    1.16393   0.145425   -1.00052   -1.71795  -0.678335    0.19037     -3.359  -0.636661   0.775384    -1.3481  -0.232108      1.508    -1.8397
   1.52547  0.0597582   0.791583    2.82022    1.75106   -2.82284   0.964664   -1.66928   0.923461   0.361337  -0.130239  0.0774129  -0.922351   -1.48713  -0.969122   0.218579 -0.0945405  0.0676756   0.193188    1.40431   -2.17039     1.1604   0.142249  -0.987051   -1.71206  -0.682386    0.17219     -3.359  -0.634659   0.775182   -1.35608  -0.230926      1.508   -1.84376
     1.49475 -0.000587907     0.810015       2.7285      1.93737     -2.75298       1.2166     -1.57712       1.0741     0.490902    -0.149772   0.00567289    -0.588983     -1.55521    -0.729845     0.472771    -0.146267    0.0108036     0.163503     0.944023     -3.13462     0.930013     -1.12152    -0.515855     -1.54779    -0.572964     0.012776       -3.359    -0.352194     0.956394     -0.89228  -0.00467238       1.3125        -2.55
    1.90096   0.0921641     0.81401     3.18213     2.79166    -3.13201  -0.0357092   -0.150628  -0.0216615    0.673894   -0.872665 -0.00599016   -0.289547  -0.0378679   -0.111531    0.495759   -0.790196    0.261799    0.253818     1.50991    -2.06216    0.293583     -1.7439   -0.692108    -2.07915    0.297807     1.44261    -2.19052       -3.43   -0.252365    -1.99328    -1.45838       1.508       -2.55
    1.95427   0.0695644    0.812804     3.34185     2.93829    -3.35274   -0.171637  -0.0571981    0.171333     0.69283   -0.872665  -0.0175466   -0.477159     0.22529    0.102349    0.248852   -0.750223    0.261799    0.126931     1.57534    -1.88738 1.73472e-18    -2.03577  0.00660194       -2.55    0.580532      2.1404    -2.44733       -3.43  -0.0968777    -2.21954    -1.43985       1.508       -2.55
   1.88966  0.0874346   0.840049    3.23048    2.95163   -3.27612 -0.0626026  -0.236843       0.12   0.909821  -0.872665 0.00306657  -0.355417   0.170447  0.0626246   0.291443  -0.686296   0.261799   0.173326    1.30036   -1.91233  0.0131209   -2.24588  0.0117767      -2.55   0.407283     2.2458   -2.60455   -3.21179   0.269111   -2.15865   -1.24714    1.38271    -2.4664
   1.63544  0.0941301   0.927198     3.3017    2.68854   -3.27394  -0.109455  -0.701408  0.0721148   0.491202  -0.256214  0.0133412   -0.37809  -0.425683 -0.0514271    0.17841  -0.220764   0.238453 -0.0749842   0.730993   -2.29139   0.307835      -2.55  -0.308532      -2.55 -0.0217538    2.22914   -2.39278   -1.56983   0.190681   -1.50164  -0.310956      1.508      -2.55
    1.61728    0.153729    0.911447     3.07124     2.60928    -2.77888   -0.313828   -0.845369    -0.49695    0.571673    -0.21935 -0.00855996   -0.384471   -0.388311   -0.493711    0.295829   -0.320143    0.261799    0.244964    0.430734    -2.68123    0.551957       -2.55   -0.948008 -0.00275937    0.334061   -0.267398    -3.20973    -1.15296     1.04035    -1.19633   -0.237459       1.508       -2.55
   1.58909   0.107908   0.894464    3.13088    2.57741   -3.31631   0.266152   -1.13195   0.345006   0.971069  -0.388101   0.067353  -0.171988  -0.812915  0.0546297   0.267301 -0.0403993   0.261799  0.0334357   0.687615   -2.28544   0.569194   -1.35749  -0.573072      -2.55    -0.4017   0.947054   -2.75841    -1.3307   0.451979   -1.13939  -0.277881    1.32301      -2.55
