2
4
-1.20091e-07 -4.63633e-08 -8.50046e-07
-1.18712e-06 -4.90371e-06      315.159     0.095796     -4.97778 -7.11712e-08
0 0 1
5
-4.51478e-07      -0.2063 -9.07495e-07
-9.15829e-07  -4.8982e-06      315.139     0.095796     -4.97778 -7.11712e-08
-0 -0  1
2
4
-1.20091e-07 -4.63633e-08 -8.50046e-07
-1.18712e-06 -4.90371e-06      315.159     0.095796     -4.97778 -7.11712e-08
0 0 1
5
-4.51478e-07      -0.2063 -9.07495e-07
-9.15829e-07  -4.8982e-06      315.139     0.095796     -4.97778 -7.11712e-08
-0 -0  1
3
4
 -2.3979e-06 -3.11109e-06  1.79502e-06
-0.000527814 -2.68471e-05      438.267      1.19364      2.63883  5.51011e-06
0 0 1
5
-4.91056e-06    -0.206303  1.74762e-06
0.000483819 2.97159e-05     192.031     1.19364     2.63883 5.51011e-06
-0 -0  1
1
       0.45   -0.200025 1.10603e-05
  7.292e-14 5.73695e-14 5.96856e-13           0           0           0
0 0 1
4
4
-2.76891e-06 -2.77737e-06  2.73916e-06
-0.000904971  0.000352711      253.869     0.151492     0.364587  1.23388e-07
0 0 1
5
-5.2968e-06   -0.206303  2.7176e-06
-0.000887375  0.000355976      222.618     0.151492     0.364587  1.23388e-07
-0 -0  1
1
      0.45  -0.200024 1.2532e-05
 0.00268999 -0.00107527     59.5069           0           0           0
0 0 1
0
        0.5    0.150003 2.71387e-06
-0.000932699  0.000418234      94.3031            0            0            0
-0 -0  1
3
4
-8.43505e-06  7.32453e-06  2.43562e-05
  0.00180015 -4.88357e-05      39.0035     -1.62877    -0.843121 -1.76127e-05
0 0 1
5
-9.35719e-06    -0.206311  2.40839e-05
 -0.00160402 -0.000492305       375.04     -1.62877    -0.843121 -1.76127e-05
-0 -0  1
0
  0.499986   0.149998 2.9944e-05
-0.000269243  0.000246113      216.256            0            0            0
-0 -0  1
4
4
-8.94613e-06  7.12162e-06  2.48432e-05
0.000346224  -0.0023345     222.498  -0.0484871    0.230816 8.57193e-06
0 0 1
5
-9.77026e-06     -0.20631  2.43819e-05
 0.00200826 -0.00235687     232.502  -0.0484871    0.230816 8.57193e-06
-0 -0  1
0
 0.499986  0.149999 3.061e-05
0.000391581  0.00223094     99.8217           0           0           0
-0 -0  1
1
  0.699999       -0.3 1.5888e-07
-0.00277959  0.00246895     75.4752           0           0           0
-0 -0  1
3
4
-2.43811e-05  4.19068e-05  4.02487e-05
  0.00791215   0.00137952      385.223      1.69726     -0.47723 -7.56553e-05
0 0 1
5
-1.87677e-05    -0.206291  4.20358e-05
 -0.00855058  -0.00165411       35.032      1.69726     -0.47723 -7.56553e-05
-0 -0  1
1
   0.699986        -0.3 9.17467e-06
4.20185e-05   0.0011607     210.044           0           0           0
-0 -0  1
4
0
    0.699984     0.100015 -5.36576e-08
 0.000175868  -0.00234433      190.566 -1.26347e-14 -2.25993e-14  1.82297e-15
0 0 1
1
    0.699995    -0.299988 -4.54467e-06
-8.65158e-06  0.000795961      171.307 -3.28098e-15 -2.16732e-14  3.07658e-16
-0 -0  1
4
-1.16295e-05 -9.20368e-06  4.82732e-06
 0.00019216 0.000761979     138.978   0.0585012     13.8978 0.000385483
0 0 1
5
-5.55721e-06    -0.200009  5.16095e-06
-0.000359378  0.000786396      129.446    0.0585541      12.9446  0.000790421
-0 -0  1
